0.499197 -0.47247 0.495683
-0.331284 -0.315586 -0.484289
0.497549 -0.338497 -0.322287
-0.321466 -0.48799 -0.340455
-0.152233 -0.490833 0.492373
0.00283417 -0.328869 -0.487437
-0.162162 -0.333773 -0.320962
0.0236911 0.497077 -0.343546
0.164374 -0.497021 0.492537
0.335273 -0.341853 -0.484035
0.177579 -0.32853 -0.324953
0.344856 0.486113 -0.32582
-0.487771 -0.163586 -0.492575
-0.3349 -0.00558158 0.498076
0.498726 0.00699137 -0.339724
-0.338211 -0.173467 -0.316841
-0.170112 -0.149767 -0.492949
0.0149184 -0.000688345 -0.469723
-0.155955 -0.000230716 -0.317424
0.00333719 -0.162923 -0.313807
0.174199 -0.180081 0.493988
0.341304 -0.000350447 -0.498157
0.176461 0.00473663 -0.330833
0.337669 -0.169445 -0.338938
-0.490958 0.175908 0.483867
-0.337303 0.346841 0.496382
-0.495733 0.340927 -0.31555
-0.341423 0.168198 -0.346634
-0.151777 0.166588 0.490653
-0.00590128 0.337146 0.492199
-0.179568 0.346083 -0.325979
-0.0187575 0.179084 -0.330568
0.161588 0.160968 -0.490838
0.355172 0.350145 -0.484711
0.166082 0.329631 -0.352344
0.346943 0.173674 -0.346917
0.497513 -0.493697 -0.156428
-0.339942 -0.339092 -0.160215
0.499018 -0.323176 -0.0156177
-0.322883 0.498737 0.00613615
-0.162979 0.493146 -0.173407
0.0127968 -0.324385 -0.153582
-0.165272 -0.332453 -0.00899836
0.0132268 -0.496044 -0.00133977
0.166797 0.498594 -0.156739
0.308712 -0.328461 -0.157415
0.153435 -0.329961 0.0169957
0.313318 0.497476 -0.000232284
-0.492538 -0.171967 -0.163896
-0.347103 0.00412218 -0.176565
0.497122 0.00967355 -0.015608
-0.333167 -0.14479 0.00857017
-0.162488 -0.158345 -0.150582
-0.0047965 0.00922522 -0.156681
-0.175724 0.00907691 0.000335878
0.00381809 -0.162851 0.00302156
0.158963 -0.152171 -0.171209
0.338244 -0.00862839 -0.16731
0.170825 -0.0140493 0.0109721
0.328353 -0.160855 0.000509218
-0.499218 0.16057 -0.172899
-0.332723 0.333674 -0.16118
0.499958 0.330525 -0.00299681
-0.328682 0.152806 0.00783845
-0.171285 0.175867 -0.162695
-0.00145012 0.336697 -0.18316
-0.161409 0.352813 0.00432443
-0.0151403 0.155648 0.0133062
0.166609 0.174774 -0.170068
0.32292 0.327859 -0.165113
0.149348 0.324583 -0.011485
0.311595 0.171668 -0.0125443
0.481397 -0.485629 0.159151
-0.345864 -0.34252 0.164265
0.484434 -0.3322 0.33653
-0.317359 -0.49333 0.353378
-0.167701 -0.486428 0.162703
-0.00871256 -0.325766 0.165414
-0.182491 -0.320096 0.33342
-0.0137956 -0.493889 0.329933
0.170837 -0.491668 0.159824
0.3451 -0.312378 0.152734
0.174271 -0.340556 0.334468
0.319664 0.492153 0.324036
-0.49128 -0.165751 0.181571
-0.335042 0.00539749 0.176452
-0.490805 0.0066257 0.337137
-0.336401 -0.162111 0.332123
-0.165821 -0.174961 0.167412
0.00385447 -0.0134177 0.170472
-0.149431 -0.00568602 0.342824
0.00708079 -0.172825 0.342682
0.185748 -0.162575 0.188437
0.343442 0.00696574 0.179124
0.170106 -0.00399789 0.352458
0.336059 -0.179551 0.339616
0.493254 0.176923 0.165201
-0.32317 0.347139 0.178108
0.48813 0.351772 0.332245
-0.317273 0.168513 0.348002
-0.159169 0.146798 0.184191
-0.00439255 0.322665 0.166744
-0.165964 0.34062 0.326789
0.00740097 0.149672 0.32829
0.182906 0.14959 0.170332
0.311052 0.33497 0.16815
0.159408 0.322611 0.336219
0.33241 0.170762 0.354837
