0 0 0
0.064633 0 0
0.129266 0 0
0.193899 0 0
0.258532 0 0
0.323165 0 0
0.387798 0 0
0.452431 0 0
0.517064 0 0
0.581697 0 0
0.64633 0 0
0.710963 0 0
0.775596 0 0
0.84023 0.00094951 4.05215e-05
0.904863 0.148202 0.000500197
0.969496 1.06287 0.0014893
1.03413 2.04206 0.00243188
1.09876 2.26757 0.00254313
1.16339 2.08571 0.00218381
1.22803 1.83327 0.00186537
1.29266 1.61783 0.00156917
1.35729 1.4525 0.00133335
1.42193 1.33306 0.00121497
1.48656 1.25022 0.0010843
1.55119 1.18994 0.000994207
1.61583 1.1435 0.000954856
1.68046 1.11162 0.000878137
1.74509 1.0903 0.000869789
1.80973 1.0752 0.000806423
1.87436 1.06523 0.000768334
1.93899 1.05967 0.000758164
2.00362 1.05759 0.000730305
2.06826 1.05527 0.000692476
2.13289 1.0526 0.000704656
2.19752 1.04745 0.000629999
2.26216 1.0428 0.00064453
2.32679 1.03749 0.000610155
2.39142 1.031 0.000573003
2.45606 1.02589 0.000581595
2.52069 1.02197 0.000544686
2.58532 1.01656 0.00053968
2.64995 1.01377 0.000527983
2.71459 1.01058 0.000486771
2.77922 1.00802 0.00049345
2.84385 1.00513 0.000476086
2.90849 1.003 0.000464095
2.97312 1.00207 0.000465566
3.03775 1.00116 0.000460389
3.10239 0.99872 0.000434632
3.16702 0.99777 0.000416235
3.23165 0.996908 0.000432259
3.29629 0.995692 0.000409567
3.36092 0.994716 0.000407576
3.42555 0.993637 0.000396874
3.49018 0.993717 0.000399518
3.55482 0.99227 0.00036355
3.61945 0.991522 0.000366261
3.68408 0.991417 0.000366858
3.74872 0.991715 0.000358008
3.81335 0.99051 0.000341737
3.87798 0.990178 0.000345771
3.94262 0.989798 0.000344087
4.00725 0.989147 0.000331123
4.07188 0.989333 0.000324806
4.13651 0.988737 0.000321291
4.20115 0.988577 0.000304227
4.26578 0.988767 0.000300072
4.33041 0.988358 0.000300952
4.39505 0.988086 0.000293661
4.45968 0.987276 0.000301729
4.52431 0.987061 0.000302006
4.58895 0.987596 0.000294441
4.65358 0.987084 0.000287162
4.71821 0.987199 0.000281731
4.78285 0.986845 0.000274086
4.84748 0.987185 0.000265281
4.91211 0.987071 0.000250961
4.97674 0.98699 0.00025939
5.04138 0.986416 0.000258737
5.10601 0.986877 0.000258261
5.17064 0.986748 0.000246815
5.23528 0.985876 0.000250371
5.29991 0.98605 0.000240903
5.36454 0.986125 0.000236421
5.42918 0.986213 0.000239601
5.49381 0.985676 0.00023031
5.55844 0.985688 0.000234298
5.62307 0.98585 0.000232173
5.68771 0.986233 0.000225123
5.75234 0.985465 0.000215813
5.81697 0.985854 0.000221364
5.88161 0.985551 0.000220727
5.94624 0.986065 0.000220199
6.01087 0.985831 0.000216963
6.07551 0.985929 0.00021774
6.14014 0.986031 0.000207498
6.20477 0.985935 0.000206812
6.2694 0.985932 0.000198821
6.33404 0.985971 0.000201043
6.39867 0.985742 0.000201562
0 0 0
0.0256496 0 0
0.0512993 0 0
0.0769489 0 0
0.102599 0 0
0.128248 0 0
0.153898 0 0
0.179547 0 0
0.205197 0 0
0.230847 0 0
0.256496 0 0
0.282146 0 0
0.307796 0 0
0.333445 0 0
0.359095 0 0
0.384745 0 0
0.410394 0 0
0.436044 0 0
0.461694 0 0
0.487343 0 0
0.512993 0 0
0.538642 0 0
0.564292 0 0
0.589942 0 0
0.615591 0 0
0.641241 0 0
0.666891 0 0
0.69254 0 0
0.71819 0 0
0.74384 0 0
0.769489 0 0
0.795139 0 0
0.820788 0 0
0.846438 1.34221e-05 2.30474e-06
0.872088 0.00124756 2.33897e-05
0.897737 0.0242666 0.00011525
0.923387 0.165814 0.000356025
0.949037 0.564517 0.000737699
0.974686 1.20131 0.0011204
1.00034 1.86355 0.00125474
1.02599 2.33698 0.00118646
1.05164 2.55183 0.00104319
1.07728 2.54821 0.000931415
1.10293 2.40749 0.00092253
1.12858 2.19926 0.000962356
1.15423 1.97171 0.000931605
1.17988 1.75399 0.000928429
1.20553 1.55866 0.000885384
1.23118 1.38953 0.000824792
1.25683 1.24592 0.000765225
1.28248 1.12512 0.000727199
1.30813 1.02434 0.000667151
1.33378 0.941149 0.000617197
1.35943 0.874287 0.00055544
1.38508 0.818449 0.000523135
1.41073 0.773597 0.000507383
1.43638 0.738017 0.000483106
1.46203 0.710581 0.000465092
1.48768 0.691105 0.000476507
1.51333 0.678194 0.000463779
1.53898 0.670739 0.000465732
1.56463 0.670765 0.000482564
1.59028 0.675423 0.0004645
1.61593 0.686331 0.000465761
1.64158 0.702018 0.000462986
1.66723 0.723195 0.000458129
1.69288 0.748436 0.00046967
1.71853 0.780582 0.000469037
1.74418 0.815358 0.000472865
1.76983 0.853563 0.000498274
1.79547 0.894074 0.00049143
1.82112 0.935804 0.000498362
1.84677 0.976989 0.00049793
1.87242 1.01832 0.000481694
1.89807 1.05842 0.000474483
1.92372 1.0957 0.000461896
1.94937 1.13063 0.000446308
1.97502 1.16102 0.000429542
2.00067 1.18526 0.000426933
2.02632 1.20371 0.000430638
2.05197 1.21334 0.000411234
2.07762 1.2155 0.000434116
2.10327 1.20894 0.000441135
2.12892 1.19523 0.000448167
2.15457 1.17551 0.000455406
2.18022 1.15142 0.000454741
2.20587 1.12376 0.000449809
2.23152 1.09528 0.000434565
2.25717 1.06681 0.000450051
2.28282 1.03862 0.000434482
2.30847 1.01335 0.000404172
2.33412 0.988445 0.000389617
2.35977 0.966322 0.000386244
2.38542 0.947735 0.000379378
2.41107 0.931229 0.000352203
2.43672 0.918167 0.000349538
2.46237 0.908403 0.000347024
2.48802 0.894597 0.000351802
2.51366 0.885389 0.000342668
2.53931 0.88523 0.000361167
0 0 0
0.0230664 0 0
0.0461329 0 0
0.0691993 0 0
0.0922657 0 0
0.115332 0 0
0.138399 0 0
0.161465 0 0
0.184531 0 0
0.207598 0 0
0.230664 0 0
0.253731 0 0
0.276797 0 0
0.299864 0 0
0.32293 0 0
0.345996 0 0
0.369063 0 0
0.392129 0 0
0.415196 0 0
0.438262 0 0
0.461329 0 0
0.484395 0 0
0.507461 0 0
0.530528 0 0
0.553594 0 0
0.576661 0 0
0.599727 0 0
0.622794 0 0
0.64586 0 0
0.668926 0 0
0.691993 0 0
0.715059 0 0
0.738126 0 0
0.761192 0 0
0.784259 0 0
0.807325 0 0
0.830391 0 0
0.853458 0 0
0.876524 7.86481e-05 5.31467e-06
0.899591 0.0034066 3.67439e-05
0.922657 0.0476091 0.000154831
0.945724 0.293819 0.000442362
0.96879 1.00773 0.000930921
0.991856 2.2421 0.00113819
1.01492 3.62701 0.00101244
1.03799 4.61658 0.00112916
1.06106 4.89447 0.00151173
1.08412 4.48919 0.0016707
1.10719 3.65754 0.00131273
1.13026 2.69359 0.000881225
1.15332 1.81677 0.000632857
1.17639 1.13128 0.000574803
1.19945 0.654291 0.000544929
1.22252 0.353867 0.000459571
1.24559 0.180099 0.000357939
1.26865 0.0890794 0.000272349
1.29172 0.0494654 0.000204156
1.31479 0.0424678 0.000187675
1.33785 0.0610766 0.000208373
1.36092 0.106471 0.000254391
1.38399 0.184697 0.000287057
1.40705 0.300963 0.000306998
1.43012 0.4537 0.000295413
1.45319 0.628112 0.000281662
1.47625 0.796086 0.000398628
1.49932 0.920797 0.000533077
1.52238 0.969341 0.000608154
1.54545 0.928338 0.000571341
1.56852 0.808619 0.00042215
1.59158 0.640846 0.000285066
1.61465 0.465824 0.000255729
1.63772 0.317368 0.000295817
1.66078 0.219913 0.000339508
1.68385 0.192857 0.000406762
1.70692 0.255566 0.000478785
1.72998 0.434722 0.000567868
1.75305 0.750048 0.000594699
1.77612 1.19857 0.000511623
1.79918 1.72657 0.000400155
1.82225 2.23567 0.000618343
1.84531 2.59593 0.000938508
1.86838 2.71211 0.00111391
1.89145 2.55551 0.0010395
1.91451 2.17963 0.000728135
1.93758 1.68994 0.00040577
1.96065 1.20119 0.00038201
1.98371 0.802571 0.000506024
2.00678 0.543364 0.00059135
2.02985 0.435309 0.000576236
2.05291 0.462267 0.000500294
2.07598 0.587092 0.000366483
2.09905 0.757936 0.000240426
2.12211 0.916949 0.00029194
2.14518 1.0134 0.000413191
2.16824 1.0212 0.000454775
2.19131 0.919654 0.000359086
2.21438 0.780828 0.000240858
2.23744 0.654434 0.000313026
2.26051 0.572979 0.000480003
2.28358 0.573761 0.000582629
