1 0.0493518 0.0493518 0
2 0.0488233 0.0490876 0.000264239
3 0.0493967 0.0491906 0.000184102
4 0.0492563 0.049207 0.000131212
5 0.0487846 0.0491226 0.000132165
6 0.0494918 0.0491841 0.00012423
7 0.0493017 0.0492009 0.000106328
8 0.048868 0.0491593 0.000101051
9 0.0491958 0.0491633 8.92106e-05
10 0.0499463 0.0492416 0.000111787
11 0.0484186 0.0491668 0.000125786
12 0.0489976 0.0491527 0.000115688
13 0.0481762 0.0490776 0.000130258
14 0.0497972 0.049129 0.000131094
15 0.0489834 0.0491193 0.000122427
16 0.04875 0.0490962 0.000116823
17 0.049648 0.0491287 0.000114436
18 0.0478527 0.0490578 0.000129095
19 0.0484059 0.0490235 0.00012684
20 0.048215 0.0489831 0.000126939
21 0.0478985 0.0489314 0.000131324
22 0.0488229 0.0489265 0.00012531
23 0.0496546 0.0489581 0.000123852
24 0.0492289 0.0489694 0.000119115
25 0.0490602 0.0489731 0.000114309
26 0.0489213 0.0489711 0.000109843
27 0.0495184 0.0489913 0.000107622
28 0.0486066 0.0489776 0.000104614
29 0.0493919 0.0489919 0.000101948
30 0.0496528 0.0490139 0.000100925
31 0.0493637 0.0490252 9.8265e-05
32 0.0496594 0.049045 9.71869e-05
33 0.0482954 0.0490223 9.68962e-05
34 0.0497176 0.0490427 9.62015e-05
35 0.0496989 0.0490615 9.52749e-05
36 0.0485919 0.0490484 9.3505e-05
37 0.0484643 0.0490327 9.23029e-05
38 0.0491076 0.0490346 8.98627e-05
39 0.0489989 0.0490337 8.7533e-05
40 0.0490703 0.0490346 8.53215e-05
41 0.049356 0.0490425 8.35829e-05
42 0.0490504 0.0490427 8.15688e-05
43 0.0479626 0.0490175 8.35161e-05
44 0.048767 0.0490118 8.17944e-05
45 0.04832 0.0489965 8.14206e-05
46 0.0496515 0.0490107 8.08941e-05
47 0.0495777 0.0490228 8.00683e-05
48 0.0486315 0.0490146 7.88052e-05
49 0.0482524 0.0489991 7.87323e-05
50 0.0482362 0.0489838 7.86357e-05
51 0.0489734 0.0489836 7.70787e-05
52 0.0486245 0.0489767 7.58968e-05
53 0.0492167 0.0489812 7.45885e-05
54 0.0488551 0.0489789 7.32315e-05
55 0.0491134 0.0489813 7.19293e-05
56 0.0493466 0.0489879 7.09338e-05
57 0.048631 0.0489816 6.99588e-05
58 0.0494757 0.0489901 6.92678e-05
59 0.0487749 0.0489865 6.81814e-05
60 0.0486044 0.0489801 6.73372e-05
61 0.0484274 0.048971 6.68411e-05
62 0.0491795 0.0489744 6.58401e-05
63 0.0482928 0.0489636 6.56836e-05
64 0.0487118 0.0489597 6.47688e-05
65 0.0492751 0.0489645 6.39489e-05
66 0.049928 0.0489791 6.46427e-05
67 0.0492235 0.0489828 6.3775e-05
68 0.049554 0.0489912 6.33893e-05
69 0.0488456 0.048989 6.24995e-05
70 0.0497417 0.0489998 6.25315e-05
71 0.048664 0.0489951 6.18257e-05
72 0.0481219 0.0489829 6.21556e-05
73 0.0494719 0.0489896 6.16631e-05
74 0.0489245 0.0489888 6.08305e-05
75 0.0485642 0.0489831 6.02803e-05
76 0.0496749 0.0489922 6.01743e-05
77 0.0499531 0.0490047 6.06846e-05
78 0.0489902 0.0490045 5.99018e-05
79 0.048984 0.0490042 5.91393e-05
80 0.0496884 0.0490128 5.90182e-05
81 0.0486221 0.049008 5.84843e-05
82 0.0485825 0.0490028 5.79992e-05
83 0.0492145 0.0490053 5.73529e-05
84 0.04919 0.0490075 5.67086e-05
85 0.0489803 0.0490072 5.60384e-05
86 0.0490922 0.0490082 5.53918e-05
87 0.0488605 0.0490065 5.47777e-05
88 0.0483802 0.0489994 5.46173e-05
89 0.0498715 0.0490092 5.48821e-05
90 0.0485981 0.0490046 5.44607e-05
91 0.0488966 0.0490034 5.3872e-05
92 0.048983 0.0490032 5.32837e-05
93 0.0495675 0.0490093 5.30557e-05
94 0.0487569 0.0490066 5.25569e-05
95 0.0491372 0.049008 5.20189e-05
96 0.0483891 0.0490015 5.18762e-05
97 0.0488083 0.0489995 5.13772e-05
98 0.0490965 0.0490005 5.08599e-05
99 0.049065 0.0490012 5.03478e-05
100 0.0488534 0.0489997 4.98636e-05
101 0.0485683 0.0489954 4.95519e-05
102 0.0488084 0.0489936 4.90979e-05
103 0.0487273 0.048991 4.86876e-05
104 0.0481407 0.0489828 4.89054e-05
105 0.0484338 0.0489776 4.87188e-05
106 0.0498103 0.0489854 4.88923e-05
107 0.0485913 0.0489818 4.85731e-05
108 0.0489047 0.048981 4.81265e-05
109 0.0493347 0.0489843 4.77932e-05
110 0.0491849 0.0489861 4.73918e-05
111 0.0487293 0.0489838 4.70199e-05
112 0.0487839 0.048982 4.66323e-05
113 0.0492573 0.0489845 4.6282e-05
114 0.0496464 0.0489903 4.62402e-05
115 0.0491189 0.0489914 4.585e-05
116 0.0487881 0.0489896 4.54868e-05
117 0.049079 0.0489904 4.51029e-05
118 0.0486063 0.0489871 4.48373e-05
119 0.0489215 0.0489866 4.44624e-05
120 0.0486267 0.0489836 4.41921e-05
121 0.0483912 0.0489787 4.4098e-05
122 0.0486975 0.0489764 4.37957e-05
123 0.0494239 0.04898 4.35904e-05
124 0.0489896 0.0489801 4.32375e-05
125 0.0496963 0.0489858 4.32711e-05
126 0.0494412 0.0489894 4.30782e-05
127 0.0485537 0.048986 4.28752e-05
128 0.0487374 0.0489841 4.25832e-05
129 0.0494051 0.0489873 4.23777e-05
130 0.0496349 0.0489923 4.23445e-05
131 0.0495639 0.0489967 4.22459e-05
132 0.0491187 0.0489976 4.19348e-05
133 0.0490225 0.0489978 4.16187e-05
134 0.0482853 0.0489925 4.16477e-05
135 0.0491662 0.0489938 4.13581e-05
136 0.0491336 0.0489948 4.10657e-05
137 0.0494864 0.0489984 4.09225e-05
138 0.0493805 0.0490011 4.07192e-05
139 0.0489266 0.0490006 4.04287e-05
140 0.048697 0.0489984 4.01974e-05
141 0.0488446 0.0489973 3.99262e-05
142 0.0486211 0.0489947 3.97325e-05
143 0.0494915 0.0489982 3.96063e-05
144 0.049373 0.0490008 3.94164e-05
145 0.0493471 0.0490032 3.92164e-05
146 0.0482378 0.0489979 3.92981e-05
147 0.0487689 0.0489964 3.90609e-05
148 0.0492485 0.0489981 3.88335e-05
149 0.0496387 0.0490024 3.88109e-05
150 0.0485931 0.0489996 3.86477e-05
151 0.0495535 0.0490033 3.85658e-05
152 0.0482249 0.0489982 3.86519e-05
153 0.048897 0.0489975 3.84041e-05
154 0.0482611 0.0489927 3.84524e-05
155 0.048867 0.0489919 3.82122e-05
156 0.0493291 0.0489941 3.80279e-05
157 0.0488877 0.0489934 3.7791e-05
158 0.0499262 0.0489993 3.80123e-05
159 0.0496114 0.0490032 3.79681e-05
160 0.048616 0.0490007 3.78076e-05
161 0.049086 0.0490013 3.75758e-05
162 0.0486097 0.0489989 3.74212e-05
163 0.04928 0.0490006 3.72309e-05
164 0.0499338 0.0490063 3.74382e-05
165 0.0498627 0.0490115 3.75709e-05
166 0.0489476 0.0490111 3.73458e-05
167 0.0493691 0.0490132 3.71834e-05
168 0.049255 0.0490147 3.69894e-05
169 0.0490434 0.0490148 3.67703e-05
170 0.0486819 0.0490129 3.66058e-05
171 0.0499503 0.0490184 3.68017e-05
172 0.048874 0.0490175 3.65967e-05
173 0.0488755 0.0490167 3.63938e-05
174 0.0489422 0.0490163 3.61866e-05
175 0.049084 0.0490167 3.59813e-05
176 0.0485727 0.0490141 3.58651e-05
177 0.0489787 0.0490139 3.56624e-05
178 0.0490842 0.0490143 3.54637e-05
179 0.0487517 0.0490129 3.52955e-05
180 0.0482118 0.0490084 3.53799e-05
181 0.0492343 0.0490097 3.5206e-05
182 0.049172 0.0490106 3.50234e-05
183 0.04887 0.0490098 3.484e-05
184 0.0486231 0.0490077 3.47138e-05
185 0.0496125 0.049011 3.46801e-05
186 0.0495307 0.0490137 3.46061e-05
187 0.0495772 0.0490168 3.45522e-05
188 0.0494306 0.049019 3.44383e-05
189 0.049444 0.0490212 3.43293e-05
190 0.0479795 0.0490157 3.45855e-05
191 0.0492807 0.0490171 3.44319e-05
192 0.0498194 0.0490213 3.4506e-05
193 0.0482032 0.0490171 3.45875e-05
194 0.0485767 0.0490148 3.44836e-05
195 0.0490219 0.0490148 3.43063e-05
196 0.049091 0.0490152 3.4133e-05
197 0.0485144 0.0490127 3.40543e-05
198 0.049192 0.0490136 3.3894e-05
199 0.0480522 0.0490087 3.40675e-05
200 0.0488911 0.0490082 3.39019e-05
201 0.0496728 0.0490115 3.38945e-05
202 0.0495865 0.0490143 3.38462e-05
203 0.049276 0.0490156 3.37037e-05
204 0.0487759 0.0490144 3.35586e-05
205 0.0489447 0.0490141 3.33963e-05
206 0.0496104 0.049017 3.33596e-05
207 0.0494016 0.0490188 3.325e-05
208 0.0491823 0.0490196 3.30991e-05
209 0.0487846 0.0490185 3.29595e-05
210 0.0491743 0.0490192 3.28106e-05
211 0.0491558 0.0490199 3.26611e-05
212 0.0486896 0.0490183 3.2544e-05
213 0.0480791 0.0490139 3.26896e-05
214 0.0479127 0.0490088 3.29409e-05
215 0.0494044 0.0490106 3.2839e-05
216 0.0490039 0.0490106 3.26866e-05
217 0.0493773 0.0490123 3.25795e-05
218 0.0487924 0.0490113 3.24454e-05
219 0.0493318 0.0490127 3.233e-05
220 0.0493169 0.0490141 3.22124e-05
221 0.0487347 0.0490128 3.20912e-05
222 0.0496714 0.0490158 3.20838e-05
223 0.048716 0.0490145 3.19679e-05
224 0.0487624 0.0490133 3.18448e-05
225 0.0487429 0.0490121 3.17257e-05
226 0.0490902 0.0490125 3.15869e-05
227 0.0490796 0.0490128 3.14488e-05
228 0.0488933 0.0490123 3.1315e-05
229 0.0491124 0.0490127 3.1181e-05
230 0.0489329 0.0490123 3.10471e-05
231 0.0496452 0.0490151 3.10335e-05
232 0.0482578 0.0490118 3.10714e-05
233 0.0488433 0.0490111 3.09462e-05
234 0.0489241 0.0490107 3.08159e-05
235 0.0486266 0.0490091 3.0728e-05
236 0.0489814 0.049009 3.05978e-05
237 0.0483249 0.0490061 3.06048e-05
238 0.049507 0.0490082 3.05485e-05
239 0.0490755 0.0490085 3.04218e-05
240 0.0495187 0.0490106 3.03692e-05
241 0.0489585 0.0490104 3.02437e-05
242 0.0491044 0.0490108 3.0121e-05
243 0.0490457 0.0490109 2.99971e-05
244 0.0480997 0.0490072 3.01065e-05
245 0.0496989 0.04901 3.0116e-05
246 0.0494297 0.0490117 3.00418e-05
247 0.0492171 0.0490125 2.99314e-05
248 0.0496611 0.0490152 2.9925e-05
249 0.0495866 0.0490175 2.98928e-05
250 0.0487585 0.0490164 2.9791e-05
251 0.0484948 0.0490143 2.97448e-05
252 0.0492384 0.0490152 2.96398e-05
253 0.0486484 0.0490138 2.9558e-05
254 0.0488857 0.0490133 2.94457e-05
255 0.049453 0.049015 2.93807e-05
256 0.0490276 0.049015 2.92657e-05
257 0.0487828 0.0490141 2.91656e-05
258 0.050087 0.0490183 2.93485e-05
259 0.049341 0.0490195 2.92615e-05
260 0.0492884 0.0490206 2.9167e-05
261 0.0489862 0.0490204 2.90554e-05
262 0.0489716 0.0490203 2.89449e-05
263 0.0483099 0.0490176 2.89608e-05
264 0.049351 0.0490188 2.88786e-05
265 0.0487557 0.0490178 2.87865e-05
266 0.048241 0.0490149 2.88264e-05
267 0.0493019 0.049016 2.87383e-05
268 0.0491721 0.0490166 2.86368e-05
269 0.0484583 0.0490145 2.86056e-05
270 0.0490598 0.0490147 2.84999e-05
271 0.0496232 0.0490169 2.84832e-05
272 0.0480365 0.0490133 2.86063e-05
273 0.0490634 0.0490135 2.85019e-05
274 0.0504986 0.0490189 2.89103e-05
275 0.0491545 0.0490194 2.88092e-05
276 0.0490013 0.0490193 2.87047e-05
277 0.0493994 0.0490207 2.86338e-05
278 0.0486634 0.0490194 2.85595e-05
279 0.0491919 0.04902 2.84637e-05
280 0.0495967 0.0490221 2.84365e-05
281 0.0491678 0.0490226 2.83399e-05
282 0.0490872 0.0490228 2.82402e-05
283 0.0487653 0.0490219 2.81549e-05
284 0.0484139 0.0490198 2.81372e-05
285 0.0487428 0.0490188 2.80551e-05
286 0.0487599 0.0490179 2.79715e-05
287 0.0493879 0.0490192 2.79037e-05
288 0.0491974 0.0490198 2.78135e-05
289 0.049013 0.0490198 2.77171e-05
290 0.0500561 0.0490234 2.78515e-05
291 0.0491478 0.0490238 2.7759e-05
292 0.0487203 0.0490228 2.76833e-05
293 0.0488231 0.0490221 2.7597e-05
294 0.0481648 0.0490192 2.76571e-05
295 0.0488518 0.0490186 2.75691e-05
296 0.0492972 0.0490195 2.74919e-05
297 0.0489273 0.0490192 2.74009e-05
298 0.0497551 0.0490217 2.74202e-05
299 0.0486303 0.0490204 2.73597e-05
300 0.0485155 0.0490187 2.73202e-05
301 0.0490539 0.0490188 2.72296e-05
302 0.0493148 0.0490198 2.71569e-05
303 0.04888 0.0490193 2.70711e-05
304 0.0489259 0.049019 2.69836e-05
305 0.0493004 0.04902 2.69108e-05
306 0.0495022 0.0490215 2.6869e-05
307 0.0497984 0.0490241 2.69006e-05
308 0.0502974 0.0490282 2.713e-05
309 0.0483346 0.049026 2.71351e-05
310 0.0492166 0.0490266 2.70544e-05
311 0.04898 0.0490264 2.69677e-05
312 0.048906 0.049026 2.68839e-05
313 0.0480162 0.0490228 2.69914e-05
314 0.0487422 0.0490219 2.69201e-05
315 0.0494554 0.0490233 2.68698e-05
316 0.0497624 0.0490256 2.68865e-05
317 0.0483423 0.0490235 2.68881e-05
318 0.049422 0.0490247 2.68327e-05
319 0.0493039 0.0490256 2.67628e-05
320 0.0495755 0.0490273 2.67343e-05
321 0.0485491 0.0490258 2.66925e-05
322 0.0481764 0.0490232 2.67399e-05
323 0.0488104 0.0490225 2.66651e-05
324 0.0485371 0.049021 2.66249e-05
325 0.0485643 0.0490196 2.658e-05
326 0.0495349 0.0490212 2.65455e-05
327 0.0485033 0.0490196 2.65115e-05
328 0.0490523 0.0490197 2.64308e-05
329 0.0493001 0.0490206 2.63641e-05
330 0.0490289 0.0490206 2.62841e-05
331 0.04864 0.0490195 2.62298e-05
332 0.0498914 0.0490221 2.62822e-05
333 0.047972 0.0490189 2.63922e-05
334 0.0482737 0.0490167 2.64075e-05
335 0.0479905 0.0490136 2.65062e-05
336 0.0493686 0.0490147 2.64483e-05
337 0.0486154 0.0490135 2.63963e-05
338 0.0481919 0.0490111 2.64301e-05
339 0.0484744 0.0490095 2.63995e-05
340 0.0480463 0.0490067 2.64737e-05
341 0.0478921 0.0490034 2.65976e-05
342 0.0490605 0.0490036 2.65202e-05
343 0.0486523 0.0490025 2.64626e-05
344 0.0495147 0.049004 2.64276e-05
345 0.0483886 0.0490022 2.64111e-05
346 0.0497123 0.0490043 2.64145e-05
347 0.0482695 0.0490022 2.64233e-05
348 0.049163 0.0490026 2.63513e-05
349 0.0496832 0.0490046 2.63479e-05
350 0.0488024 0.049004 2.62789e-05
351 0.0490915 0.0490043 2.62051e-05
352 0.0487313 0.0490035 2.61421e-05
353 0.0494636 0.0490048 2.61005e-05
354 0.0486653 0.0490038 2.60443e-05
355 0.0492674 0.0490046 2.59814e-05
356 0.0485552 0.0490033 2.59391e-05
357 0.0482667 0.0490012 2.59485e-05
358 0.0492076 0.0490018 2.58823e-05
359 0.049759 0.0490039 2.58962e-05
360 0.0494702 0.0490052 2.58566e-05
361 0.0492144 0.0490058 2.57914e-05
362 0.0491913 0.0490063 2.57251e-05
363 0.0490138 0.0490063 2.56542e-05
364 0.0475253 0.0490023 2.59051e-05
365 0.0491064 0.0490025 2.58356e-05
366 0.0494609 0.0490038 2.57954e-05
367 0.048204 0.0490016 2.58171e-05
368 0.0492889 0.0490024 2.57587e-05
369 0.0485637 0.0490012 2.57163e-05
370 0.0488786 0.0490009 2.56489e-05
371 0.0488838 0.0490006 2.55816e-05
372 0.0494755 0.0490018 2.55446e-05
373 0.0484562 0.0490004 2.5518e-05
374 0.0495024 0.0490017 2.54851e-05
375 0.0490995 0.049002 2.54184e-05
376 0.0484769 0.0490006 2.53891e-05
377 0.0492113 0.0490011 2.53278e-05
378 0.0489034 0.0490009 2.52621e-05
379 0.0489933 0.0490009 2.51953e-05
380 0.0496273 0.0490025 2.5183e-05
381 0.0493931 0.0490035 2.51377e-05
382 0.0496391 0.0490052 2.51269e-05
383 0.0485017 0.0490039 2.50957e-05
384 0.0484816 0.0490025 2.50672e-05
385 0.0490822 0.0490027 2.50029e-05
386 0.049466 0.0490039 2.49669e-05
387 0.0494827 0.0490052 2.4933e-05
388 0.0491683 0.0490056 2.48722e-05
389 0.0490925 0.0490058 2.48092e-05
390 0.0493639 0.0490067 2.47625e-05
391 0.0499435 0.0490091 2.4815e-05
392 0.0482196 0.0490071 2.48335e-05
393 0.0479404 0.0490044 2.49185e-05
394 0.048948 0.0490043 2.48556e-05
395 0.0489915 0.0490042 2.47926e-05
396 0.0490695 0.0490044 2.47304e-05
397 0.0485446 0.0490032 2.46952e-05
398 0.0491969 0.0490037 2.46379e-05
399 0.0482647 0.0490019 2.46458e-05
400 0.0489046 0.0490016 2.45853e-05
401 0.0485931 0.0490006 2.45451e-05
402 0.0492049 0.0490011 2.44892e-05
403 0.048563 0.049 2.44525e-05
404 0.0485602 0.0489989 2.44162e-05
405 0.0488763 0.0489986 2.43577e-05
406 0.0489766 0.0489986 2.42977e-05
407 0.0488424 0.0489982 2.4241e-05
408 0.0488021 0.0489977 2.41863e-05
409 0.0494472 0.0489988 2.41521e-05
410 0.0495706 0.0490002 2.41335e-05
411 0.0495891 0.0490016 2.41173e-05
412 0.049403 0.0490026 2.40784e-05
413 0.0495194 0.0490039 2.40526e-05
414 0.0484689 0.0490026 2.40292e-05
415 0.049149 0.0490029 2.39738e-05
416 0.0493728 0.0490038 2.39326e-05
417 0.0490094 0.0490038 2.38752e-05
418 0.0493189 0.0490046 2.38299e-05
419 0.0487421 0.049004 2.37812e-05
420 0.0489882 0.0490039 2.37246e-05
421 0.0494678 0.049005 2.36938e-05
422 0.0490231 0.0490051 2.36376e-05
423 0.0487585 0.0490045 2.35889e-05
424 0.0499235 0.0490067 2.36328e-05
425 0.049259 0.0490072 2.35846e-05
426 0.0486918 0.0490065 2.35408e-05
427 0.0486717 0.0490057 2.34987e-05
428 0.0491211 0.049006 2.34453e-05
429 0.0494611 0.0490071 2.34146e-05
430 0.0486048 0.0490061 2.33788e-05
431 0.0497404 0.0490078 2.33866e-05
432 0.0492931 0.0490085 2.33418e-05
433 0.048473 0.0490072 2.33206e-05
434 0.0491584 0.0490076 2.32694e-05
435 0.0489581 0.0490075 2.32162e-05
436 0.049557 0.0490087 2.31971e-05
437 0.0490146 0.0490088 2.3144e-05
438 0.0488756 0.0490084 2.30931e-05
439 0.0502239 0.0490112 2.32062e-05
440 0.0483218 0.0490096 2.32063e-05
441 0.0482275 0.0490079 2.32214e-05
442 0.0496958 0.0490094 2.32211e-05
443 0.0478462 0.0490068 2.33169e-05
444 0.0487271 0.0490062 2.32729e-05
445 0.0490078 0.0490062 2.32205e-05
446 0.0493579 0.049007 2.31818e-05
447 0.0476884 0.049004 2.33172e-05
448 0.0499684 0.0490062 2.33645e-05
449 0.0496694 0.0490076 2.33591e-05
450 0.0478865 0.0490052 2.34399e-05
451 0.0490111 0.0490052 2.33879e-05
452 0.0494291 0.0490061 2.3355e-05
453 0.0487795 0.0490056 2.33087e-05
454 0.0489766 0.0490055 2.32574e-05
455 0.049123 0.0490058 2.32077e-05
456 0.0493708 0.0490066 2.31706e-05
457 0.049457 0.0490076 2.31408e-05
458 0.048558 0.0490066 2.31111e-05
459 0.0485327 0.0490056 2.30838e-05
460 0.0493503 0.0490063 2.30457e-05
461 0.0490991 0.0490065 2.29966e-05
462 0.0475368 0.0490033 2.31662e-05
463 0.0489135 0.0490032 2.31169e-05
464 0.0488755 0.0490029 2.30687e-05
465 0.0502778 0.0490056 2.31817e-05
466 0.0483519 0.0490042 2.31744e-05
467 0.0496258 0.0490055 2.3163e-05
468 0.0482019 0.0490038 2.31772e-05
469 0.049155 0.0490042 2.313e-05
470 0.0497683 0.0490058 2.31379e-05
471 0.0489138 0.0490056 2.30895e-05
472 0.0490768 0.0490057 2.30411e-05
473 0.049338 0.0490064 2.3003e-05
474 0.0488837 0.0490062 2.29559e-05
475 0.0482288 0.0490045 2.29659e-05
476 0.0495829 0.0490058 2.29498e-05
477 0.0480523 0.0490038 2.29887e-05
478 0.0504344 0.0490067 2.3135e-05
479 0.0498466 0.0490085 2.31531e-05
480 0.0497897 0.0490101 2.31621e-05
481 0.049125 0.0490104 2.31151e-05
482 0.0488751 0.0490101 2.30688e-05
483 0.0495464 0.0490112 2.30478e-05
484 0.0489326 0.049011 2.30007e-05
485 0.0489326 0.0490109 2.29538e-05
486 0.0483089 0.0490094 2.2952e-05
487 0.0491075 0.0490096 2.29057e-05
488 0.0501512 0.049012 2.29781e-05
489 0.0482722 0.0490105 2.29809e-05
490 0.0499917 0.0490125 2.30212e-05
491 0.0482399 0.0490109 2.30281e-05
492 0.0490711 0.049011 2.29816e-05
493 0.0482995 0.0490096 2.29802e-05
494 0.048646 0.0490088 2.29455e-05
495 0.0478958 0.0490066 2.30092e-05
496 0.0480569 0.0490047 2.30425e-05
497 0.0488194 0.0490043 2.29991e-05
498 0.0484115 0.0490031 2.29837e-05
499 0.0482579 0.0490016 2.29862e-05
500 0.0494681 0.0490025 2.29591e-05
501 0.0489845 0.0490025 2.29133e-05
502 0.050261 0.049005 2.30046e-05
503 0.0484646 0.0490039 2.29839e-05
504 0.0490709 0.0490041 2.29387e-05
505 0.0493237 0.0490047 2.29019e-05
506 0.0492887 0.0490053 2.28635e-05
507 0.0491977 0.0490056 2.28215e-05
508 0.0497878 0.0490072 2.28286e-05
509 0.0489191 0.049007 2.27843e-05
510 0.0483845 0.0490058 2.27723e-05
511 0.0482877 0.0490044 2.27711e-05
512 0.0484613 0.0490033 2.27514e-05
513 0.0487126 0.0490028 2.2714e-05
514 0.0486434 0.0490021 2.26806e-05
515 0.0486655 0.0490014 2.26459e-05
516 0.0490285 0.0490015 2.26021e-05
517 0.0484388 0.0490004 2.25845e-05
518 0.0492792 0.0490009 2.25473e-05
519 0.0484202 0.0489998 2.25316e-05
520 0.0487553 0.0489993 2.24932e-05
521 0.0489944 0.0489993 2.245e-05
522 0.0493495 0.049 2.2417e-05
523 0.0484751 0.048999 2.23966e-05
524 0.0481844 0.0489974 2.24078e-05
525 0.0483151 0.0489961 2.24028e-05
526 0.0490455 0.0489962 2.23603e-05
527 0.0498443 0.0489978 2.23758e-05
528 0.0487793 0.0489974 2.23372e-05
529 0.0489622 0.0489973 2.22951e-05
530 0.0489197 0.0489972 2.22534e-05
531 0.0497223 0.0489986 2.22534e-05
532 0.0491895 0.0489989 2.22145e-05
533 0.0485514 0.0489981 2.21886e-05
534 0.0495696 0.0489992 2.21729e-05
535 0.049838 0.0490007 2.21869e-05
536 0.048362 0.0489995 2.21775e-05
537 0.0491492 0.0489998 2.21379e-05
538 0.0496546 0.049001 2.21302e-05
539 0.0482071 0.0489996 2.21382e-05
540 0.0498002 0.049001 2.21468e-05
541 0.0481302 0.0489994 2.21644e-05
542 0.0487275 0.0489989 2.21291e-05
543 0.0488759 0.0489987 2.20895e-05
544 0.049311 0.0489993 2.20563e-05
545 0.0493867 0.049 2.20273e-05
546 0.0485615 0.0489992 2.20016e-05
547 0.04835 0.048998 2.19934e-05
548 0.0491906 0.0489983 2.1956e-05
549 0.0491676 0.0489987 2.19181e-05
550 0.0484341 0.0489976 2.19023e-05
551 0.0488056 0.0489973 2.18653e-05
552 0.0489447 0.0489972 2.18259e-05
553 0.0499112 0.0489988 2.1849e-05
554 0.0491361 0.0489991 2.18109e-05
555 0.0486113 0.0489984 2.17828e-05
556 0.0490875 0.0489985 2.17442e-05
557 0.0481458 0.048997 2.1759e-05
558 0.0488988 0.0489968 2.17207e-05
559 0.0486432 0.0489962 2.1691e-05
560 0.049107 0.0489964 2.16532e-05
561 0.0487906 0.048996 2.16177e-05
562 0.049536 0.048997 2.16005e-05
563 0.0493682 0.0489977 2.15722e-05
564 0.0481588 0.0489962 2.15852e-05
565 0.0481842 0.0489947 2.15949e-05
566 0.0493225 0.0489953 2.15645e-05
567 0.0477725 0.0489932 2.16342e-05
568 0.049338 0.0489938 2.16046e-05
569 0.0493121 0.0489943 2.15738e-05
570 0.0497795 0.0489957 2.158e-05
571 0.0487981 0.0489954 2.15449e-05
572 0.0496257 0.0489965 2.15354e-05
573 0.0485839 0.0489957 2.15099e-05
574 0.0487197 0.0489953 2.14777e-05
575 0.0492456 0.0489957 2.14448e-05
576 0.0488063 0.0489954 2.141e-05
577 0.0499465 0.048997 2.14364e-05
578 0.048844 0.0489967 2.14009e-05
579 0.0490864 0.0489969 2.13644e-05
580 0.0492291 0.0489973 2.13313e-05
581 0.049258 0.0489977 2.12993e-05
582 0.049692 0.0489989 2.12961e-05
583 0.0495192 0.0489998 2.12783e-05
584 0.049822 0.0490012 2.12884e-05
585 0.0486942 0.0490007 2.12585e-05
586 0.048893 0.0490005 2.1223e-05
587 0.0490949 0.0490007 2.11874e-05
588 0.0483651 0.0489996 2.11789e-05
589 0.0483852 0.0489986 2.11687e-05
590 0.0492817 0.048999 2.11382e-05
591 0.0492921 0.0489995 2.11082e-05
592 0.0486052 0.0489989 2.10831e-05
593 0.0493852 0.0489995 2.10576e-05
594 0.0486014 0.0489989 2.10328e-05
595 0.0490296 0.0489989 2.09974e-05
596 0.049208 0.0489993 2.09651e-05
597 0.0486934 0.0489988 2.09362e-05
598 0.0494972 0.0489996 2.09178e-05
599 0.0493358 0.0490001 2.08904e-05
600 0.0488158 0.0489998 2.08578e-05
601 0.0493488 0.0490004 2.08312e-05
602 0.0494771 0.0490012 2.08116e-05
603 0.0498925 0.0490027 2.08296e-05
604 0.0493792 0.0490033 2.08044e-05
605 0.0491076 0.0490035 2.07707e-05
606 0.0494786 0.0490043 2.07512e-05
607 0.0499166 0.0490058 2.07715e-05
608 0.0484315 0.0490048 2.07588e-05
609 0.0493746 0.0490054 2.07335e-05
610 0.049732 0.0490066 2.07338e-05
611 0.0483722 0.0490056 2.07258e-05
612 0.0487355 0.0490051 2.06966e-05
613 0.0489198 0.049005 2.06633e-05
614 0.0491049 0.0490052 2.06303e-05
615 0.0493377 0.0490057 2.06038e-05
616 0.0491628 0.049006 2.05719e-05
617 0.0486223 0.0490053 2.0548e-05
618 0.0486448 0.0490048 2.0523e-05
619 0.0488805 0.0490046 2.04908e-05
620 0.0491388 0.0490048 2.04588e-05
621 0.049585 0.0490057 2.04472e-05
622 0.0492996 0.0490062 2.04198e-05
623 0.0494627 0.0490069 2.04002e-05
624 0.0488784 0.0490067 2.03685e-05
625 0.0490578 0.0490068 2.0336e-05
626 0.0485832 0.0490061 2.03148e-05
627 0.050012 0.0490077 2.03457e-05
628 0.0493049 0.0490082 2.03188e-05
629 0.0485718 0.0490075 2.02983e-05
630 0.0495976 0.0490084 2.02877e-05
631 0.049796 0.0490097 2.0294e-05
632 0.049659 0.0490107 2.02878e-05
633 0.0483432 0.0490097 2.02832e-05
634 0.0490259 0.0490097 2.02512e-05
635 0.0489953 0.0490097 2.02193e-05
636 0.0486189 0.049009 2.01968e-05
637 0.0489352 0.0490089 2.01654e-05
638 0.0480983 0.0490075 2.01843e-05
639 0.0497193 0.0490086 2.01835e-05
640 0.0476116 0.0490064 2.02698e-05
641 0.049332 0.0490069 2.02445e-05
642 0.0492639 0.0490073 2.02169e-05
643 0.049465 0.0490081 2.0198e-05
644 0.0484565 0.0490072 2.01848e-05
645 0.0489807 0.0490072 2.01535e-05
646 0.0489449 0.0490071 2.01225e-05
647 0.0492588 0.0490074 2.00952e-05
648 0.0492376 0.0490078 2.00673e-05
649 0.049755 0.049009 2.00694e-05
650 0.0488899 0.0490088 2.00393e-05
651 0.0485652 0.0490081 2.00201e-05
652 0.0491699 0.0490083 1.99909e-05
653 0.0497357 0.0490095 1.99913e-05
654 0.0492124 0.0490098 1.99632e-05
655 0.0478828 0.049008 2.00068e-05
656 0.0489937 0.049008 1.99763e-05
657 0.0490096 0.049008 1.99458e-05
658 0.0488454 0.0490078 1.9917e-05
659 0.0486939 0.0490073 1.98925e-05
660 0.0483377 0.0490063 1.98882e-05
661 0.0492043 0.0490066 1.98604e-05
662 0.0488972 0.0490064 1.9831e-05
663 0.0491242 0.0490066 1.98019e-05
664 0.0490949 0.0490067 1.97725e-05
665 0.0482721 0.0490056 1.97736e-05
666 0.0497146 0.0490067 1.97726e-05
667 0.0488881 0.0490065 1.97437e-05
668 0.048614 0.0490059 1.97229e-05
669 0.0490894 0.049006 1.96938e-05
670 0.0493306 0.0490065 1.96704e-05
671 0.0494321 0.0490072 1.96513e-05
672 0.0493911 0.0490077 1.96303e-05
673 0.0488442 0.0490075 1.96026e-05
674 0.0489678 0.0490074 1.95736e-05
675 0.049463 0.0490081 1.95562e-05
676 0.0496496 0.0490091 1.95503e-05
677 0.0489887 0.049009 1.95215e-05
678 0.0495887 0.0490099 1.95114e-05
679 0.0492721 0.0490103 1.94865e-05
680 0.0487501 0.0490099 1.94615e-05
681 0.0494443 0.0490105 1.94434e-05
682 0.0488121 0.0490102 1.94171e-05
683 0.0499862 0.0490117 1.94412e-05
684 0.0487601 0.0490113 1.94162e-05
685 0.0482623 0.0490102 1.94187e-05
686 0.0491607 0.0490104 1.93916e-05
687 0.0490694 0.0490105 1.93635e-05
688 0.0493863 0.0490111 1.93431e-05
689 0.0491941 0.0490113 1.93168e-05
690 0.0484203 0.0490105 1.93078e-05
691 0.0496653 0.0490114 1.93031e-05
692 0.0489639 0.0490113 1.92753e-05
693 0.0487944 0.049011 1.925e-05
694 0.0492327 0.0490113 1.92249e-05
695 0.0496057 0.0490122 1.92163e-05
696 0.0498341 0.0490134 1.9225e-05
697 0.0496431 0.0490143 1.92186e-05
698 0.0498385 0.0490155 1.92273e-05
699 0.0502107 0.0490172 1.92758e-05
700 0.0489055 0.049017 1.92489e-05
701 0.048867 0.0490168 1.92226e-05
702 0.0484839 0.049016 1.92102e-05
703 0.0497934 0.0490172 1.92147e-05
704 0.0491069 0.0490173 1.91878e-05
705 0.0483598 0.0490163 1.91833e-05
706 0.0490593 0.0490164 1.91562e-05
707 0.0489079 0.0490163 1.91297e-05
708 0.0495301 0.049017 1.91164e-05
709 0.0484688 0.0490162 1.91051e-05
710 0.0489287 0.0490161 1.90786e-05
711 0.0499011 0.0490173 1.90923e-05
712 0.048966 0.0490173 1.90656e-05
713 0.0495518 0.049018 1.90536e-05
714 0.04877 0.0490177 1.90301e-05
715 0.0492257 0.0490179 1.90057e-05
716 0.0492527 0.0490183 1.8982e-05
717 0.0485394 0.0490176 1.89672e-05
718 0.0490557 0.0490177 1.89409e-05
719 0.0486528 0.0490172 1.89213e-05
720 0.0485724 0.0490165 1.89051e-05
721 0.0490839 0.0490166 1.88791e-05
722 0.0487047 0.0490162 1.88579e-05
723 0.048546 0.0490155 1.8843e-05
724 0.0486806 0.0490151 1.88227e-05
725 0.0496544 0.049016 1.88173e-05
726 0.0493923 0.0490165 1.87986e-05
727 0.048828 0.0490162 1.87745e-05
728 0.0485953 0.0490156 1.87576e-05
729 0.0492827 0.049016 1.87354e-05
730 0.0493634 0.0490165 1.87158e-05
731 0.0487542 0.0490161 1.86936e-05
732 0.048894 0.049016 1.86688e-05
733 0.0497356 0.0490169 1.86691e-05
734 0.0488925 0.0490168 1.86445e-05
735 0.049439 0.0490174 1.86279e-05
736 0.0493137 0.0490178 1.8607e-05
737 0.0487176 0.0490173 1.85862e-05
738 0.0491211 0.0490175 1.85615e-05
739 0.0494487 0.0490181 1.85455e-05
740 0.0487735 0.0490177 1.85234e-05
741 0.0485728 0.0490171 1.85081e-05
742 0.0489088 0.049017 1.84838e-05
743 0.0492779 0.0490173 1.84622e-05
744 0.0488456 0.0490171 1.84388e-05
745 0.0493787 0.0490176 1.84204e-05
746 0.0493751 0.0490181 1.8402e-05
747 0.048316 0.0490171 1.84013e-05
748 0.0494528 0.0490177 1.83859e-05
749 0.0485676 0.0490171 1.83712e-05
750 0.0496841 0.049018 1.83682e-05
751 0.0503415 0.0490198 1.84282e-05
752 0.0495337 0.0490205 1.84164e-05
753 0.0493018 0.0490208 1.83957e-05
754 0.0489826 0.0490208 1.83714e-05
755 0.0490956 0.0490209 1.83473e-05
756 0.0489431 0.0490208 1.83233e-05
757 0.048448 0.04902 1.83147e-05
758 0.0481468 0.0490189 1.83268e-05
759 0.0485607 0.0490183 1.83126e-05
760 0.049339 0.0490187 1.82933e-05
761 0.0486355 0.0490182 1.82762e-05
762 0.048699 0.0490178 1.8257e-05
763 0.0490232 0.0490178 1.82331e-05
764 0.0486627 0.0490173 1.82151e-05
765 0.0496902 0.0490182 1.82126e-05
766 0.0487904 0.0490179 1.81912e-05
767 0.0494014 0.0490184 1.81743e-05
768 0.0494195 0.0490189 1.81582e-05
769 0.0486406 0.0490184 1.81412e-05
770 0.0492346 0.0490187 1.81198e-05
771 0.0487231 0.0490183 1.81004e-05
772 0.0497956 0.0490193 1.81049e-05
773 0.0499611 0.0490205 1.81225e-05
774 0.0491898 0.0490208 1.81004e-05
775 0.0502105 0.0490223 1.81421e-05
776 0.0485425 0.0490217 1.81292e-05
777 0.0489106 0.0490215 1.81064e-05
778 0.0494347 0.0490221 1.80909e-05
779 0.0486664 0.0490216 1.80735e-05
780 0.0487629 0.0490213 1.80533e-05
781 0.0488912 0.0490211 1.8031e-05
782 0.0490333 0.0490211 1.80079e-05
783 0.0481457 0.04902 1.80196e-05
784 0.0483492 0.0490191 1.80169e-05
785 0.0492096 0.0490194 1.79956e-05
786 0.0488376 0.0490192 1.79742e-05
787 0.049063 0.0490192 1.79514e-05
788 0.0489183 0.0490191 1.79291e-05
789 0.0493722 0.0490195 1.79119e-05
790 0.0492815 0.0490199 1.78923e-05
791 0.0492181 0.0490201 1.78715e-05
792 0.0481838 0.0490191 1.78801e-05
793 0.0490737 0.0490191 1.78577e-05
794 0.0491823 0.0490193 1.78363e-05
795 0.0490166 0.0490193 1.78139e-05
796 0.0489447 0.0490192 1.77917e-05
797 0.048461 0.0490185 1.77832e-05
798 0.0488566 0.0490183 1.77621e-05
799 0.0487931 0.0490181 1.77421e-05
800 0.0489307 0.0490179 1.77202e-05
801 0.0492887 0.0490183 1.77013e-05
802 0.0488402 0.0490181 1.76806e-05
803 0.048898 0.0490179 1.76592e-05
804 0.0494542 0.0490185 1.76456e-05
805 0.0493046 0.0490188 1.76272e-05
806 0.0490396 0.0490188 1.76054e-05
807 0.0482438 0.0490179 1.76097e-05
808 0.0495902 0.0490186 1.76022e-05
809 0.0483607 0.0490178 1.75992e-05
810 0.0487814 0.0490175 1.75799e-05
811 0.0490003 0.0490175 1.75582e-05
812 0.0493299 0.0490178 1.75408e-05
813 0.0486471 0.0490174 1.75251e-05
814 0.0488523 0.0490172 1.75048e-05
815 0.0494254 0.0490177 1.74905e-05
816 0.0487361 0.0490173 1.74724e-05
817 0.0488397 0.0490171 1.74524e-05
818 0.0492009 0.0490173 1.74325e-05
819 0.0483463 0.0490165 1.74304e-05
820 0.0489245 0.0490164 1.74095e-05
821 0.0488189 0.0490162 1.739e-05
822 0.0486286 0.0490157 1.73752e-05
823 0.0495072 0.0490163 1.73644e-05
824 0.0504974 0.0490181 1.74362e-05
825 0.0482729 0.0490172 1.74384e-05
826 0.048752 0.0490169 1.74203e-05
827 0.0490062 0.0490169 1.73992e-05
828 0.0492761 0.0490172 1.7381e-05
829 0.0483043 0.0490163 1.73813e-05
830 0.0487116 0.0490159 1.73642e-05
831 0.0487572 0.0490156 1.73461e-05
832 0.0487488 0.0490153 1.73282e-05
833 0.0486489 0.0490149 1.7313e-05
834 0.0499115 0.0490159 1.73256e-05
835 0.0486551 0.0490155 1.73102e-05
836 0.0486294 0.0490151 1.72957e-05
837 0.0492571 0.0490153 1.72774e-05
838 0.0495081 0.0490159 1.72668e-05
839 0.0495618 0.0490166 1.72585e-05
840 0.0492066 0.0490168 1.72394e-05
841 0.0486405 0.0490164 1.72247e-05
842 0.0491844 0.0490166 1.72054e-05
843 0.0489591 0.0490165 1.71851e-05
844 0.0485202 0.0490159 1.71748e-05
845 0.0504278 0.0490176 1.72357e-05
846 0.0491708 0.0490178 1.72162e-05
847 0.0490245 0.0490178 1.71959e-05
848 0.0491174 0.0490179 1.7176e-05
849 0.0484729 0.0490172 1.71678e-05
850 0.0490047 0.0490172 1.71476e-05
851 0.0483035 0.0490164 1.71479e-05
852 0.0484513 0.0490157 1.71406e-05
853 0.0483871 0.049015 1.71364e-05
854 0.0490633 0.049015 1.71164e-05
855 0.0489428 0.049015 1.70966e-05
856 0.0482948 0.0490141 1.70973e-05
857 0.0494184 0.0490146 1.70838e-05
858 0.0494317 0.0490151 1.70708e-05
859 0.0497662 0.0490159 1.70734e-05
860 0.0494231 0.0490164 1.70601e-05
861 0.0489539 0.0490164 1.70404e-05
862 0.0487089 0.049016 1.70244e-05
863 0.048229 0.0490151 1.7029e-05
864 0.0495975 0.0490158 1.70227e-05
865 0.0483052 0.0490149 1.70228e-05
866 0.0492318 0.0490152 1.7005e-05
867 0.0478016 0.0490138 1.70429e-05
868 0.0479762 0.0490126 1.70652e-05
869 0.0493861 0.049013 1.7051e-05
870 0.0487155 0.0490127 1.70348e-05
871 0.0495612 0.0490133 1.70269e-05
872 0.0497484 0.0490142 1.70282e-05
873 0.0487315 0.0490138 1.70118e-05
874 0.0494096 0.0490143 1.69984e-05
875 0.0484476 0.0490136 1.69913e-05
876 0.0492568 0.0490139 1.69741e-05
877 0.0496708 0.0490147 1.69713e-05
878 0.0487684 0.0490144 1.69543e-05
879 0.0494069 0.0490148 1.69409e-05
880 0.0494963 0.0490154 1.69304e-05
881 0.0489031 0.0490152 1.69117e-05
882 0.0496699 0.049016 1.69088e-05
883 0.0497118 0.0490168 1.6908e-05
884 0.0494284 0.0490172 1.68953e-05
885 0.0488818 0.0490171 1.68769e-05
886 0.0491162 0.0490172 1.68582e-05
887 0.0484323 0.0490165 1.68521e-05
888 0.0486785 0.0490162 1.68374e-05
889 0.0489323 0.0490161 1.68187e-05
890 0.0475141 0.0490144 1.68844e-05
891 0.0492135 0.0490146 1.68669e-05
892 0.048872 0.0490144 1.68487e-05
893 0.0490103 0.0490144 1.68298e-05
894 0.049207 0.0490147 1.68124e-05
895 0.0484669 0.049014 1.68047e-05
896 0.0495913 0.0490147 1.67983e-05
897 0.049031 0.0490147 1.67796e-05
898 0.0492145 0.0490149 1.67624e-05
899 0.0493039 0.0490152 1.67468e-05
900 0.0490122 0.0490152 1.67282e-05
901 0.0485193 0.0490147 1.67187e-05
902 0.0487982 0.0490145 1.67019e-05
903 0.0488485 0.0490143 1.66844e-05
904 0.0487983 0.049014 1.66676e-05
905 0.0483737 0.0490133 1.66642e-05
906 0.0491823 0.0490135 1.66469e-05
907 0.0495828 0.0490141 1.66403e-05
908 0.0497643 0.049015 1.66425e-05
909 0.0493859 0.0490154 1.66292e-05
910 0.0490763 0.0490154 1.66111e-05
911 0.0489039 0.0490153 1.65933e-05
912 0.048903 0.0490152 1.65755e-05
913 0.0495836 0.0490158 1.65691e-05
914 0.0491271 0.0490159 1.65514e-05
915 0.0493441 0.0490163 1.65372e-05
916 0.0487745 0.049016 1.65212e-05
917 0.0493618 0.0490164 1.65075e-05
918 0.0481924 0.0490155 1.65139e-05
919 0.0485489 0.049015 1.65037e-05
920 0.0488589 0.0490148 1.64867e-05
921 0.0482165 0.049014 1.64915e-05
922 0.0489044 0.0490138 1.64741e-05
923 0.0494919 0.0490144 1.64644e-05
924 0.0493239 0.0490147 1.645e-05
925 0.0482508 0.0490139 1.64529e-05
926 0.0489849 0.0490138 1.64351e-05
927 0.0500813 0.049015 1.64577e-05
928 0.049051 0.049015 1.644e-05
929 0.0492145 0.0490152 1.64237e-05
930 0.0490613 0.0490153 1.64061e-05
931 0.0494102 0.0490157 1.6394e-05
932 0.049084 0.0490158 1.63766e-05
933 0.0488789 0.0490156 1.63597e-05
934 0.0489186 0.0490155 1.63425e-05
935 0.0487113 0.0490152 1.63282e-05
936 0.0494454 0.0490157 1.63172e-05
937 0.0493657 0.0490161 1.63041e-05
938 0.049519 0.0490166 1.62955e-05
939 0.0487505 0.0490163 1.62806e-05
940 0.0492762 0.0490166 1.62657e-05
941 0.0488627 0.0490164 1.62492e-05
942 0.05018 0.0490177 1.62789e-05
943 0.0483178 0.0490169 1.62785e-05
944 0.0490622 0.049017 1.62613e-05
945 0.0494592 0.0490174 1.62509e-05
946 0.0481286 0.0490165 1.62608e-05
947 0.0488597 0.0490163 1.62445e-05
948 0.0485412 0.0490158 1.62351e-05
949 0.0492133 0.049016 1.62193e-05
950 0.0497163 0.0490168 1.6219e-05
951 0.0487676 0.0490165 1.6204e-05
952 0.048549 0.049016 1.61945e-05
953 0.0490612 0.0490161 1.61775e-05
954 0.0495545 0.0490166 1.61704e-05
955 0.0493646 0.049017 1.61576e-05
956 0.0482955 0.0490162 1.61583e-05
957 0.0479869 0.0490152 1.61772e-05
958 0.0488345 0.049015 1.61614e-05
959 0.0493538 0.0490153 1.61484e-05
960 0.0489583 0.0490153 1.61317e-05
961 0.0488692 0.0490151 1.61156e-05
962 0.0497064 0.0490158 1.61149e-05
963 0.0499594 0.0490168 1.61279e-05
964 0.0487964 0.0490166 1.61128e-05
965 0.0497317 0.0490173 1.61132e-05
966 0.0488277 0.0490171 1.60977e-05
967 0.0484771 0.0490166 1.60907e-05
968 0.0496163 0.0490172 1.6086e-05
969 0.0485834 0.0490167 1.60756e-05
970 0.0488992 0.0490166 1.60595e-05
971 0.0487203 0.0490163 1.60459e-05
972 0.049119 0.0490164 1.60297e-05
973 0.0486047 0.049016 1.60188e-05
974 0.0485136 0.0490155 1.60107e-05
975 0.0483807 0.0490148 1.60075e-05
976 0.0487314 0.0490145 1.59937e-05
977 0.0494925 0.049015 1.59848e-05
978 0.0492797 0.0490153 1.59708e-05
979 0.0493424 0.0490156 1.59579e-05
980 0.0502237 0.0490169 1.59892e-05
981 0.0486522 0.0490165 1.59772e-05
982 0.0487983 0.0490163 1.59625e-05
983 0.0494097 0.0490167 1.59513e-05
984 0.0484731 0.0490161 1.59446e-05
985 0.0495518 0.0490167 1.59377e-05
986 0.0484283 0.0490161 1.59327e-05
987 0.0485516 0.0490156 1.59235e-05
988 0.0491557 0.0490157 1.5908e-05
989 0.049192 0.0490159 1.5893e-05
990 0.0499186 0.0490168 1.59031e-05
991 0.0493769 0.0490172 1.58912e-05
992 0.0494159 0.0490176 1.58802e-05
993 0.0492384 0.0490178 1.58658e-05
994 0.0500217 0.0490188 1.58819e-05
995 0.0488274 0.0490186 1.58671e-05
996 0.0487429 0.0490184 1.58536e-05
997 0.0488531 0.0490182 1.58386e-05
998 0.049506 0.0490187 1.58302e-05
999 0.0497179 0.0490194 1.58299e-05
1000 0.0496053 0.04902 1.58249e-05
1 0.801783 0.801783 0
2 1.27942 1.0406 0.238818
3 1.28507 1.12209 0.160162
4 1.29338 1.16491 0.121077
5 1.22731 1.17739 0.0946127
6 1.24757 1.18909 0.0781314
7 1.34513 1.21138 0.0696941
8 1.24904 1.21609 0.0605402
9 1.60399 1.25919 0.0686166
10 1.42337 1.27561 0.0635305
11 1.20061 1.26879 0.0578686
12 1.43812 1.2829 0.0546786
13 1.28463 1.28303 0.0502972
14 1.39709 1.29118 0.0472735
15 1.21958 1.28641 0.0442674
16 1.56045 1.30353 0.0448109
17 1.26151 1.30106 0.042165
18 1.37879 1.30538 0.0399874
19 1.32831 1.30659 0.0378436
20 1.49615 1.31606 0.0371316
21 1.35551 1.31794 0.0353692
22 1.27278 1.31589 0.0337856
23 1.33523 1.31673 0.0322942
24 1.48639 1.3238 0.0317171
25 1.67819 1.33798 0.0335625
26 1.50881 1.34455 0.0329084
27 1.51891 1.351 0.0323179
28 1.45074 1.35457 0.0313454
29 1.32403 1.35351 0.0302635
30 1.46418 1.3572 0.0294691
31 1.52968 1.36277 0.0290406
32 1.50829 1.36731 0.0284838
33 1.29846 1.36523 0.0276859
34 1.49888 1.36916 0.0271454
35 1.26748 1.36625 0.0265181
36 1.27143 1.36362 0.0259052
37 1.19327 1.35901 0.0256125
38 1.20006 1.35483 0.0252779
39 1.01953 1.34623 0.0260791
40 1.44108 1.34861 0.0255292
41 1.22448 1.34558 0.0250821
42 1.51147 1.34953 0.0247943
43 1.51937 1.35348 0.0245308
44 1.31886 1.35269 0.0239798
45 1.4805 1.35553 0.0236123
46 1.35429 1.3555 0.0230933
47 1.37606 1.35594 0.0226008
48 1.29668 1.35471 0.0221594
49 1.40001 1.35563 0.0217221
50 1.27579 1.35403 0.021343
51 1.44732 1.35586 0.0210002
52 1.30253 1.35484 0.0206179
53 1.3038 1.35388 0.0202481
54 1.3058 1.35299 0.0198895
55 1.11303 1.34862 0.020006
56 1.36835 1.34897 0.0196487
57 1.45517 1.35084 0.0193906
58 1.31796 1.35027 0.0190618
59 1.42501 1.35154 0.0187787
60 1.62615 1.35611 0.0190219
61 1.28397 1.35493 0.0187448
62 1.25626 1.35334 0.0185085
63 1.4193 1.35439 0.0182425
64 1.33953 1.35416 0.0179567
65 1.39673 1.35481 0.0176904
66 1.33989 1.35458 0.0174217
67 1.49004 1.35661 0.0172784
68 1.55585 1.35954 0.0172728
69 1.18532 1.35701 0.0172069
70 1.36552 1.35713 0.0169597
71 1.54348 1.35976 0.0169239
72 1.42667 1.36069 0.016713
73 1.53703 1.3631 0.0166586
74 1.09769 1.35952 0.0168188
75 1.14711 1.35668 0.016833
76 1.522 1.35886 0.0167518
77 1.43933 1.3599 0.0165658
78 1.33008 1.35952 0.0163566
79 1.24192 1.35803 0.0162166
80 1.58488 1.36087 0.0162618
81 1.35908 1.36085 0.0160598
82 1.64855 1.36435 0.0162461
83 1.41449 1.36496 0.0160605
84 1.48928 1.36644 0.0159371
85 1.5171 1.36821 0.0158479
86 1.37686 1.36831 0.0156628
87 1.53822 1.37026 0.0156044
88 1.38656 1.37045 0.0154272
89 1.38663 1.37063 0.015254
90 1.41987 1.37118 0.0150935
91 1.56377 1.3733 0.015076
92 1.26225 1.37209 0.01496
93 1.51414 1.37362 0.0148768
94 1.17594 1.37151 0.0148672
95 1.21853 1.3699 0.0147978
96 1.46856 1.37093 0.0146788
97 1.53354 1.37261 0.0146231
98 1.38087 1.37269 0.0144734
99 1.47611 1.37374 0.0143645
100 1.39992 1.374 0.0142225
101 1.45492 1.3748 0.0141038
102 1.25189 1.37359 0.0140167
103 1.36662 1.37353 0.0138801
104 1.6773 1.37645 0.0140529
105 1.55761 1.37817 0.014025
106 1.27467 1.3772 0.0139263
107 1.40414 1.37745 0.0137978
108 1.64039 1.37988 0.0138846
109 1.45427 1.38056 0.0137735
110 1.52621 1.38189 0.0137118
111 1.42173 1.38225 0.0135925
112 1.25817 1.38114 0.013516
113 1.2178 1.37969 0.0134737
114 1.55737 1.38125 0.0134456
115 1.41191 1.38152 0.0133308
116 1.47599 1.38233 0.0132405
117 1.45991 1.383 0.0131435
118 1.40669 1.3832 0.0130332
119 1.39765 1.38332 0.0129238
120 1.26724 1.38235 0.0128521
121 1.44118 1.38284 0.0127547
122 1.36751 1.38271 0.0126504
123 1.50085 1.38367 0.0125838
124 1.30977 1.38308 0.0124961
125 1.33918 1.38273 0.0124007
126 1.43234 1.38312 0.0123082
127 1.35593 1.38291 0.0122128
128 1.37825 1.38287 0.0121171
129 1.42612 1.3832 0.0120274
130 1.55999 1.38456 0.0120118
131 1.26664 1.38366 0.0119537
132 1.19077 1.3822 0.0119525
133 1.1628 1.38055 0.0119764
134 1.5132 1.38154 0.0119278
135 1.4754 1.38224 0.0118595
136 1.40374 1.3824 0.0117731
137 1.45355 1.38292 0.0116984
138 1.35064 1.38268 0.0116156
139 1.34232 1.38239 0.0115354
140 1.26464 1.38155 0.0114836
141 1.26574 1.38073 0.0114314
142 1.36114 1.38059 0.0113514
143 1.43783 1.38099 0.0112789
144 1.50354 1.38184 0.0112326
145 1.45262 1.38233 0.0111655
146 1.29283 1.38172 0.0111057
147 1.3871 1.38175 0.01103
148 1.37821 1.38173 0.0109552
149 1.14718 1.38016 0.0109947
150 1.20559 1.37899 0.010983
151 1.65667 1.38083 0.0110639
152 1.21622 1.37975 0.0110441
153 1.34262 1.37951 0.0109744
154 1.17145 1.37815 0.0109863
155 1.33292 1.37786 0.0109191
156 1.45267 1.37834 0.0108594
157 1.39831 1.37847 0.0107908
158 1.46607 1.37902 0.0107366
159 1.48153 1.37967 0.0106883
160 1.24882 1.37885 0.0106527
161 1.47367 1.37944 0.0106027
162 1.52128 1.38032 0.0105734
163 1.40342 1.38046 0.0105093
164 1.1952 1.37933 0.0105059
165 1.3739 1.37929 0.0104421
166 1.33175 1.37901 0.010383
167 1.20657 1.37798 0.0103721
168 1.75289 1.38021 0.010549
169 1.4264 1.38048 0.0104899
170 1.25521 1.37974 0.010454
171 1.37546 1.37972 0.0103927
172 1.32283 1.37939 0.0103374
173 1.48874 1.38002 0.0102969
174 1.35621 1.37988 0.0102385
175 1.14441 1.37854 0.0102684
176 1.59082 1.37974 0.0102809
177 1.44475 1.38011 0.0102292
178 1.50659 1.38082 0.0101964
179 1.39454 1.3809 0.0101395
180 1.36572 1.38081 0.0100834
181 1.35751 1.38069 0.0100284
182 1.58349 1.3818 0.0100352
183 1.47845 1.38233 0.00999415
184 1.34585 1.38213 0.00994166
185 1.36655 1.38205 0.00988813
186 1.43913 1.38235 0.00983961
187 1.36893 1.38228 0.00978712
188 1.43867 1.38258 0.00973954
189 1.53008 1.38336 0.00971925
190 1.41845 1.38355 0.00966973
191 1.47538 1.38403 0.00963097
192 1.43041 1.38427 0.00958373
193 1.61223 1.38545 0.00960683
194 1.36127 1.38532 0.00955799
195 1.42647 1.38554 0.00951119
196 1.25958 1.38489 0.00948434
197 1.4486 1.38522 0.00944161
198 1.55958 1.3861 0.00943499
199 1.36589 1.386 0.00938801
200 1.30374 1.38558 0.00935
201 1.34181 1.38537 0.00930592
202 1.72369 1.38704 0.00940999
203 1.21922 1.38621 0.00939994
204 1.39944 1.38628 0.00935397
205 1.33139 1.38601 0.00931208
206 1.49854 1.38656 0.00928285
207 1.34551 1.38636 0.00924003
208 1.34547 1.38616 0.0091976
209 1.49213 1.38667 0.00916752
210 1.51848 1.3873 0.00914532
211 1.21573 1.38648 0.00913812
212 1.46195 1.38684 0.00910188
213 1.55924 1.38765 0.00909514
214 1.73436 1.38927 0.00919637
215 1.35644 1.38912 0.00915477
216 1.42192 1.38927 0.00911355
217 1.59321 1.39021 0.00912001
218 1.47785 1.39061 0.00908698
219 1.34524 1.3904 0.00904776
220 1.21415 1.3896 0.0090421
221 1.19008 1.3887 0.00904626
222 1.46648 1.38905 0.00901223
223 1.33402 1.3888 0.00897512
224 1.27798 1.38831 0.00894865
225 1.45866 1.38862 0.00891427
226 1.43496 1.38883 0.00887711
227 1.3776 1.38878 0.00883805
228 1.48297 1.38919 0.0088089
229 1.47014 1.38954 0.00877747
230 1.61018 1.3905 0.00879171
231 1.43197 1.39068 0.00875541
232 1.40225 1.39073 0.00871773
233 1.45248 1.391 0.00868428
234 1.37194 1.39092 0.00864747
235 1.38365 1.39088 0.00861065
236 1.18259 1.39 0.00861939
237 1.53495 1.39061 0.00860471
238 1.38612 1.39059 0.0085685
239 1.17274 1.38968 0.00858112
240 1.47301 1.39003 0.00855234
241 1.46137 1.39033 0.00852192
242 1.47624 1.39068 0.00849406
243 1.35594 1.39054 0.00846024
244 1.52293 1.39108 0.00844295
245 1.24893 1.3905 0.00842841
246 1.54172 1.39112 0.00841656
247 1.45165 1.39136 0.008386
248 1.08122 1.39011 0.00844522
249 1.39704 1.39014 0.00841128
250 1.19192 1.38935 0.008415
251 1.34597 1.38917 0.00838319
252 1.24423 1.3886 0.00836965
253 1.4179 1.38871 0.0083373
254 1.47058 1.38904 0.00831067
255 1.35609 1.38891 0.00827902
256 1.29369 1.38853 0.008255
257 1.31611 1.38825 0.00822764
258 1.35508 1.38812 0.0081967
259 1.30887 1.38782 0.00817072
260 1.41279 1.38791 0.0081398
261 1.31336 1.38763 0.00811359
262 1.34348 1.38746 0.00808432
263 1.305 1.38715 0.00805962
264 1.41029 1.38723 0.00802951
265 1.3165 1.38697 0.00800361
266 1.48912 1.38735 0.0079827
267 1.59114 1.38811 0.00798929
268 1.5037 1.38855 0.0079711
269 1.27208 1.38811 0.0079532
270 1.53419 1.38865 0.00794214
271 1.42401 1.38878 0.00791386
272 1.23217 1.38821 0.00790571
273 1.52426 1.38871 0.00789244
274 1.51145 1.38915 0.00787633
275 1.60009 1.38992 0.00788504
276 1.34971 1.38978 0.00785777
277 1.37939 1.38974 0.00782944
278 1.36835 1.38966 0.0078016
279 1.13266 1.38874 0.00782798
280 1.39406 1.38876 0.00779999
281 1.50016 1.38916 0.00778229
282 1.68552 1.39021 0.00782554
283 1.48752 1.39055 0.00780541
284 1.31632 1.39029 0.00778227
285 1.45157 1.3905 0.0077579
286 1.41696 1.3906 0.00773128
287 1.23482 1.39005 0.00772339
288 1.50192 1.39044 0.00770632
289 1.55795 1.39102 0.00770145
290 1.3934 1.39103 0.00767485
291 1.67314 1.392 0.00770962
292 1.52695 1.39246 0.00769706
293 1.43779 1.39262 0.00767231
294 1.46676 1.39287 0.00765033
295 1.53599 1.39335 0.00763977
296 1.37784 1.3933 0.0076141
297 1.75396 1.39452 0.00768497
298 1.22227 1.39394 0.00768091
299 1.25036 1.39346 0.00767023
300 1.32729 1.39324 0.0076478
301 1.51348 1.39364 0.00763281
302 1.51809 1.39405 0.00761865
303 1.33023 1.39384 0.00759638
304 1.54717 1.39434 0.00758813
305 1.25315 1.39388 0.00757737
306 1.22071 1.39331 0.00757374
307 1.6639 1.39419 0.00760031
308 1.46043 1.39441 0.00757864
309 1.2833 1.39405 0.00756263
310 1.45181 1.39424 0.0075405
311 1.55628 1.39476 0.00753425
312 1.55069 1.39526 0.00752667
313 1.33226 1.39506 0.00750529
314 1.39344 1.39505 0.00748135
315 1.39823 1.39506 0.00745757
316 1.24889 1.3946 0.00744831
317 1.22218 1.39405 0.00744467
318 1.56955 1.39461 0.00744171
319 1.27991 1.39425 0.00742706
320 1.57439 1.39481 0.00742518
321 1.62045 1.39551 0.00743531
322 1.49884 1.39583 0.00741913
323 1.1126 1.39496 0.00744793
324 1.40969 1.395 0.00742504
325 1.44222 1.39515 0.00740359
326 1.53595 1.39558 0.00739347
327 1.27348 1.39521 0.00738028
328 1.37532 1.39515 0.00735799
329 1.48152 1.39541 0.00734029
330 1.45354 1.39558 0.00732013
331 1.23979 1.39511 0.00731314
332 1.51923 1.39549 0.00730066
333 1.41546 1.39555 0.00727895
334 1.47931 1.3958 0.00726146
335 1.54901 1.39626 0.00725418
336 1.43919 1.39638 0.00723369
337 1.54483 1.39682 0.00722563
338 1.15674 1.39611 0.00723915
339 1.12155 1.3953 0.00726307
340 1.31832 1.39508 0.00724521
341 1.38036 1.39503 0.00722406
342 1.55512 1.3955 0.0072181
343 1.48517 1.39576 0.00720177
344 1.4336 1.39587 0.00718165
345 1.51343 1.39621 0.00716891
346 1.60791 1.39683 0.00717429
347 1.41718 1.39688 0.00715383
348 1.40871 1.39692 0.00713332
349 1.5203 1.39727 0.00712163
350 1.63145 1.39794 0.00713271
351 1.31375 1.3977 0.0071164
352 1.46937 1.3979 0.00709908
353 1.20214 1.39735 0.00710063
354 1.52398 1.39771 0.00708957
355 1.34538 1.39756 0.00707111
356 1.4015 1.39757 0.00705123
357 1.5198 1.39791 0.00703978
358 1.41402 1.39796 0.00702023
359 1.42063 1.39802 0.00700093
360 1.26274 1.39765 0.00699157
361 1.47098 1.39785 0.00697513
362 1.3884 1.39782 0.00695588
363 1.26786 1.39747 0.00694593
364 1.27305 1.39712 0.00693525
365 1.44435 1.39725 0.00691743
366 1.64589 1.39793 0.00693187
367 1.38498 1.3979 0.00691305
368 1.51081 1.3982 0.00690106
369 1.58706 1.39872 0.00690134
370 1.39613 1.39871 0.00688267
371 1.29749 1.39844 0.00686951
372 1.60915 1.399 0.00687439
373 1.46956 1.39919 0.00685855
374 1.37226 1.39912 0.00684056
375 1.40236 1.39913 0.0068223
376 1.28334 1.39882 0.0068111
377 1.3647 1.39873 0.00679361
378 1.31627 1.39851 0.00677913
379 1.47098 1.3987 0.00676392
380 1.14291 1.39803 0.0067796
381 1.25093 1.39764 0.00677279
382 1.16136 1.39702 0.0067833
383 1.52775 1.39737 0.00677417
384 1.29271 1.39709 0.006762
385 1.59997 1.39762 0.00676497
386 1.4489 1.39775 0.00674873
387 1.50677 1.39804 0.00673716
388 1.23992 1.39763 0.00673211
389 1.25826 1.39727 0.00672434
390 1.55417 1.39767 0.00671913
391 1.42217 1.39773 0.00670221
392 1.42666 1.39781 0.0066855
393 1.23615 1.3974 0.00668114
394 1.48728 1.39762 0.00666807
395 1.20112 1.39713 0.00666975
396 1.47672 1.39733 0.00665592
397 1.36143 1.39724 0.00663975
398 1.56616 1.39766 0.00663663
399 1.32939 1.39749 0.00662218
400 1.54289 1.39785 0.0066156
401 1.3124 1.39764 0.00660252
402 1.32866 1.39747 0.00658831
403 1.5842 1.39793 0.00658826
404 1.34999 1.39781 0.006573
405 1.40648 1.39784 0.00655679
406 1.33383 1.39768 0.00654252
407 1.2904 1.39741 0.00653174
408 1.3057 1.39719 0.00651959
409 1.40916 1.39722 0.0065037
410 1.26791 1.3969 0.00649548
411 1.21436 1.39646 0.00649486
412 1.25403 1.39611 0.00648829
413 1.3603 1.39603 0.00647314
414 1.40004 1.39604 0.00645749
415 1.43132 1.39612 0.00644248
416 1.37085 1.39606 0.00642726
417 1.46995 1.39624 0.00641427
418 1.31387 1.39604 0.00640194
419 1.20713 1.39559 0.00640254
420 1.44627 1.39571 0.00638842
421 1.47079 1.39589 0.00637572
422 1.38924 1.39587 0.00636061
423 1.17761 1.39536 0.0063665
424 1.21872 1.39494 0.00636512
425 1.42171 1.395 0.00635044
426 1.46628 1.39517 0.00633772
427 1.53115 1.39549 0.00633087
428 1.39237 1.39548 0.00631607
429 1.24338 1.39513 0.0063113
430 1.44841 1.39525 0.00629782
431 1.36364 1.39518 0.00628362
432 1.24861 1.39484 0.00627823
433 1.55746 1.39522 0.00627496
434 1.51346 1.39549 0.00626642
435 1.49801 1.39572 0.00625643
436 1.32075 1.39555 0.00624444
437 1.49984 1.39579 0.0062347
438 1.53823 1.39612 0.00622894
439 1.55893 1.39649 0.00622579
440 1.39284 1.39648 0.00621163
441 1.53005 1.39678 0.00620493
442 1.20813 1.39635 0.00620557
443 1.40361 1.39637 0.00619157
444 1.34143 1.39625 0.00617885
445 1.26356 1.39595 0.00617215
446 1.40918 1.39598 0.00615837
447 1.43884 1.39607 0.00614533
448 1.62304 1.39658 0.00615249
449 1.27445 1.39631 0.00614479
450 1.27419 1.39604 0.00613712
451 1.36331 1.39596 0.00612393
452 1.43976 1.39606 0.00611114
453 1.69301 1.39672 0.00613276
454 1.62487 1.39722 0.00613984
455 1.6567 1.39779 0.00615282
456 1.27883 1.39753 0.00614485
457 1.52836 1.39782 0.00613807
458 1.43047 1.39789 0.00612507
459 1.42868 1.39795 0.00611208
460 1.5224 1.39822 0.00610477
461 1.44339 1.39832 0.0060923
462 1.39669 1.39832 0.0060791
463 1.48782 1.39851 0.00606904
464 1.22475 1.39814 0.00606751
465 1.5413 1.39845 0.00606227
466 1.47293 1.39861 0.00605136
467 1.5743 1.39898 0.0060501
468 1.29669 1.39876 0.00604111
469 1.32777 1.39861 0.00603012
470 1.42857 1.39868 0.00601761
471 1.31584 1.3985 0.0060074
472 1.35793 1.39841 0.00599527
473 1.39732 1.39841 0.00598258
474 1.35825 1.39833 0.00597055
475 1.12799 1.39776 0.00598509
476 1.2733 1.3975 0.00597822
477 1.29771 1.39729 0.00596934
478 1.41257 1.39732 0.00595693
479 1.14982 1.3968 0.00596689
480 1.23103 1.39646 0.00596445
481 1.31366 1.39628 0.00595453
482 1.42815 1.39635 0.00594253
483 1.42001 1.3964 0.00593042
484 1.29897 1.3962 0.00592157
485 1.50099 1.39641 0.0059133
486 1.2434 1.3961 0.00590951
487 1.41257 1.39613 0.00589746
488 1.58043 1.39651 0.00589747
489 1.32658 1.39637 0.00588713
490 1.36018 1.39629 0.00587557
491 1.45284 1.39641 0.00586472
492 1.51443 1.39665 0.00585771
493 1.3183 1.39649 0.00584797
494 1.38679 1.39647 0.00583615
495 1.49102 1.39666 0.00582748
496 1.61082 1.39709 0.00583173
497 1.55415 1.39741 0.00582856
498 1.58808 1.39779 0.00582943
499 1.49375 1.39798 0.00582091
500 1.3751 1.39794 0.00580944
501 1.40922 1.39796 0.00579788
502 1.37801 1.39792 0.00578645
503 1.22556 1.39758 0.00578509
504 1.42385 1.39763 0.00577384
505 1.26404 1.39737 0.00576846
506 1.44201 1.39745 0.00575773
507 1.7092 1.39807 0.00577916
508 1.36777 1.39801 0.00576808
509 1.45655 1.39812 0.00575789
510 1.47718 1.39828 0.00574868
511 1.41061 1.3983 0.00573747
512 1.35464 1.39822 0.00572689
513 1.45024 1.39832 0.00571661
514 1.44451 1.39841 0.00570619
515 1.23821 1.3981 0.00570359
516 1.39101 1.39809 0.00569254
517 1.51 1.3983 0.00568564
518 1.31636 1.39814 0.00567686
519 1.22506 1.39781 0.00567571
520 1.51096 1.39803 0.00566897
521 1.2505 1.39774 0.00566516
522 1.51487 1.39797 0.00565874
523 1.29761 1.39778 0.00565117
524 1.46611 1.39791 0.00564188
525 1.27647 1.39768 0.00563588
526 1.45003 1.39778 0.00562603
527 1.34996 1.39768 0.00561608
528 1.60333 1.39807 0.00561895
529 1.35577 1.39799 0.00560888
530 1.33599 1.39788 0.00559951
531 1.50174 1.39807 0.00559238
532 1.36352 1.39801 0.00558224
533 1.33212 1.39788 0.00557312
534 1.3334 1.39776 0.00556399
535 1.59756 1.39814 0.00556612
536 1.48316 1.3983 0.00555799
537 1.31354 1.39814 0.00554988
538 1.48659 1.3983 0.00554199
539 1.40371 1.39831 0.00553171
540 1.56878 1.39863 0.00553047
541 1.48047 1.39878 0.00552231
542 1.24705 1.3985 0.00551922
543 1.24949 1.39822 0.00551587
544 1.26547 1.39798 0.00551113
545 1.2983 1.3978 0.00550405
546 1.3897 1.39778 0.00549398
547 1.2506 1.39751 0.00549052
548 1.37086 1.39747 0.00548071
549 1.2103 1.39712 0.00548133
550 1.27509 1.3969 0.00547585
551 1.63994 1.39734 0.00548368
552 1.45812 1.39745 0.00547484
553 1.30437 1.39729 0.00546752
554 1.53436 1.39753 0.00546325
555 1.60515 1.39791 0.00546621
556 1.41509 1.39794 0.00545646
557 1.32707 1.39781 0.00544814
558 1.46295 1.39793 0.00543962
559 1.45125 1.39802 0.00543072
560 1.40354 1.39803 0.00542102
561 1.32258 1.3979 0.00541302
562 1.37652 1.39786 0.00540351
563 1.39381 1.39785 0.00539391
564 1.2154 1.39753 0.00539405
565 1.75583 1.39816 0.00542171
566 1.64693 1.3986 0.00542994
567 1.42327 1.39865 0.00542053
568 1.61864 1.39903 0.00542482
569 1.20585 1.39869 0.00542591
570 1.52128 1.39891 0.00542065
571 1.32992 1.39879 0.0054125
572 1.33654 1.39868 0.00540412
573 1.39209 1.39867 0.0053947
574 1.30495 1.3985 0.00538776
575 1.37467 1.39846 0.00537855
576 1.44387 1.39854 0.00536978
577 1.43354 1.3986 0.00536081
578 1.37892 1.39857 0.00535163
579 1.31483 1.39842 0.00534434
580 1.22122 1.39812 0.00534386
581 1.52851 1.39834 0.00533937
582 1.38583 1.39832 0.00533023
583 1.63895 1.39873 0.00533706
584 1.65446 1.39917 0.00534588
585 1.47189 1.3993 0.00533818
586 1.34095 1.3992 0.00533
587 1.58497 1.39951 0.00533031
588 1.39317 1.3995 0.00532125
589 1.16693 1.39911 0.00532686
590 1.52228 1.39932 0.00532192
591 1.41717 1.39935 0.00531299
592 1.43932 1.39941 0.00530444
593 1.38353 1.39939 0.00529556
594 1.47096 1.39951 0.00528801
595 1.42181 1.39955 0.00527925
596 1.43556 1.39961 0.00527073
597 1.57173 1.39989 0.00526978
598 1.33895 1.39979 0.00526195
599 1.29907 1.39962 0.00525585
600 1.15989 1.39922 0.00526227
601 1.37944 1.39919 0.00525361
602 1.46112 1.39929 0.00524589
603 1.51151 1.39948 0.00524049
604 1.52053 1.39968 0.00523564
605 1.59159 1.4 0.0052366
606 1.46569 1.40011 0.00522907
607 1.48994 1.40025 0.00522255
608 1.39756 1.40025 0.00521395
609 1.50616 1.40042 0.00520829
610 1.45957 1.40052 0.00520065
611 1.17351 1.40015 0.0052054
612 1.23861 1.39989 0.00520359
613 1.58105 1.40018 0.00520349
614 1.25477 1.39994 0.00520041
615 1.47127 1.40006 0.00519324
616 1.37161 1.40001 0.00518501
617 1.33304 1.39991 0.00517774
618 1.37641 1.39987 0.00516949
619 1.2344 1.3996 0.00516805
620 1.38907 1.39958 0.00515974
621 1.38075 1.39955 0.00515151
622 1.53827 1.39978 0.00514805
623 1.3885 1.39976 0.00513982
624 1.2738 1.39956 0.00513554
625 1.34881 1.39947 0.00512796
626 1.30793 1.39933 0.00512185
627 1.61961 1.39968 0.00512573
628 1.39255 1.39967 0.00511757
629 1.70358 1.40015 0.00513222
630 1.49546 1.4003 0.0051263
631 1.39751 1.4003 0.00511818
632 1.29161 1.40013 0.00511296
633 1.4611 1.40022 0.00510579
634 1.38589 1.4002 0.00509778
635 1.38389 1.40017 0.00508981
636 1.43487 1.40023 0.00508209
637 1.3313 1.40012 0.00507526
638 1.6143 1.40046 0.00507841
639 1.55184 1.40069 0.00507599
640 1.53859 1.40091 0.00507263
641 1.52738 1.40111 0.00506855
642 1.48313 1.40123 0.00506226
643 1.40273 1.40124 0.00505438
644 1.39771 1.40123 0.00504653
645 1.09685 1.40076 0.00506075
646 1.49611 1.40091 0.00505507
647 1.4597 1.401 0.00504807
648 1.30101 1.40084 0.00504263
649 1.40845 1.40085 0.00503487
650 1.50784 1.40102 0.00502981
651 1.28423 1.40084 0.00502528
652 1.51992 1.40102 0.00502089
653 1.38909 1.401 0.00501323
654 1.40547 1.40101 0.00500556
655 1.27219 1.40081 0.00500178
656 1.32457 1.4007 0.0049955
657 1.39263 1.40069 0.00498791
658 1.3725 1.40064 0.00498051
659 1.44013 1.4007 0.00497331
660 1.58749 1.40099 0.00497382
661 1.33417 1.40089 0.00496732
662 1.3025 1.40074 0.00496204
663 1.44344 1.4008 0.00495497
664 1.38443 1.40078 0.00494756
665 1.50298 1.40093 0.00494251
666 1.40397 1.40093 0.00493508
667 1.45225 1.40101 0.00492828
668 1.23385 1.40076 0.00492725
669 1.58375 1.40103 0.00492748
670 1.66384 1.40143 0.00493573
671 1.47178 1.40153 0.00492948
672 1.2692 1.40133 0.00492608
673 1.42267 1.40137 0.00491886
674 1.32646 1.40126 0.00491281
675 1.5051 1.40141 0.00490794
676 1.19855 1.40111 0.00490985
677 1.17596 1.40078 0.00491386
678 1.43205 1.40082 0.00490683
679 1.45381 1.4009 0.00490022
680 1.54166 1.40111 0.00489738
681 1.2784 1.40093 0.0048935
682 1.52103 1.4011 0.0048895
683 1.4411 1.40116 0.00488268
684 1.66407 1.40155 0.00489067
685 1.29775 1.4014 0.00488587
686 1.53067 1.40158 0.00488238
687 1.15957 1.40123 0.00488798
688 1.4675 1.40133 0.00488182
689 1.3194 1.40121 0.00487618
690 1.51353 1.40137 0.00487183
691 1.33971 1.40128 0.00486559
692 1.25657 1.40107 0.00486305
693 1.74456 1.40157 0.00488126
694 1.46829 1.40166 0.00487517
695 1.55729 1.40189 0.0048733
696 1.26531 1.40169 0.00487025
697 1.59586 1.40197 0.00487123
698 1.64389 1.40232 0.00487657
699 1.51422 1.40248 0.00487222
700 1.66301 1.40285 0.00487947
701 1.35061 1.40278 0.00487308
702 1.21977 1.40251 0.00487311
703 1.11401 1.4021 0.00488345
704 1.53581 1.40229 0.0048802
705 1.50127 1.40243 0.0048753
706 1.4388 1.40249 0.00486866
707 1.43369 1.40253 0.00486197
708 1.37555 1.40249 0.00485525
709 1.46106 1.40257 0.0048491
710 1.5135 1.40273 0.00484478
711 1.34571 1.40265 0.00483863
712 1.39364 1.40264 0.00483184
713 1.46813 1.40273 0.00482594
714 1.3013 1.40259 0.00482127
715 1.31318 1.40246 0.00481614
716 1.61642 1.40276 0.00481868
717 1.41519 1.40278 0.00481199
718 1.55312 1.40299 0.00480984
719 1.43309 1.40303 0.00480333
720 1.52642 1.4032 0.00479972
721 1.32761 1.4031 0.0047942
722 1.19959 1.40282 0.00479585
723 1.55025 1.40302 0.00479355
724 1.24439 1.4028 0.00479193
725 1.25728 1.4026 0.00478953
726 1.33325 1.4025 0.00478388
727 1.16026 1.40217 0.0047889
728 1.43451 1.40221 0.00478252
729 1.24733 1.402 0.00478068
730 1.50006 1.40214 0.00477602
731 1.4982 1.40227 0.00477129
732 1.60678 1.40255 0.00477295
733 1.38659 1.40253 0.00476649
734 1.46458 1.40261 0.00476074
735 1.4505 1.40268 0.0047547
736 1.323 1.40257 0.00474947
737 1.23537 1.40234 0.00474845
738 1.37919 1.40231 0.00474211
739 1.60624 1.40258 0.00474372
740 1.20137 1.40231 0.00474511
741 1.38001 1.40228 0.00473879
742 1.71543 1.40271 0.00475118
743 1.42914 1.40274 0.00474492
744 1.50781 1.40288 0.00474064
745 1.60451 1.40315 0.004742
746 1.68093 1.40352 0.00475026
747 1.47749 1.40362 0.00474493
748 1.4991 1.40375 0.0047403
749 1.28349 1.40359 0.00473669
750 1.2906 1.40344 0.00473277
751 1.333 1.40335 0.00472739
752 1.45971 1.40342 0.00472169
753 1.29339 1.40328 0.00471768
754 1.39965 1.40327 0.00471143
755 1.55371 1.40347 0.0047094
756 1.31935 1.40336 0.00470448
757 1.22843 1.40313 0.00470394
758 1.33621 1.40304 0.00469856
759 1.26572 1.40286 0.00469585
760 1.5436 1.40304 0.00469332
761 1.47174 1.40313 0.00468802
762 1.33698 1.40305 0.00468267
763 1.33043 1.40295 0.0046775
764 1.45878 1.40302 0.00467194
765 1.55809 1.40323 0.00467023
766 1.18482 1.40294 0.00467284
767 1.36062 1.40289 0.00466707
768 1.58459 1.40312 0.00466699
769 1.26504 1.40294 0.00466437
770 1.35248 1.40288 0.00465877
771 1.34249 1.4028 0.00465339
772 1.62595 1.40309 0.00465634
773 1.50946 1.40323 0.00465234
774 1.31311 1.40311 0.00464779
775 1.57921 1.40334 0.00464734
776 1.51854 1.40349 0.00464373
777 1.53489 1.40366 0.00464083
778 1.49938 1.40378 0.00463649
779 1.41487 1.40379 0.00463056
780 1.2447 1.40359 0.00462911
781 1.40034 1.40358 0.00462318
782 1.39141 1.40357 0.00461729
783 1.32624 1.40347 0.00461245
784 1.15236 1.40315 0.00461769
785 1.45297 1.40321 0.00461224
786 1.29749 1.40308 0.00460833
787 1.4513 1.40314 0.00460288
788 1.28423 1.40299 0.00459951
789 1.39706 1.40298 0.00459368
790 1.3963 1.40297 0.00458787
791 1.3551 1.40291 0.00458247
792 1.66618 1.40325 0.00458873
793 1.38526 1.40322 0.004583
794 1.41482 1.40324 0.00457725
795 1.27369 1.40307 0.00457439
796 1.21984 1.40284 0.00457443
797 1.56899 1.40305 0.00457344
798 1.38486 1.40303 0.00456777
799 1.48715 1.40313 0.00456326
800 1.5736 1.40335 0.00456253
801 1.41229 1.40336 0.00455684
802 1.31756 1.40325 0.00455242
803 1.34849 1.40318 0.00454725
804 1.31861 1.40308 0.00454281
805 1.53543 1.40324 0.00454014
806 1.55568 1.40343 0.00453845
807 1.19476 1.40317 0.00454019
808 1.33879 1.40309 0.00453527
809 1.55921 1.40329 0.00453377
810 1.41319 1.4033 0.00452819
811 1.37494 1.40326 0.00452273
812 1.54499 1.40344 0.00452053
813 1.62508 1.40371 0.00452319
814 1.17785 1.40343 0.00452614
815 1.14702 1.40312 0.00453152
816 1.43971 1.40316 0.00452619
817 1.34518 1.40309 0.0045212
818 1.34781 1.40303 0.00451618
819 1.42589 1.40305 0.00451074
820 1.2996 1.40293 0.00450701
821 1.23751 1.40273 0.00450602
822 1.33805 1.40265 0.00450122
823 1.35532 1.40259 0.00449612
824 1.2699 1.40243 0.00449354
825 1.4677 1.40251 0.00448879
826 1.46967 1.40259 0.00448409
827 1.60698 1.40284 0.00448548
828 1.30815 1.40272 0.00448152
829 1.44086 1.40277 0.00447635
830 1.2911 1.40263 0.00447297
831 1.23854 1.40244 0.00447195
832 1.43797 1.40248 0.00446678
833 1.64935 1.40277 0.00447124
834 1.54093 1.40294 0.00446895
835 1.28306 1.4028 0.0044659
836 1.38311 1.40277 0.00446062
837 1.30961 1.40266 0.00445668
838 1.45471 1.40272 0.00445179
839 1.40458 1.40273 0.00444648
840 1.55191 1.4029 0.00444473
841 1.39313 1.40289 0.00443946
842 1.28221 1.40275 0.0044365
843 1.36869 1.40271 0.00443142
844 1.51961 1.40285 0.00442833
845 1.16171 1.40256 0.00443228
846 1.21414 1.40234 0.00443264
847 1.64594 1.40263 0.00443674
848 1.55354 1.4028 0.00443507
849 1.37072 1.40277 0.00443001
850 1.53725 1.40293 0.00442762
851 1.30864 1.40281 0.0044238
852 1.37987 1.40279 0.00441869
853 1.27388 1.40264 0.00441609
854 1.36481 1.40259 0.00441114
855 1.35704 1.40254 0.0044063
856 1.44786 1.40259 0.00440147
857 1.41719 1.40261 0.00439636
858 1.29602 1.40248 0.00439299
859 1.14526 1.40219 0.00439808
860 1.35622 1.40213 0.00439329
861 1.15449 1.40184 0.0043976
862 1.50342 1.40196 0.00439407
863 1.46035 1.40203 0.0043895
864 1.23241 1.40183 0.00438881
865 1.55945 1.40202 0.00438752
866 1.32559 1.40193 0.00438334
867 1.30802 1.40182 0.00437962
868 1.40007 1.40182 0.00437457
869 1.35614 1.40176 0.00436985
870 1.3879 1.40175 0.00436485
871 1.34622 1.40168 0.00436031
872 1.32536 1.4016 0.00435618
873 1.37388 1.40157 0.00435131
874 1.23132 1.40137 0.00435069
875 1.42686 1.4014 0.00434581
876 1.40787 1.40141 0.00434085
877 1.38927 1.40139 0.00433592
878 1.1997 1.40116 0.00433707
879 1.65783 1.40146 0.00434196
880 1.41435 1.40147 0.00433705
881 1.55698 1.40165 0.00433572
882 1.45525 1.40171 0.00433123
883 1.42321 1.40173 0.00432639
884 1.5261 1.40187 0.00432378
885 1.22261 1.40167 0.00432364
886 1.45512 1.40173 0.00431918
887 1.44231 1.40178 0.00431455
888 1.25635 1.40161 0.0043128
889 1.55529 1.40179 0.00431141
890 1.44641 1.40184 0.00430685
891 1.45432 1.40189 0.00430242
892 1.34783 1.40183 0.00429802
893 1.62345 1.40208 0.00430037
894 1.50529 1.4022 0.00429711
895 1.4357 1.40223 0.00429247
896 1.51169 1.40236 0.00428942
897 1.55824 1.40253 0.00428815
898 1.52708 1.40267 0.00428562
899 1.41454 1.40268 0.00428087
900 1.40769 1.40269 0.00427612
901 1.10482 1.40236 0.00428414
902 1.46741 1.40243 0.00428
903 1.50853 1.40255 0.00427687
904 1.55545 1.40272 0.00427548
905 1.55297 1.40288 0.00427398
906 1.28655 1.40275 0.00427119
907 1.27337 1.40261 0.00426886
908 1.33609 1.40254 0.00426479
909 1.38696 1.40252 0.00426013
910 1.11291 1.4022 0.00426733
911 1.28757 1.40208 0.0042645
912 1.3953 1.40207 0.00425983
913 1.30399 1.40196 0.00425652
914 1.37398 1.40193 0.00425197
915 1.44074 1.40197 0.00424753
916 1.405 1.40198 0.00424289
917 1.50875 1.40209 0.00423986
918 1.30174 1.40198 0.00423665
919 1.15836 1.40172 0.00424033
920 1.38634 1.4017 0.00423575
921 1.44823 1.40175 0.00423145
922 1.17646 1.40151 0.00423392
923 1.44599 1.40156 0.0042296
924 1.29347 1.40144 0.00422664
925 1.32364 1.40136 0.00422291
926 1.47492 1.40143 0.00421909
927 1.29364 1.40132 0.00421614
928 1.17539 1.40108 0.00421863
929 1.31644 1.40098 0.00421507
930 1.42323 1.40101 0.0042106
931 1.56528 1.40118 0.00420978
932 1.39378 1.40118 0.00420527
933 1.39207 1.40117 0.00420077
934 1.47521 1.40125 0.00419702
935 1.45 1.4013 0.00419285
936 1.37513 1.40127 0.00418846
937 1.27032 1.40113 0.00418632
938 1.28234 1.401 0.00418377
939 1.45278 1.40106 0.00417968
940 1.36375 1.40102 0.00417542
941 1.46582 1.40109 0.00417155
942 1.33639 1.40102 0.00416768
943 1.42036 1.40104 0.00416331
944 1.33103 1.40097 0.00415956
945 1.24033 1.4008 0.00415863
946 1.4162 1.40081 0.00415426
947 1.34837 1.40076 0.00415025
948 1.43111 1.40079 0.00414599
949 1.31718 1.4007 0.00414255
950 1.2581 1.40055 0.00414091
951 1.37083 1.40052 0.00413667
952 1.31135 1.40043 0.00413339
953 1.57135 1.4006 0.00413294
954 1.6372 1.40085 0.00413605
955 1.60621 1.40107 0.00413731
956 1.3703 1.40104 0.0041331
957 1.34241 1.40097 0.00412924
958 1.38305 1.40096 0.00412497
959 1.41096 1.40097 0.00412068
960 1.31709 1.40088 0.00411731
961 1.43382 1.40091 0.00411317
962 1.19578 1.4007 0.00411442
963 1.32471 1.40062 0.0041109
964 1.49432 1.40072 0.00410778
965 1.49439 1.40082 0.00410467
966 1.32115 1.40073 0.00410125
967 1.38866 1.40072 0.00409703
968 1.15874 1.40047 0.00410042
969 1.28832 1.40035 0.00409782
970 1.21444 1.40016 0.00409808
971 1.33118 1.40009 0.00409447
972 1.48694 1.40018 0.00409123
973 1.32413 1.4001 0.00408777
974 1.24513 1.39994 0.00408667
975 1.45113 1.4 0.00408282
976 1.32295 1.39992 0.00407939
977 1.34758 1.39986 0.00407557
978 1.2459 1.39971 0.00407444
979 1.25134 1.39955 0.0040731
980 1.21259 1.39936 0.00407341
981 1.38456 1.39935 0.00406928
982 1.38219 1.39933 0.00406518
983 1.43724 1.39937 0.00406122
984 1.22384 1.39919 0.00406101
985 1.35922 1.39915 0.00405709
986 1.52663 1.39928 0.00405503
987 1.26142 1.39914 0.00405333
988 1.49392 1.39924 0.00405036
989 1.4207 1.39926 0.00404632
990 1.24617 1.3991 0.00404519
991 1.21123 1.39891 0.00404555
992 1.22906 1.39874 0.0040451
993 1.37881 1.39872 0.00404107
994 1.42461 1.39875 0.00403709
995 1.30467 1.39865 0.00403414
996 1.34859 1.3986 0.0040304
997 1.54636 1.39875 0.00402908
998 1.35453 1.39871 0.00402528
999 1.21218 1.39852 0.00402558
1000 1.19535 1.39832 0.00402669
1 7.50341 7.50341 0
2 7.55454 7.52898 0.0255682
3 7.67357 7.57717 0.050407
4 7.79815 7.63242 0.0657442
5 7.48762 7.60346 0.0585831
6 7.45171 7.57817 0.0541075
7 7.77468 7.60624 0.0536585
8 7.41009 7.58172 0.0525411
9 7.41696 7.56341 0.0498222
10 7.65586 7.57266 0.0455112
11 7.66601 7.58115 0.0420321
12 7.47604 7.57239 0.0393569
13 7.42449 7.56101 0.0379484
14 7.73662 7.57355 0.0373054
15 7.55498 7.57232 0.0347515
16 7.66815 7.5783 0.0330543
17 7.57546 7.57814 0.0310496
18 7.52691 7.57529 0.0294118
19 7.52359 7.57257 0.0279536
20 7.5702 7.57245 0.0265193
21 7.62814 7.5751 0.0253639
22 7.75077 7.58309 0.0254677
23 7.50396 7.57965 0.0245772
24 7.59027 7.58009 0.0235351
25 7.53349 7.57823 0.0226509
26 7.46968 7.57405 0.0221591
27 7.61664 7.57563 0.0213809
28 7.67699 7.57925 0.0209188
29 7.67181 7.58244 0.0204354
30 7.76418 7.5885 0.020651
31 7.49604 7.58552 0.0201952
32 7.70872 7.58937 0.0199293
33 7.58454 7.58922 0.0193165
34 7.52898 7.58745 0.0188233
35 7.64108 7.58898 0.0183417
36 7.57017 7.58846 0.0178326
37 7.64073 7.58987 0.0174014
38 7.65126 7.59149 0.0170142
39 7.54141 7.5902 0.0166218
40 7.65654 7.59186 0.0162856
41 7.5578 7.59103 0.0159051
42 7.47119 7.58818 0.0157819
43 7.53742 7.587 0.0154557
44 7.63916 7.58818 0.0151468
45 7.68862 7.59041 0.0149736
46 7.68255 7.59242 0.0147809
47 7.59926 7.59256 0.0144637
48 7.5405 7.59148 0.0142006
49 7.68203 7.59333 0.01403
50 7.56985 7.59286 0.0137546
51 7.50421 7.59112 0.0135938
52 7.76566 7.59448 0.0137459
53 7.61073 7.59478 0.0134875
54 7.61708 7.59519 0.0132419
55 7.65941 7.59636 0.0130512
56 7.51587 7.59493 0.0128964
57 7.59602 7.59494 0.0126681
58 7.54851 7.59414 0.0124735
59 7.6594 7.59525 0.01231
60 7.63373 7.59589 0.0121201
61 7.69988 7.5976 0.012041
62 7.58929 7.59746 0.011846
63 7.57858 7.59716 0.0116603
64 7.49123 7.59551 0.0115954
65 7.45244 7.59331 0.0116259
66 7.54494 7.59257 0.0114718
67 7.54391 7.59185 0.0113226
68 7.55893 7.59136 0.0111654
69 7.48777 7.58986 0.0111043
70 7.60799 7.59012 0.0109476
71 7.49746 7.58882 0.0108709
72 7.48882 7.58743 0.0108085
73 7.72292 7.58928 0.0108198
74 7.50726 7.58817 0.01073
75 7.48628 7.58682 0.0106727
76 7.62475 7.58731 0.0105432
77 7.69143 7.58867 0.0104929
78 7.37112 7.58588 0.0107264
79 7.76052 7.58809 0.010818
80 7.534 7.58741 0.0107033
81 7.55277 7.58698 0.010579
82 7.62464 7.58744 0.0104593
83 7.40187 7.58521 0.0105716
84 7.55118 7.5848 0.0104529
85 7.46061 7.58334 0.010432
86 7.42404 7.58149 0.0104751
87 7.57376 7.5814 0.0103543
88 7.65481 7.58223 0.0102699
89 7.60006 7.58243 0.0101559
90 7.70764 7.58383 0.0101383
91 7.64234 7.58447 0.0100468
92 7.60442 7.58469 0.00993941
93 7.68022 7.58571 0.00988547
94 7.43447 7.5841 0.00991121
95 7.46815 7.58288 0.009882
96 7.59504 7.58301 0.00977934
97 7.45964 7.58174 0.00976122
98 7.62318 7.58216 0.00967035
99 7.61038 7.58245 0.00957641
100 7.68146 7.58344 0.00953173
101 7.74562 7.58504 0.00957253
102 7.49821 7.58419 0.00951636
103 7.6493 7.58482 0.0094447
104 7.61561 7.58512 0.00935813
105 7.67621 7.58599 0.00930909
106 7.65934 7.58668 0.00924678
107 7.45882 7.58548 0.00923756
108 7.83681 7.58781 0.00944286
109 7.57262 7.58767 0.00935686
110 7.61498 7.58792 0.00927473
111 7.57792 7.58783 0.00919124
112 7.54202 7.58742 0.00911798
113 7.68093 7.58825 0.00907474
114 7.60899 7.58843 0.00899663
115 7.41173 7.58689 0.00904946
116 7.55453 7.58661 0.00897544
117 7.61679 7.58687 0.00890214
118 7.44773 7.58569 0.00890479
119 7.66663 7.58637 0.00885579
120 7.60909 7.58656 0.00878372
121 7.6187 7.58683 0.00871488
122 7.49026 7.58604 0.00867931
123 7.54133 7.58567 0.00861613
124 7.63261 7.58605 0.00855474
125 7.65947 7.58664 0.00850633
126 7.7138 7.58765 0.00849868
127 7.51552 7.58708 0.0084506
128 7.59258 7.58712 0.00838443
129 7.64945 7.58761 0.0083332
130 7.67868 7.58831 0.00829848
131 7.52881 7.58785 0.0082474
132 7.54766 7.58755 0.00819034
133 7.6419 7.58796 0.0081388
134 7.56489 7.58778 0.00807967
135 7.46818 7.5869 0.00806838
136 7.62624 7.58719 0.00801406
137 7.654 7.58768 0.00797028
138 7.66777 7.58826 0.00793357
139 7.66073 7.58878 0.00789353
140 7.38418 7.58732 0.00797203
141 7.49492 7.58666 0.00794237
142 7.54602 7.58637 0.00789143
143 7.57686 7.58631 0.00783634
144 7.56133 7.58613 0.00778366
145 7.52893 7.58574 0.00773986
146 7.8318 7.58743 0.00786925
147 7.50565 7.58687 0.0078353
148 7.50139 7.58629 0.00780358
149 7.58575 7.58629 0.00775103
150 7.59371 7.58634 0.00769935
151 7.60227 7.58644 0.00764892
152 7.63763 7.58678 0.00760589
153 7.56025 7.58661 0.007558
154 7.74922 7.58766 0.00758264
155 7.60546 7.58778 0.00753444
156 7.70189 7.58851 0.00752164
157 7.48935 7.58788 0.00750022
158 7.55411 7.58766 0.00745566
159 7.65026 7.58806 0.00741907
160 7.64366 7.5884 0.00738075
161 7.61751 7.58859 0.00733699
162 7.71016 7.58934 0.00733007
163 7.54374 7.58906 0.00729033
164 7.53827 7.58875 0.00725236
165 7.60803 7.58886 0.00720922
166 7.56059 7.58869 0.00716768
167 7.65654 7.5891 0.0071362
168 7.53762 7.58879 0.00710022
169 7.679 7.58933 0.00707823
170 7.60999 7.58945 0.00703752
171 7.51338 7.589 0.00701037
172 7.553 7.58879 0.00697264
173 7.62501 7.589 0.00693538
174 7.49804 7.58848 0.00691519
175 7.66425 7.58891 0.00688919
176 7.79453 7.59008 0.00694884
177 7.73946 7.59093 0.00696083
178 7.52034 7.59053 0.00693296
179 7.73334 7.59133 0.00694013
180 7.5913 7.59133 0.00690147
181 7.52169 7.59094 0.00687401
182 7.675 7.5914 0.00685172
183 7.68325 7.59191 0.00683263
184 7.57921 7.59184 0.00679575
185 7.55838 7.59166 0.00676133
186 7.60926 7.59175 0.00672555
187 7.66856 7.59216 0.00670209
188 7.57285 7.59206 0.00666713
189 7.61774 7.59219 0.00663315
190 7.68007 7.59266 0.00661434
191 7.63127 7.59286 0.00658273
192 7.73922 7.59362 0.00659257
193 7.62703 7.59379 0.00656061
194 7.67475 7.59421 0.00654003
195 7.42153 7.59333 0.00656639
196 7.65404 7.59364 0.00654014
197 7.65413 7.59394 0.0065141
198 7.70726 7.59452 0.00650634
199 7.46363 7.59386 0.00650689
200 7.69719 7.59437 0.00649485
201 7.58697 7.59434 0.00646257
202 7.51948 7.59397 0.00644116
203 7.6858 7.59442 0.0064253
204 7.70524 7.59496 0.00641676
205 7.64186 7.59519 0.00638948
206 7.61613 7.59529 0.0063592
207 7.62191 7.59542 0.00632971
208 7.599 7.59544 0.00629923
209 7.68784 7.59588 0.00628459
210 7.58173 7.59581 0.00625495
211 7.64704 7.59606 0.00622997
212 7.55522 7.59586 0.0062035
213 7.6657 7.59619 0.00618301
214 7.42397 7.59539 0.00620645
215 7.48311 7.59486 0.00619954
216 7.54164 7.59462 0.00617569
217 7.53443 7.59434 0.00615342
218 7.82696 7.59541 0.00621738
219 7.70406 7.5959 0.00620878
220 7.48883 7.59542 0.00619963
221 7.71724 7.59597 0.00619608
222 7.665 7.59628 0.00617594
223 7.69131 7.59671 0.00616294
224 7.63673 7.59688 0.00613796
225 7.54729 7.59666 0.0061146
226 7.66495 7.59697 0.00609498
227 7.65822 7.59724 0.00607406
228 7.53097 7.59695 0.00605434
229 7.43184 7.59622 0.00607081
230 7.6931 7.59665 0.00605902
231 7.78333 7.59745 0.00608662
232 7.62725 7.59758 0.00606169
233 7.46873 7.59703 0.0060609
234 7.53936 7.59678 0.00603997
235 7.57113 7.59667 0.00601521
236 7.63904 7.59685 0.00599236
237 7.63659 7.59702 0.00596937
238 7.62389 7.59713 0.00594531
239 7.60406 7.59716 0.00592045
240 7.70062 7.59759 0.00591147
241 7.58696 7.59755 0.00588706
242 7.52834 7.59726 0.00586965
243 7.60961 7.59731 0.00584567
244 7.60707 7.59735 0.0058218
245 7.67518 7.59767 0.00580668
246 7.4994 7.59727 0.00579681
247 7.66355 7.59754 0.00577953
248 7.69193 7.59792 0.00576874
249 7.60822 7.59796 0.00574568
250 7.53656 7.59772 0.00572792
251 7.41297 7.59698 0.00575234
252 7.6836 7.59732 0.00573977
253 7.54703 7.59713 0.00572049
254 7.49745 7.59673 0.00571142
255 7.60887 7.59678 0.00568918
256 7.83968 7.59773 0.00574579
257 7.59501 7.59772 0.0057234
258 7.82008 7.59858 0.00576595
259 7.57763 7.5985 0.00574422
260 7.6338 7.59864 0.00572369
261 7.68185 7.59895 0.00571063
262 7.47558 7.59848 0.00570825
263 7.48913 7.59807 0.00570168
264 7.53494 7.59783 0.00568507
265 7.61787 7.5979 0.00566409
266 7.70154 7.59829 0.00565619
267 7.58023 7.59823 0.00563537
268 7.57812 7.59815 0.0056148
269 7.62143 7.59824 0.00559456
270 7.40594 7.59753 0.00561912
271 7.50222 7.59717 0.00560938
272 7.52235 7.5969 0.00559549
273 7.61117 7.59695 0.0055752
274 7.70031 7.59733 0.00556761
275 7.45786 7.59682 0.00557046
276 7.6245 7.59692 0.00555115
277 7.51857 7.59664 0.0055383
278 7.58419 7.59659 0.00551852
279 7.44467 7.59605 0.0055256
280 7.70435 7.59644 0.0055194
281 7.45894 7.59595 0.00552145
282 7.64715 7.59613 0.00550483
283 7.53446 7.59591 0.00548967
284 7.55677 7.59577 0.00547204
285 7.40836 7.59512 0.00549232
286 7.48866 7.59474 0.00548572
287 7.54258 7.59456 0.00546959
288 7.63301 7.59469 0.0054522
289 7.62285 7.59479 0.00543418
290 7.70675 7.59518 0.00542915
291 7.68535 7.59549 0.00541933
292 7.63648 7.59563 0.00540256
293 7.61711 7.5957 0.00538459
294 7.63578 7.59584 0.00536798
295 7.52152 7.59559 0.00535568
296 7.60751 7.59563 0.00533771
297 7.52012 7.59537 0.00532577
298 7.37074 7.59462 0.00536113
299 7.43743 7.59409 0.00536897
300 7.58635 7.59407 0.00535111
301 7.59753 7.59408 0.00533331
302 7.61348 7.59414 0.00531601
303 7.65108 7.59433 0.00530177
304 7.56253 7.59423 0.00528534
305 7.38601 7.59354 0.00531203
306 7.53153 7.59334 0.00529852
307 7.54454 7.59318 0.00528362
308 7.61423 7.59325 0.00526688
309 7.62982 7.59337 0.00525115
310 7.67288 7.59362 0.00524046
311 7.46081 7.5932 0.00524101
312 7.5806 7.59316 0.00522434
313 7.59895 7.59318 0.00520766
314 7.74709 7.59367 0.00521414
315 7.63808 7.59381 0.00519947
316 7.66575 7.59403 0.00518799
317 7.75391 7.59454 0.00519613
318 7.70184 7.59488 0.00519074
319 7.55023 7.59474 0.00517634
320 7.63109 7.59485 0.00516139
321 7.56105 7.59475 0.00514636
322 7.58134 7.5947 0.00513052
323 7.62311 7.59479 0.00511537
324 7.57003 7.59471 0.00510013
325 7.556 7.5946 0.00508581
326 7.65383 7.59478 0.00507344
327 7.58253 7.59474 0.00505804
328 7.53425 7.59456 0.00504597
329 7.50957 7.5943 0.00503723
330 7.60464 7.59433 0.00502204
331 7.5879 7.59431 0.00500689
332 7.41256 7.59376 0.00502171
333 7.61571 7.59383 0.00500704
334 7.48318 7.5935 0.00500301
335 7.66686 7.59372 0.00499286
336 7.74743 7.59417 0.00499895
337 7.47841 7.59383 0.00499592
338 7.53151 7.59365 0.00498453
339 7.55921 7.59354 0.00497084
340 7.70579 7.59387 0.00496718
341 7.53467 7.5937 0.00495563
342 7.66458 7.59391 0.00494547
343 7.50277 7.59364 0.00493818
344 7.55139 7.59352 0.00492534
345 7.82088 7.59418 0.00495506
346 7.60308 7.5942 0.00494079
347 7.65969 7.59439 0.00493014
348 7.56035 7.59429 0.00491693
349 7.61666 7.59436 0.00490324
350 7.5499 7.59423 0.00489086
351 7.59859 7.59424 0.00487692
352 7.44501 7.59382 0.00488149
353 7.56191 7.59373 0.00486848
354 7.74392 7.59415 0.00487321
355 7.60563 7.59419 0.00485957
356 7.58162 7.59415 0.00484603
357 7.67284 7.59437 0.00483746
358 7.6001 7.59439 0.00482396
359 7.65039 7.59454 0.00481303
360 7.6532 7.59471 0.00480241
361 7.53752 7.59455 0.0047917
362 7.58279 7.59452 0.00477856
363 7.54386 7.59438 0.00476742
364 7.55785 7.59428 0.00475536
365 7.50804 7.59404 0.0047482
366 7.61653 7.5941 0.00473561
367 7.50611 7.59386 0.00472877
368 7.66456 7.59405 0.00471981
369 7.67258 7.59427 0.00471181
370 7.54827 7.59414 0.0047007
371 7.62773 7.59423 0.00468889
372 7.76127 7.59468 0.00469778
373 7.68453 7.59492 0.00469135
374 7.81223 7.5955 0.00471473
375 7.44261 7.5951 0.00471979
376 7.85049 7.59577 0.00475597
377 7.75047 7.59618 0.00476106
378 7.75826 7.59661 0.00476776
379 7.76496 7.59706 0.00477587
380 7.67003 7.59725 0.00476715
381 7.50342 7.597 0.004761
382 7.57872 7.59696 0.00474876
383 7.64181 7.59707 0.00473779
384 7.57916 7.59703 0.00472567
385 7.57444 7.59697 0.00471374
386 7.74417 7.59735 0.00471695
387 7.61718 7.5974 0.00470503
388 7.54993 7.59728 0.00469448
389 7.56476 7.59719 0.00468314
390 7.53423 7.59703 0.00467391
391 7.54013 7.59689 0.00466421
392 7.67545 7.59709 0.00465661
393 7.53836 7.59694 0.00464715
394 7.49463 7.59668 0.00464261
395 7.42521 7.59624 0.00465114
396 7.86526 7.59692 0.00468885
397 7.47608 7.59662 0.00468692
398 7.54909 7.5965 0.00467666
399 7.60215 7.59651 0.00466494
400 7.68881 7.59674 0.00465898
401 7.49283 7.59649 0.00465457
402 7.6325 7.59658 0.00464384
403 7.63268 7.59666 0.00463317
404 7.56501 7.59659 0.00462235
405 7.69665 7.59683 0.00461754
406 7.48127 7.59655 0.00461494
407 7.6005 7.59656 0.0046036
408 7.57281 7.5965 0.00459267
409 7.67045 7.59668 0.00458499
410 7.47617 7.59639 0.00458323
411 7.71493 7.59668 0.00458115
412 7.7111 7.59695 0.00457845
413 7.55727 7.59686 0.00456836
414 7.628 7.59693 0.00455794
415 7.57719 7.59688 0.00454719
416 7.66258 7.59704 0.00453899
417 7.47369 7.59675 0.00453775
418 7.37112 7.59621 0.00455894
419 7.63445 7.5963 0.00454896
420 7.63679 7.59639 0.00453915
421 7.62611 7.59647 0.0045289
422 7.61229 7.5965 0.00451831
423 7.63439 7.59659 0.00450851
424 7.61249 7.59663 0.00449802
425 7.61608 7.59668 0.00448765
426 7.69399 7.5969 0.00448293
427 7.79239 7.59736 0.00449579
428 7.45862 7.59704 0.00449697
429 7.56942 7.59697 0.00448694
430 7.46891 7.59668 0.00448639
431 7.54147 7.59655 0.0044778
432 7.44289 7.59619 0.00448156
433 7.55408 7.59609 0.00447226
434 7.54221 7.59597 0.00446367
435 7.61916 7.59602 0.00445371
436 7.75017 7.59638 0.00445753
437 7.5431 7.59626 0.00444899
438 7.5686 7.59619 0.00443927
439 7.58058 7.59616 0.00442929
440 7.6462 7.59627 0.00442067
441 7.69004 7.59648 0.00441576
442 7.59135 7.59647 0.00440577
443 7.62442 7.59653 0.00439627
444 7.53875 7.5964 0.00438829
445 7.63509 7.59649 0.00437928
446 7.59041 7.59648 0.00436947
447 7.46275 7.59618 0.00436994
448 7.39848 7.59574 0.00438245
449 7.58894 7.59572 0.0043727
450 7.69951 7.59595 0.00436907
451 7.5019 7.59574 0.00436435
452 7.63285 7.59583 0.00435546
453 7.53195 7.59569 0.00434812
454 7.73949 7.596 0.00435008
455 7.5316 7.59586 0.00434282
456 7.44531 7.59553 0.00434584
457 7.66918 7.59569 0.00433932
458 7.56694 7.59563 0.00433029
459 7.69225 7.59584 0.00432597
460 7.48902 7.59561 0.00432279
461 7.59247 7.5956 0.00431341
462 7.75306 7.59594 0.00431754
463 7.60337 7.59596 0.00430823
464 7.64595 7.59606 0.00430029
465 7.45082 7.59575 0.00430238
466 7.70072 7.59598 0.00429905
467 7.65728 7.59611 0.00429184
468 7.52543 7.59596 0.00428532
469 7.63116 7.59603 0.00427683
470 7.65533 7.59616 0.00426959
471 7.70678 7.59639 0.00426698
472 7.64355 7.59649 0.0042591
473 7.61632 7.59654 0.0042503
474 7.51893 7.59637 0.00424448
475 7.85872 7.59692 0.00427139
476 7.64809 7.59703 0.00426377
477 7.61279 7.59707 0.00425495
478 7.53155 7.59693 0.00424825
479 7.55017 7.59683 0.00424049
480 7.59169 7.59682 0.00423166
481 7.50884 7.59664 0.00422681
482 7.63876 7.59672 0.00421894
483 7.67238 7.59688 0.00421311
484 7.65403 7.597 0.00420605
485 7.66901 7.59715 0.0042
486 7.50883 7.59697 0.00419528
487 7.6344 7.59704 0.00418737
488 7.5359 7.59692 0.00418066
489 7.4682 7.59665 0.00418039
490 7.54191 7.59654 0.00417335
491 7.49328 7.59633 0.00417015
492 7.55404 7.59625 0.00416255
493 7.64326 7.59634 0.00415519
494 7.56527 7.59628 0.00414725
495 7.63808 7.59636 0.00413972
496 7.69208 7.59656 0.00413587
497 7.55946 7.59648 0.00412822
498 7.45426 7.5962 0.00412981
499 7.7508 7.59651 0.00413315
500 7.55542 7.59642 0.0041257
501 7.53588 7.5963 0.00411923
502 7.62098 7.59635 0.00411131
503 7.69938 7.59656 0.00410823
504 7.77556 7.59691 0.00411543
505 7.48623 7.59669 0.00411311
506 7.69701 7.59689 0.00410976
507 7.68027 7.59706 0.00410494
508 7.74839 7.59735 0.00410767
509 7.57154 7.5973 0.00409991
510 7.62142 7.59735 0.00409213
511 7.48567 7.59713 0.00408996
512 7.56043 7.59706 0.00408259
513 7.54423 7.59696 0.00407593
514 7.64334 7.59705 0.00406899
515 7.39309 7.59665 0.00408035
516 7.60398 7.59666 0.00407246
517 7.63004 7.59673 0.00406509
518 7.63975 7.59681 0.00405808
519 7.66898 7.59695 0.00405264
520 7.69243 7.59714 0.00404901
521 7.53898 7.59702 0.00404277
522 7.6351 7.5971 0.00403568
523 7.61513 7.59713 0.0040281
524 7.60274 7.59714 0.00402042
525 7.64281 7.59723 0.0040137
526 7.74033 7.5975 0.00401529
527 7.48576 7.59729 0.00401326
528 7.57539 7.59725 0.00400587
529 7.65148 7.59735 0.00399961
530 7.55186 7.59726 0.00399297
531 7.64026 7.59734 0.00398627
532 7.53798 7.59723 0.00398033
533 7.72909 7.59748 0.00398055
534 7.66576 7.59761 0.00397515
535 7.66092 7.59773 0.00396948
536 7.57846 7.59769 0.00396223
537 7.61884 7.59773 0.00395504
538 7.64792 7.59782 0.00394878
539 7.4364 7.59752 0.00395281
540 7.6478 7.59762 0.00394658
541 7.67319 7.59776 0.00394176
542 7.84643 7.59822 0.00396114
543 7.48857 7.59801 0.00395899
544 7.62417 7.59806 0.003952
545 7.60846 7.59808 0.00394478
546 7.44242 7.5978 0.00394786
547 7.70569 7.59799 0.00394557
548 7.74215 7.59826 0.00394714
549 7.55902 7.59818 0.00394059
550 7.53838 7.59808 0.00393492
551 7.66021 7.59819 0.00392939
552 7.59799 7.59819 0.00392227
553 7.80124 7.59856 0.00393235
554 7.64838 7.59865 0.00392628
555 7.56354 7.59858 0.00391971
556 7.82849 7.599 0.00393444
557 7.65812 7.5991 0.0039288
558 7.61605 7.59913 0.00392187
559 7.54001 7.59903 0.00391628
560 7.86891 7.59951 0.00393887
561 7.56216 7.59944 0.00393241
562 7.52709 7.59931 0.00392752
563 7.57958 7.59928 0.00392069
564 7.75461 7.59955 0.00392341
565 7.68723 7.59971 0.00391954
566 7.52746 7.59958 0.00391469
567 7.48651 7.59938 0.00391286
568 7.7152 7.59959 0.00391128
569 7.68108 7.59973 0.00390703
570 7.65678 7.59983 0.00390145
571 7.59605 7.59982 0.00389462
572 7.46098 7.59958 0.00389538
573 7.70249 7.59976 0.00389272
574 7.59034 7.59974 0.00388597
575 7.58323 7.59971 0.00387931
576 7.57601 7.59967 0.00387279
577 7.36599 7.59927 0.00388722
578 7.30058 7.59875 0.00391475
579 7.5655 7.59869 0.0039084
580 7.43974 7.59842 0.00391127
581 7.55101 7.59834 0.00390539
582 7.46294 7.59811 0.00390561
583 7.66399 7.59822 0.00390054
584 7.53073 7.5981 0.00389557
585 7.60803 7.59812 0.00388894
586 7.70007 7.59829 0.0038862
587 7.46458 7.59807 0.00388625
588 7.53486 7.59796 0.00388113
589 7.62484 7.598 0.0038748
590 7.4137 7.59769 0.00388082
591 7.65789 7.59779 0.00387558
592 7.64118 7.59787 0.00386973
593 7.46629 7.59764 0.00386956
594 7.62736 7.59769 0.00386337
595 7.55361 7.59762 0.00385758
596 7.66245 7.59773 0.00385264
597 7.44232 7.59747 0.00385498
598 7.60279 7.59748 0.00384854
599 7.42886 7.5972 0.0038524
600 7.45638 7.59696 0.00385313
601 7.52016 7.59683 0.00384884
602 7.41044 7.59652 0.00385489
603 7.61261 7.59655 0.00384859
604 7.58866 7.59654 0.00384223
605 7.78173 7.59684 0.00384807
606 7.5925 7.59684 0.00384172
607 7.62414 7.59688 0.00383565
608 7.61512 7.59691 0.00382946
609 7.47621 7.59671 0.0038283
610 7.77829 7.59701 0.00383359
611 7.61257 7.59704 0.0038274
612 7.67849 7.59717 0.00382345
613 7.59586 7.59717 0.00381721
614 7.64863 7.59725 0.00381191
615 7.49898 7.59709 0.00380906
616 7.62847 7.59714 0.00380321
617 7.52075 7.59702 0.00379906
618 7.6664 7.59713 0.00379457
619 7.6096 7.59715 0.00378849
620 7.59145 7.59714 0.00378239
621 7.57281 7.5971 0.00377649
622 7.69428 7.59726 0.00377365
623 7.47069 7.59706 0.00377306
624 7.51686 7.59693 0.0037692
625 7.52507 7.59681 0.00376492
626 7.61799 7.59685 0.00375906
627 7.66 7.59695 0.00375441
628 7.58484 7.59693 0.00374848
629 7.61634 7.59696 0.00374264
630 7.69014 7.59711 0.00373962
631 7.61045 7.59713 0.00373375
632 7.52197 7.59701 0.00372973
633 7.63245 7.59707 0.00372426
634 7.5388 7.59697 0.00371951
635 7.64049 7.59704 0.00371428
636 7.68777 7.59718 0.00371118
637 7.69472 7.59734 0.00370851
638 7.53516 7.59724 0.00370398
639 7.3625 7.59687 0.00371638
640 7.6087 7.59689 0.00371061
641 7.55374 7.59682 0.00370543
642 7.56439 7.59677 0.0037
643 7.66878 7.59689 0.00369594
644 7.73369 7.5971 0.0036963
645 7.46875 7.5969 0.00369593
646 7.65747 7.59699 0.00369139
647 7.43375 7.59674 0.00369431
648 7.73527 7.59695 0.00369479
649 7.58602 7.59694 0.00368914
650 7.62712 7.59698 0.00368375
651 7.63074 7.59704 0.00367845
652 7.60348 7.59705 0.00367282
653 7.57116 7.59701 0.0036674
654 7.59636 7.597 0.00366179
655 7.70102 7.59716 0.00365964
656 7.69201 7.59731 0.00365692
657 7.53982 7.59722 0.0036524
658 7.48623 7.59705 0.00365074
659 7.4014 7.59675 0.00365727
660 7.57589 7.59672 0.00365186
661 7.55652 7.59666 0.00364684
662 7.52592 7.59656 0.00364289
663 7.79136 7.59685 0.00364924
664 7.65048 7.59693 0.00364464
665 7.67477 7.59705 0.00364103
666 7.52154 7.59693 0.00363733
667 7.604 7.59694 0.00363189
668 7.65262 7.59703 0.00362741
669 7.58721 7.59701 0.00362201
670 7.66985 7.59712 0.00361823
671 7.55901 7.59707 0.00361328
672 7.71329 7.59724 0.00361204
673 7.57848 7.59721 0.00360678
674 7.65179 7.59729 0.00360234
675 7.49037 7.59713 0.00360048
676 7.66296 7.59723 0.00359647
677 7.55791 7.59717 0.00359162
678 7.58867 7.59716 0.00358634
679 7.69987 7.59731 0.00358425
680 7.6659 7.59741 0.0035804
681 7.4869 7.59725 0.00357882
682 7.56185 7.5972 0.00357394
683 7.67063 7.5973 0.00357033
684 7.49865 7.59716 0.00356802
685 7.65251 7.59724 0.00356372
686 7.58793 7.59723 0.00355855
687 7.5822 7.59721 0.00355343
688 7.53091 7.59711 0.00354957
689 7.55756 7.59705 0.00354488
690 7.59318 7.59705 0.00353975
691 7.71657 7.59722 0.00353885
692 7.64601 7.59729 0.00353444
693 7.45063 7.59708 0.00353567
694 7.57026 7.59704 0.00353078
695 7.55103 7.59697 0.00352632
696 7.65838 7.59706 0.00352236
697 7.53207 7.59697 0.00351853
698 7.79267 7.59725 0.00352466
699 7.64328 7.59731 0.00352023
700 7.48065 7.59715 0.00351915
701 7.53729 7.59706 0.00351516
702 7.59248 7.59706 0.00351015
703 7.50167 7.59692 0.00350778
704 7.54517 7.59685 0.00350357
705 7.65073 7.59692 0.00349943
706 7.58449 7.59691 0.00349451
707 7.70764 7.59706 0.00349308
708 7.57361 7.59703 0.0034883
709 7.71984 7.5972 0.00348768
710 7.68604 7.59733 0.00348501
711 7.56463 7.59728 0.00348041
712 7.34704 7.59693 0.00349325
713 7.65934 7.59702 0.00348944
714 7.62055 7.59705 0.00348471
715 7.60184 7.59706 0.00347984
716 7.72533 7.59724 0.00347959
717 7.70016 7.59738 0.00347769
718 7.59551 7.59738 0.00347285
719 7.52419 7.59728 0.00346951
720 7.56395 7.59723 0.003465
721 7.64818 7.5973 0.00346091
722 7.46645 7.59712 0.00346086
723 7.62034 7.59715 0.00345622
724 7.76995 7.59739 0.00345968
725 7.61598 7.59742 0.003455
726 7.49836 7.59728 0.00345294
727 7.57302 7.59725 0.00344835
728 7.56969 7.59721 0.00344382
729 7.54894 7.59714 0.00343973
730 7.43835 7.59692 0.00344189
731 7.76166 7.59715 0.00344456
732 7.67499 7.59726 0.00344149
733 7.68836 7.59738 0.00343904
734 7.49321 7.59724 0.00343728
735 7.74069 7.59743 0.00343815
736 7.38252 7.59714 0.00344587
737 7.59085 7.59713 0.0034412
738 7.65916 7.59722 0.00343756
739 7.56393 7.59717 0.0034332
740 7.46045 7.59699 0.00343353
741 7.61735 7.59701 0.00342901
742 7.74767 7.59722 0.0034304
743 7.43578 7.597 0.00343266
744 7.74236 7.5972 0.00343361
745 7.61676 7.59722 0.0034291
746 7.74097 7.59741 0.00342991
747 7.51157 7.5973 0.00342725
748 7.57429 7.59727 0.0034228
749 7.69131 7.59739 0.00342053
750 7.61576 7.59742 0.00341606
751 7.6949 7.59755 0.00341397
752 7.60596 7.59756 0.00340945
753 7.65947 7.59764 0.00340591
754 7.58038 7.59762 0.00340147
755 7.6839 7.59773 0.00339888
756 7.69724 7.59787 0.00339693
757 7.43073 7.59764 0.00339962
758 7.71083 7.59779 0.00339841
759 7.7847 7.59804 0.00340286
760 7.64163 7.5981 0.00339886
761 7.67639 7.5982 0.00339595
762 7.65169 7.59827 0.00339222
763 7.61619 7.59829 0.00338785
764 7.62717 7.59833 0.00338362
765 7.58313 7.59831 0.00337925
766 7.63961 7.59837 0.00337527
767 7.73437 7.59854 0.00337553
768 7.67938 7.59865 0.00337277
769 7.67555 7.59875 0.00336987
770 7.74052 7.59893 0.00337052
771 7.68923 7.59905 0.00336818
772 7.73538 7.59923 0.00336845
773 7.55411 7.59917 0.0033646
774 7.70901 7.59931 0.00336324
775 7.56653 7.59927 0.00335917
776 7.59432 7.59926 0.00335484
777 7.61709 7.59928 0.0033506
778 7.67721 7.59938 0.00334779
779 7.50889 7.59927 0.0033455
780 7.5418 7.59919 0.00334202
781 7.55844 7.59914 0.00333815
782 7.4636 7.59897 0.00333838
783 7.49859 7.59884 0.00333658
784 7.75191 7.59904 0.00333804
785 7.64305 7.59909 0.00333425
786 7.86469 7.59943 0.00334711
787 7.60524 7.59944 0.00334286
788 7.68956 7.59955 0.00334057
789 7.63111 7.59959 0.00333658
790 7.68402 7.5997 0.00333406
791 7.3821 7.59942 0.00334119
792 7.43566 7.59922 0.00334337
793 7.44946 7.59903 0.00334449
794 7.67255 7.59912 0.00334155
795 7.55212 7.59906 0.00333787
796 7.66637 7.59915 0.00333475
797 7.6416 7.5992 0.00333099
798 7.42573 7.59898 0.00333391
799 7.70821 7.59912 0.00333254
800 7.65794 7.59919 0.00332918
801 7.47829 7.59904 0.00332844
802 7.6123 7.59906 0.00332433
803 7.65137 7.59912 0.00332083
804 7.60654 7.59913 0.00331671
805 7.54886 7.59907 0.00331317
806 7.48761 7.59893 0.00331195
807 7.55103 7.59887 0.00330838
808 7.47843 7.59872 0.00330764
809 7.43123 7.59852 0.00331003
810 7.56275 7.59847 0.00330623
811 7.43598 7.59827 0.00330823
812 7.4575 7.5981 0.0033087
813 7.66109 7.59818 0.00330553
814 7.62207 7.5982 0.0033016
815 7.69311 7.59832 0.0032996
816 7.75897 7.59852 0.00330143
817 7.53466 7.59844 0.00329831
818 7.59914 7.59844 0.00329428
819 7.61517 7.59846 0.00329032
820 7.54578 7.5984 0.00328693
821 7.65366 7.59846 0.00328361
822 7.70982 7.5986 0.00328241
823 7.76215 7.5988 0.00328444
824 7.53911 7.59873 0.00328125
825 7.63697 7.59877 0.0032776
826 7.77808 7.59899 0.00328082
827 7.52496 7.5989 0.00327807
828 7.57797 7.59887 0.00327421
829 7.54762 7.59881 0.00327084
830 7.66268 7.59889 0.0032678
831 7.72967 7.59905 0.00326766
832 7.68171 7.59915 0.00326524
833 7.64459 7.5992 0.00326178
834 7.4988 7.59908 0.00326009
835 7.7089 7.59921 0.00325884
836 7.55337 7.59916 0.0032554
837 7.67532 7.59925 0.00325278
838 7.67834 7.59934 0.00325026
839 7.68054 7.59944 0.00324783
840 7.53716 7.59937 0.00324481
841 7.61498 7.59938 0.003241
842 7.63162 7.59942 0.00323738
843 7.60709 7.59943 0.00323355
844 7.5739 7.5994 0.00322985
845 7.6423 7.59945 0.00322643
846 7.66674 7.59953 0.00322359
847 7.55993 7.59948 0.00322013
848 7.59667 7.59948 0.00321633
849 7.67592 7.59957 0.0032138
850 7.55212 7.59952 0.0032105
851 7.73178 7.59967 0.00321049
852 7.40186 7.59944 0.00321511
853 7.64395 7.59949 0.00321177
854 7.55556 7.59944 0.00320842
855 7.68833 7.59954 0.00320635
856 7.59997 7.59954 0.0032026
857 7.7289 7.59969 0.00320242
858 7.46279 7.59954 0.00320266
859 7.78708 7.59975 0.00320637
860 7.5324 7.59968 0.0032036
861 7.72933 7.59983 0.00320342
862 7.55952 7.59978 0.00320004
863 7.53326 7.5997 0.00319726
864 7.53974 7.59963 0.00319431
865 7.54815 7.59957 0.00319117
866 7.49792 7.59946 0.00318965
867 7.68968 7.59956 0.00318766
868 7.44362 7.59938 0.00318905
869 7.6123 7.59939 0.00318542
870 7.41793 7.59919 0.00318858
871 7.53778 7.59912 0.0031857
872 7.60086 7.59912 0.00318204
873 7.75976 7.5993 0.00318372
874 7.48994 7.59918 0.00318254
875 7.7658 7.59937 0.00318459
876 7.64106 7.59941 0.00318131
877 7.58743 7.5994 0.00317771
878 7.75471 7.59958 0.00317902
879 7.71509 7.59971 0.00317812
880 7.77052 7.5999 0.00318043
881 7.56056 7.59986 0.00317713
882 7.56218 7.59982 0.00317382
883 7.66832 7.59989 0.00317117
884 7.61239 7.59991 0.00316761
885 7.57259 7.59988 0.00316418
886 7.63743 7.59992 0.00316089
887 7.63765 7.59996 0.00315761
888 7.5904 7.59995 0.00315407
889 7.72106 7.60009 0.00315347
890 7.52252 7.6 0.00315113
891 7.58203 7.59998 0.00314765
892 7.52076 7.59989 0.00314538
893 7.60513 7.5999 0.00314186
894 7.50582 7.59979 0.0031401
895 7.58922 7.59978 0.00313662
896 7.55551 7.59973 0.0031335
897 7.54175 7.59967 0.00313068
898 7.69459 7.59977 0.00312897
899 7.55435 7.59972 0.0031259
900 7.55747 7.59967 0.00312278
901 7.80675 7.5999 0.00312776
902 7.61581 7.59992 0.00312435
903 7.60618 7.59993 0.00312089
904 7.42632 7.59974 0.00312335
905 7.53706 7.59967 0.00312066
906 7.48842 7.59954 0.00311963
907 7.57362 7.59952 0.00311632
908 7.55607 7.59947 0.00311326
909 7.41699 7.59927 0.0031163
910 7.65276 7.59933 0.00311343
911 7.44746 7.59916 0.00311448
912 7.49323 7.59904 0.00311323
913 7.58648 7.59903 0.00310984
914 7.54779 7.59897 0.00310695
915 7.42847 7.59879 0.00310914
916 7.43614 7.59861 0.00311081
917 7.75688 7.59878 0.00311221
918 7.66134 7.59885 0.00310956
919 7.52498 7.59877 0.00310722
920 7.59222 7.59876 0.00310385
921 7.64369 7.59881 0.00310086
922 7.71113 7.59893 0.00309989
923 7.54807 7.59888 0.00309702
924 7.57031 7.59885 0.00309382
925 7.68014 7.59894 0.00309172
926 7.50375 7.59883 0.00309009
927 7.53725 7.59877 0.00308747
928 7.65953 7.59883 0.00308484
929 7.55138 7.59878 0.00308194
930 7.62666 7.59881 0.00307877
931 7.50242 7.59871 0.0030772
932 7.70231 7.59882 0.00307591
933 7.70494 7.59893 0.00307471
934 7.5708 7.5989 0.00307157
935 7.56976 7.59887 0.00306844
936 7.55238 7.59882 0.00306556
937 7.46219 7.59868 0.00306576
938 7.73408 7.59882 0.00306589
939 7.57991 7.5988 0.00306269
940 7.55727 7.59876 0.00305975
941 7.62866 7.59879 0.00305666
942 7.542 7.59873 0.00305401
943 7.69178 7.59883 0.00305236
944 7.54767 7.59877 0.00304961
945 7.66601 7.59884 0.00304721
946 7.5226 7.59876 0.00304505
947 7.69507 7.59886 0.00304354
948 7.6017 7.59887 0.00304033
949 7.67369 7.59895 0.00303814
950 7.49202 7.59883 0.00303703
951 7.59706 7.59883 0.00303384
952 7.84514 7.59909 0.00304167
953 7.5797 7.59907 0.00303855
954 7.65879 7.59913 0.003036
955 7.59441 7.59913 0.00303283
956 7.31569 7.59883 0.00304413
957 7.41507 7.59864 0.003047
958 7.58272 7.59862 0.00304386
959 7.69528 7.59872 0.00304236
960 7.59108 7.59871 0.0030392
961 7.51317 7.59863 0.00303734
962 7.65458 7.59868 0.00303474
963 7.39087 7.59847 0.00303925
964 7.60352 7.59847 0.0030361
965 7.67779 7.59856 0.00303407
966 7.50016 7.59845 0.00303264
967 7.56876 7.59842 0.00302966
968 7.70276 7.59853 0.00302844
969 7.62066 7.59855 0.0030254
970 7.68645 7.59864 0.00302364
971 7.61386 7.59866 0.00302057
972 7.70737 7.59877 0.00301953
973 7.71092 7.59889 0.00301862
974 7.61612 7.5989 0.00301558
975 7.65363 7.59896 0.003013
976 7.60521 7.59897 0.00300992
977 7.44185 7.59881 0.00301114
978 7.6678 7.59888 0.00300888
979 7.59966 7.59888 0.00300581
980 7.67591 7.59896 0.00300377
981 7.519 7.59887 0.00300181
982 7.44423 7.59872 0.00300289
983 7.61943 7.59874 0.0029999
984 7.62586 7.59877 0.00299698
985 7.42731 7.59859 0.00299899
986 7.77355 7.59877 0.0030012
987 7.57552 7.59875 0.00299825
988 7.57678 7.59872 0.0029953
989 7.48109 7.5986 0.00299463
990 7.64354 7.59865 0.00299195
991 7.72536 7.59878 0.00299166
992 7.5303 7.59871 0.00298944
993 7.7277 7.59884 0.00298925
994 7.6892 7.59893 0.00298763
995 7.56637 7.5989 0.0029848
996 7.40966 7.59871 0.00298785
997 7.55459 7.59866 0.00298518
998 7.70532 7.59877 0.0029841
999 7.53565 7.59871 0.00298178
1000 7.5394 7.59865 0.00297939
