1  0.396503 0.396503 0 1
2  0.273908 0.335205 0.043344 1
3  0.24224 0.304217 0.0384079 1
4  0.265922 0.294643 0.0299754 1
5  0.36945 0.309604 0.0274614 1
6  0.347103 0.315854 0.023585 1
7  0.342948 0.319725 0.0205309 1
8  0.373476 0.326443 0.0190322 1
9  0.465043 0.341843 0.0222937 1
10  0.2353 0.331189 0.0224665 1
11  0.411996 0.338535 0.0215917 1
12  0.239213 0.330258 0.0213199 1
13  0.373294 0.333569 0.0199352 1
14  0.310407 0.331914 0.0185798 1
15  0.334264 0.332071 0.0173418 1
16  0.366885 0.334247 0.0163939 1
17  0.251504 0.32938 0.0161359 1
18  0.39791 0.333187 0.0156822 1
19  0.36583 0.334905 0.0149506 1
20  0.315457 0.333933 0.0142347 1
1  0.433292 0.433292 0 1
2  0.355573 0.394432 0.0274776 1
3  0.394033 0.394299 0.0183187 1
4  0.384419 0.391829 0.0139046 1
5  0.352288 0.383921 0.0131821 1
6  0.445692 0.394216 0.0144567 1
7  0.457812 0.403301 0.0149765 1
8  0.425797 0.406113 0.0133658 1
9  0.455241 0.411572 0.0129475 1
10  0.388073 0.409222 0.0118641 1
11  0.354998 0.404292 0.0117651 1
12  0.358169 0.400449 0.0113953 1
13  0.411089 0.401267 0.0105481 1
14  0.38858 0.400361 0.00983349 1
15  0.413254 0.401221 0.00921541 1
16  0.370765 0.399317 0.00883385 1
17  0.399861 0.399349 0.00831427 1
18  0.400789 0.399429 0.00785275 1
19  0.37466 0.398125 0.00754688 1
20  0.357103 0.396074 0.00744305 1
1  0.390175 0.390175 0 1
2  0.393799 0.391987 0.00128133 1
3  0.415906 0.39996 0.00656561 1
4  0.400405 0.400071 0.00492515 1
5  0.42096 0.404249 0.00543024 1
6  0.429262 0.408418 0.00591271 1
7  0.429311 0.411402 0.00577245 1
8  0.41934 0.412395 0.00513547 1
9  0.378042 0.408578 0.00581277 1
10  0.402218 0.407942 0.00526616 1
11  0.382582 0.405636 0.00526793 1
12  0.435052 0.408088 0.00536904 1
13  0.393608 0.406974 0.00507026 1
14  0.428143 0.408486 0.0049284 1
15  0.406399 0.408347 0.00460181 1
16  0.416631 0.408865 0.00434322 1
17  0.4555 0.411608 0.00487776 1
18  0.429424 0.412598 0.00470613 1
19  0.445761 0.414343 0.00477115 1
20  0.37957 0.412604 0.00483903 1
1  0.444349 0.444349 0 1
2  0.420802 0.432575 0.00832509 1
3  0.441787 0.435646 0.00609002 1
4  0.396691 0.425907 0.0095914 1
5  0.426324 0.42599 0.00767348 1
6  0.40445 0.4224 0.00718545 1
7  0.358621 0.413289 0.0104446 1
8  0.47202 0.42063 0.0114316 1
9  0.46707 0.42579 0.0112659 1
10  0.412108 0.424422 0.0102221 1
11  0.463671 0.42799 0.00989595 1
12  0.431697 0.428299 0.00907611 1
13  0.46081 0.4308 0.00871568 1
14  0.427988 0.430599 0.00809545 1
15  0.356728 0.425674 0.00892893 1
16  0.480504 0.429101 0.00900449 1
17  0.394617 0.427073 0.0087003 1
18  0.39362 0.425214 0.00841311 1
19  0.405917 0.424198 0.00803138 1
20  0.435117 0.424744 0.00764834 1
1  0.478873 0.478873 0 1
2  0.471756 0.475315 0.00251643 1
3  0.410822 0.453817 0.0176327 1
4  0.419517 0.445242 0.0151669 1
5  0.43012 0.442218 0.0124314 1
6  0.452727 0.443969 0.0104822 1
7  0.397902 0.437388 0.0108558 1
8  0.436583 0.437287 0.0094993 1
9  0.381115 0.431046 0.010292 1
10  0.448705 0.432812 0.00941307 1
11  0.376564 0.427698 0.00984875 1
12  0.447235 0.429327 0.0091616 1
13  0.392711 0.42651 0.00887926 1
14  0.436625 0.427232 0.00827437 1
15  0.413545 0.42632 0.00777289 1
16  0.4313 0.426631 0.00729332 1
17  0.464405 0.428853 0.00719482 1
18  0.405707 0.427567 0.00690907 1
19  0.399322 0.426081 0.00670346 1
20  0.469931 0.428273 0.00671729 1
1  0.407463 0.407463 0 1
2  0.430767 0.419115 0.00823925 1
3  0.474256 0.437495 0.0159811 1
4  0.423189 0.433919 0.0123795 1
5  0.421133 0.431362 0.0101643 1
6  0.442949 0.433293 0.00865175 1
7  0.460775 0.437219 0.00825869 1
8  0.436533 0.437133 0.0072268 1
9  0.459582 0.439628 0.00684074 1
10  0.413916 0.437056 0.00662225 1
11  0.480288 0.440987 0.0070912 1
12  0.442749 0.441133 0.00650178 1
13  0.440655 0.441097 0.00600175 1
14  0.473666 0.443423 0.00600703 1
15  0.425658 0.442239 0.00572213 1
16  0.419234 0.440801 0.00554219 1
17  0.435725 0.440502 0.00522422 1
18  0.456999 0.441419 0.00501373 1
19  0.415585 0.440059 0.00493077 1
20  0.373931 0.436753 0.00568576 1
1  0.424237 0.424237 0 1
2  0.472323 0.44828 0.017001 1
3  0.445509 0.447356 0.011359 1
4  0.481703 0.455943 0.0113083 1
5  0.3998 0.444714 0.0135169 1
6  0.439138 0.443785 0.011296 1
7  0.457687 0.445771 0.00985532 1
8  0.41911 0.442438 0.00916956 1
9  0.445906 0.442824 0.00815881 1
10  0.449614 0.443503 0.00737113 1
11  0.435743 0.442797 0.0067347 1
12  0.431379 0.441846 0.00624033 1
13  0.46589 0.443695 0.00602817 1
14  0.482655 0.446478 0.00620676 1
15  0.440472 0.446078 0.00580587 1
16  0.438755 0.44562 0.00546102 1
17  0.4483 0.445778 0.00514205 1
18  0.428252 0.444804 0.00494771 1
19  0.420219 0.44351 0.00485355 1
20  0.462877 0.444479 0.00470647 1
1  0.418784 0.418784 0 1
2  0.455224 0.437004 0.0128835 1
3  0.464373 0.446127 0.0113691 1
4  0.440328 0.444677 0.00861876 1
5  0.41508 0.438758 0.00869326 1
6  0.460802 0.442432 0.00798308 1
7  0.402844 0.436777 0.00861603 1
8  0.437323 0.436845 0.00753929 1
9  0.414306 0.434341 0.00710537 1
10  0.428925 0.433799 0.00641544 1
11  0.426154 0.433104 0.00586975 1
12  0.408066 0.431018 0.00573947 1
13  0.414342 0.429735 0.00543944 1
14  0.429212 0.429697 0.00505103 1
15  0.417496 0.428884 0.00477934 1
16  0.415564 0.428052 0.00455256 1
17  0.43445 0.428428 0.00430029 1
18  0.43644 0.428873 0.00408435 1
19  0.476141 0.431361 0.0045646 1
20  0.454069 0.432496 0.00447535 1
1  0.438148 0.438148 0 1
2  0.437696 0.437922 0.000159824 1
3  0.460856 0.445566 0.00624281 1
4  0.412208 0.437227 0.00860717 1
5  0.448159 0.439413 0.00715805 1
6  0.420587 0.436276 0.00661709 1
7  0.426025 0.434811 0.00583157 1
8  0.448868 0.436568 0.0053608 1
9  0.468939 0.440165 0.00584856 1
10  0.433729 0.439521 0.00529899 1
11  0.43098 0.438745 0.00487383 1
12  0.441338 0.438961 0.00447247 1
13  0.432252 0.438445 0.0041581 1
14  0.413332 0.436651 0.00423036 1
15  0.439689 0.436854 0.00395318 1
16  0.434125 0.436683 0.00370978 1
17  0.43342 0.436491 0.00349652 1
18  0.452863 0.437401 0.00341853 1
19  0.437214 0.437391 0.00323862 1
20  0.432518 0.437147 0.00308584 1
1  0.44163 0.44163 0 1
2  0.425427 0.433528 0.00572873 1
3  0.425237 0.430764 0.00443608 1
4  0.424481 0.429194 0.00359442 1
5  0.43791 0.430937 0.0032711 1
6  0.425983 0.430111 0.00282819 1
7  0.432751 0.430488 0.00244917 1
8  0.469099 0.435315 0.00499747 1
9  0.443484 0.436222 0.00452387 1
10  0.457919 0.438392 0.00456219 1
11  0.443801 0.438884 0.00417386 1
12  0.416346 0.437006 0.00422752 1
13  0.423024 0.43593 0.00403682 1
14  0.411854 0.43421 0.00409846 1
15  0.423986 0.433529 0.00388149 1
16  0.395097 0.431127 0.00431863 1
17  0.412908 0.430055 0.00419545 1
18  0.447849 0.431044 0.00407717 1
19  0.433549 0.431175 0.00386472 1
20  0.385199 0.428877 0.00430117 1
1  0.452575 0.452575 0 1
2  0.416592 0.434583 0.0127219 1
3  0.421773 0.430313 0.00916996 1
4  0.407003 0.424485 0.00853052 1
5  0.436343 0.426857 0.00714645 1
6  0.455065 0.431558 0.00734062 1
7  0.432909 0.431751 0.0062945 1
8  0.427766 0.431253 0.00552737 1
9  0.422765 0.43031 0.00499303 1
10  0.406128 0.427892 0.00504545 1
11  0.440655 0.429052 0.0047183 1
12  0.415202 0.427898 0.00446403 1
13  0.419806 0.427275 0.00416382 1
14  0.431915 0.427607 0.00387957 1
15  0.413376 0.426658 0.00373514 1
16  0.419145 0.426188 0.00353109 1
17  0.421184 0.425894 0.00333562 1
18  0.448038 0.427124 0.00336955 1
19  0.423313 0.426924 0.00319817 1
20  0.420915 0.426623 0.00305234 1
1  0.416934 0.416934 0 1
2  0.390839 0.403886 0.00922603 1
3  0.429713 0.412495 0.00934012 1
4  0.373053 0.402635 0.0110451 1
5  0.414501 0.405008 0.00908749 1
6  0.405635 0.405112 0.00757351 1
7  0.41135 0.406003 0.00654379 1
8  0.408637 0.406332 0.00573409 1
9  0.401557 0.405802 0.00512146 1
10  0.419547 0.407176 0.00479021 1
11  0.406131 0.407081 0.00435568 1
12  0.426866 0.40873 0.00429344 1
13  0.395163 0.407686 0.00408805 1
14  0.397415 0.406953 0.00386131 1
15  0.41102 0.407224 0.0036134 1
16  0.395463 0.406489 0.00346153 1
17  0.408787 0.406624 0.00326055 1
18  0.415922 0.407141 0.00312006 1
19  0.403491 0.406949 0.00296175 1
20  0.403237 0.406763 0.00281947 1
1  0.39603 0.39603 0 1
2  0.397172 0.396601 0.000403773 1
3  0.420329 0.40451 0.0064634 1
4  0.403639 0.404293 0.00485122 1
5  0.401376 0.403709 0.00391589 1
6  0.403436 0.403664 0.00326351 1
7  0.374425 0.399487 0.00477279 1
8  0.414545 0.401369 0.0045322 1
9  0.37852 0.39883 0.00468604 1
10  0.374248 0.396372 0.00481928 1
11  0.384988 0.395337 0.00449091 1
12  0.410696 0.396617 0.00429518 1
13  0.384712 0.395701 0.00406123 1
14  0.398513 0.395902 0.0037761 1
15  0.406716 0.396623 0.00359252 1
16  0.397034 0.396649 0.00336808 1
17  0.373145 0.395266 0.00344205 1
18  0.406068 0.395866 0.00330272 1
19  0.408043 0.396507 0.00319047 1
20  0.402758 0.39682 0.00304621 1
1  0.390436 0.390436 0 1
2  0.357697 0.374066 0.0115751 1
3  0.377074 0.375069 0.00776004 1
4  0.367351 0.373139 0.00605517 1
5  0.380863 0.374684 0.00503734 1
6  0.386738 0.376693 0.00458094 1
7  0.373571 0.376247 0.00394817 1
8  0.393167 0.378362 0.00398105 1
9  0.380721 0.378624 0.00354733 1
10  0.38828 0.37959 0.0033214 1
11  0.400906 0.381528 0.0035399 1
12  0.38161 0.381534 0.00324492 1
13  0.368057 0.380498 0.00315658 1
14  0.377768 0.380303 0.00293712 1
15  0.402689 0.381795 0.00309737 1
16  0.397929 0.382804 0.00306353 1
17  0.370062 0.382054 0.00297359 1
18  0.394475 0.382744 0.00288734 1
19  0.376171 0.382398 0.00275602 1
20  0.377344 0.382145 0.00262978 1
1  0.374794 0.374794 0 1
2  0.380322 0.377558 0.00195435 1
3  0.370865 0.375327 0.00223953 1
4  0.382128 0.377027 0.00223371 1
5  0.372814 0.376184 0.00193941 1
6  0.387182 0.378017 0.00232632 1
7  0.380611 0.378388 0.00202328 1
8  0.364996 0.376714 0.0023635 1
9  0.370653 0.37604 0.00219474 1
10  0.378215 0.376258 0.00198601 1
11  0.387862 0.377313 0.00206671 1
12  0.377127 0.377297 0.00189455 1
13  0.366489 0.376466 0.0019226 1
14  0.361909 0.375426 0.00204722 1
15  0.365336 0.374754 0.00201823 1
16  0.381468 0.375173 0.00193523 1
17  0.366991 0.374692 0.0018803 1
18  0.37374 0.374639 0.00177658 1
19  0.374067 0.374609 0.00168333 1
20  0.374016 0.374579 0.00159942 1
1  0.352817 0.352817 0 1
2  0.377301 0.365059 0.00865641 1
3  0.339419 0.356512 0.00905543 1
4  0.362 0.357884 0.00689469 1
5  0.354545 0.357216 0.00554801 1
6  0.360598 0.35778 0.00465188 1
7  0.351511 0.356884 0.00407261 1
8  0.367184 0.358172 0.00376152 1
9  0.353029 0.3576 0.0033867 1
10  0.363469 0.358187 0.00309846 1
11  0.353275 0.357741 0.00284879 1
12  0.349675 0.357069 0.00268951 1
13  0.350983 0.3566 0.00252304 1
14  0.357834 0.356689 0.00234436 1
15  0.378114 0.358117 0.00258685 1
16  0.346872 0.357414 0.00251883 1
17  0.358905 0.357502 0.00237219 1
18  0.351004 0.357141 0.00226771 1
19  0.355357 0.357047 0.0021503 1
20  0.369677 0.357678 0.0021335 1
1  0.336882 0.336882 0 1
2  0.340476 0.338679 0.00127047 1
3  0.331984 0.336447 0.00200928 1
4  0.368071 0.344353 0.00701048 1
5  0.341993 0.343881 0.00562425 1
6  0.357691 0.346183 0.00513628 1
7  0.356515 0.347659 0.00460973 1
8  0.350795 0.348051 0.00405015 1
9  0.365163 0.349952 0.00402172 1
10  0.351428 0.3501 0.00362225 1
11  0.352804 0.350346 0.00330129 1
12  0.34698 0.350065 0.00303807 1
13  0.347379 0.349859 0.00281139 1
14  0.348367 0.349752 0.00261259 1
15  0.333903 0.348695 0.00264346 1
16  0.348817 0.348703 0.00247825 1
17  0.351677 0.348878 0.00233864 1
18  0.340313 0.348402 0.0022566 1
19  0.359872 0.349006 0.00221711 1
20  0.338536 0.348482 0.00216718 1
1  0.329549 0.329549 0 1
2  0.33301 0.331279 0.00122343 1
3  0.335122 0.33256 0.00132636 1
4  0.326261 0.330986 0.00168803 1
5  0.329245 0.330638 0.00138584 1
6  0.314615 0.327967 0.00269748 1
7  0.338756 0.329508 0.002717 1
8  0.317262 0.327978 0.00277531 1
9  0.332564 0.328487 0.00251329 1
10  0.349019 0.33054 0.00298504 1
11  0.330448 0.330532 0.00271368 1
12  0.331902 0.330646 0.00248994 1
13  0.331 0.330673 0.00229855 1
14  0.335517 0.331019 0.00216026 1
15  0.316875 0.330076 0.00221248 1
16  0.328343 0.329968 0.00207685 1
17  0.329663 0.32995 0.00195476 1
18  0.322792 0.329552 0.00188619 1
19  0.344377 0.330333 0.00194159 1
20  0.328447 0.330238 0.0018468 1
1  0.327113 0.327113 0 1
2  0.315148 0.32113 0.00423044 1
3  0.31366 0.31864 0.00347676 1
4  0.319903 0.318956 0.00262187 1
5  0.333387 0.321842 0.00332619 1
6  0.316471 0.320947 0.00288979 1
7  0.336095 0.323111 0.00318575 1
8  0.316196 0.322247 0.00290244 1
9  0.320776 0.322083 0.00258454 1
10  0.312143 0.321089 0.00250997 1
11  0.309566 0.320042 0.00249081 1
12  0.323122 0.320298 0.00229643 1
13  0.315068 0.319896 0.00215473 1
14  0.325942 0.320328 0.00204364 1
15  0.321269 0.320391 0.00190836 1
16  0.316735 0.320162 0.00180271 1
17  0.330045 0.320743 0.00178796 1
18  0.321616 0.320792 0.00168928 1
19  0.326937 0.321115 0.00163104 1
20  0.329376 0.321528 0.00160094 1
1  0.304399 0.304399 0 1
2  0.307709 0.306054 0.0011702 1
3  0.301066 0.304391 0.00156588 1
4  0.314512 0.306921 0.002486 1
5  0.312639 0.308065 0.00223644 1
6  0.301776 0.307017 0.00209498 1
7  0.308049 0.307164 0.00180088 1
8  0.308134 0.307285 0.00157985 1
9  0.297843 0.306236 0.00171769 1
10  0.308222 0.306435 0.00155737 1
11  0.309449 0.306709 0.00143969 1
12  0.290758 0.30538 0.00183337 1
13  0.295802 0.304643 0.00183441 1
14  0.31257 0.305209 0.00178863 1
15  0.316852 0.305985 0.00183007 1
16  0.300593 0.305648 0.00174645 1
17  0.30927 0.305861 0.00165667 1
18  0.305413 0.305836 0.00156482 1
19  0.296792 0.30536 0.00155317 1
20  0.317167 0.305951 0.00158373 1
1  0.288666 0.288666 0 1
2  0.2833 0.285983 0.00189735 1
3  0.29931 0.290425 0.00384136 1
4  0.302718 0.293498 0.00392217 1
5  0.296725 0.294144 0.00319038 1
6  0.290751 0.293578 0.00270829 1
7  0.288239 0.292816 0.00242641 1
8  0.292063 0.292722 0.00212493 1
9  0.28632 0.29201 0.00200433 1
10  0.282346 0.291044 0.00202353 1
11  0.291043 0.291044 0.00183957 1
12  0.294541 0.291335 0.0017092 1
13  0.283706 0.290748 0.00167544 1
14  0.291275 0.290786 0.00155618 1
15  0.300352 0.291424 0.00157772 1
16  0.295957 0.291707 0.00150433 1
17  0.303685 0.292412 0.00157222 1
18  0.296984 0.292666 0.00150526 1
19  0.291774 0.292619 0.00142676 1
20  0.283945 0.292185 0.00141981 1
1  0.28089 0.28089 0 1
2  0.288303 0.284597 0.00262089 1
3  0.285023 0.284739 0.00175111 1
4  0.271461 0.281419 0.00316057 1
5  0.280384 0.281212 0.00253523 1
6  0.289857 0.282653 0.00248868 1
7  0.28067 0.28237 0.00214921 1
8  0.277083 0.281709 0.00197955 1
9  0.277106 0.281197 0.00182447 1
10  0.2851 0.281588 0.00168326 1
11  0.280619 0.2815 0.00153254 1
12  0.292845 0.282445 0.0016712 1
13  0.28377 0.282547 0.00154575 1
14  0.28582 0.282781 0.00145291 1
15  0.282761 0.282779 0.00135605 1
16  0.286202 0.282993 0.00128806 1
17  0.280327 0.282836 0.0012218 1
18  0.298928 0.28373 0.00144441 1
19  0.273421 0.283188 0.00146677 1
20  0.28001 0.283029 0.00140201 1
1  0.261886 0.261886 0 1
2  0.271287 0.266587 0.00332379 1
3  0.268335 0.267169 0.00226633 1
4  0.260494 0.265501 0.00223111 1
5  0.275904 0.267581 0.00257857 1
6  0.271306 0.268202 0.00222228 1
7  0.265927 0.267877 0.00192844 1
8  0.276426 0.268946 0.00196124 1
9  0.277622 0.26991 0.00196605 1
10  0.275489 0.270468 0.00184691 1
11  0.263512 0.269835 0.00178398 1
12  0.277197 0.270449 0.00173761 1
13  0.274583 0.270767 0.00163279 1
14  0.261722 0.270121 0.00163901 1
15  0.272472 0.270278 0.00153722 1
16  0.269098 0.270204 0.00144291 1
17  0.262032 0.269723 0.00143588 1
18  0.262589 0.269327 0.00140975 1
19  0.262483 0.268966 0.00138081 1
20  0.26589 0.268813 0.00132031 1
1  0.258523 0.258523 0 1
2  0.255665 0.257094 0.00101074 1
3  0.252887 0.255692 0.00132853 1
4  0.256707 0.255946 0.00102035 1
5  0.253678 0.255492 0.000911514 1
6  0.264527 0.256998 0.0015705 1
7  0.258526 0.257216 0.00136122 1
8  0.271998 0.259064 0.00209904 1
9  0.253588 0.258455 0.00195201 1
10  0.262187 0.258828 0.00179212 1
11  0.253749 0.258367 0.00168764 1
12  0.268253 0.259191 0.00173648 1
13  0.248925 0.258401 0.00177338 1
14  0.254388 0.258114 0.00166971 1
15  0.259812 0.258227 0.00156223 1
16  0.259399 0.258301 0.0014663 1
17  0.261289 0.258477 0.00139055 1
18  0.254572 0.25826 0.0013301 1
19  0.261747 0.258443 0.0012727 1
20  0.254464 0.258244 0.00122451 1
1  0.249189 0.249189 0 1
2  0.252548 0.250869 0.0011874 1
3  0.250548 0.250762 0.000796386 1
4  0.251095 0.250845 0.000601627 1
5  0.245977 0.249872 0.000994921 1
6  0.249637 0.249832 0.000829867 1
7  0.258588 0.251083 0.00135899 1
8  0.246427 0.250501 0.00130784 1
9  0.251252 0.250585 0.00116518 1
10  0.253048 0.250831 0.00107439 1
11  0.259118 0.251584 0.00121239 1
12  0.247989 0.251285 0.00114777 1
13  0.245118 0.25081 0.00115335 1
14  0.247818 0.250597 0.0010906 1
15  0.246588 0.250329 0.00105012 1
16  0.247611 0.250159 0.000998137 1
17  0.23949 0.249532 0.00111948 1
18  0.236041 0.248782 0.00128389 1
19  0.252908 0.249 0.00123454 1
20  0.242092 0.248654 0.00122017 1
1  0.23368 0.23368 0 1
2  0.231943 0.232812 0.000613935 1
3  0.230134 0.231919 0.000835837 1
4  0.241643 0.23435 0.00219665 1
5  0.242433 0.235967 0.0022757 1
6  0.239047 0.23648 0.00195346 1
7  0.228496 0.23534 0.00197954 1
8  0.243362 0.236342 0.00196978 1
9  0.238714 0.236606 0.00176846 1
10  0.239003 0.236846 0.00160777 1
11  0.232322 0.236434 0.00151329 1
12  0.233203 0.236165 0.00141093 1
13  0.242509 0.236653 0.00138423 1
14  0.238417 0.236779 0.00129108 1
15  0.232891 0.23652 0.00123075 1
16  0.227416 0.235951 0.00127862 1
17  0.23661 0.23599 0.00120399 1
18  0.24424 0.236448 0.00122123 1
19  0.24319 0.236803 0.0012074 1
20  0.235926 0.236759 0.00114783 1
1  0.224251 0.224251 0 1
2  0.220256 0.222253 0.00141245 1
3  0.233383 0.225963 0.00317207 1
4  0.232966 0.227714 0.00282105 1
5  0.229583 0.228088 0.00228146 1
6  0.229636 0.228346 0.00191576 1
7  0.229489 0.228509 0.00164903 1
8  0.233296 0.229107 0.00154764 1
9  0.231223 0.229342 0.00139342 1
10  0.231314 0.22954 0.00126795 1
11  0.225405 0.229164 0.00120711 1
12  0.233475 0.229523 0.00115875 1
13  0.231758 0.229695 0.0010823 1
14  0.234585 0.230044 0.00105986 1
15  0.226036 0.229777 0.00102234 1
16  0.231501 0.229885 0.000964103 1
17  0.234005 0.230127 0.000937368 1
18  0.228675 0.230046 0.000888758 1
19  0.226433 0.229856 0.000862084 1
20  0.237704 0.230249 0.000903882 1
1  0.213989 0.213989 0 1
2  0.224035 0.219012 0.00355198 1
3  0.218494 0.218839 0.00237218 1
4  0.222586 0.219776 0.00195529 1
5  0.21685 0.219191 0.00164948 1
6  0.21867 0.219104 0.00137684 1
7  0.219938 0.219223 0.00118529 1
8  0.219138 0.219212 0.00103718 1
9  0.218003 0.219078 0.000930606 1
10  0.222207 0.219391 0.000888583 1
11  0.218835 0.21934 0.00080924 1
12  0.216363 0.219092 0.000778912 1
13  0.219246 0.219104 0.000719086 1
14  0.222465 0.219344 0.000706652 1
15  0.216016 0.219122 0.000693498 1
16  0.222572 0.219338 0.000682859 1
17  0.227397 0.219812 0.000790299 1
18  0.225838 0.220147 0.000814228 1
19  0.220003 0.220139 0.000771409 1
20  0.227123 0.220488 0.000808014 1
1  0.219312 0.219312 0 1
2  0.218977 0.219145 0.000118359 1
3  0.212157 0.216815 0.0019035 1
4  0.21721 0.216914 0.00143018 1
5  0.210932 0.215718 0.00156659 1
6  0.21198 0.215095 0.00142398 1
7  0.219591 0.215737 0.00135772 1
8  0.206512 0.214584 0.0016046 1
9  0.208092 0.213863 0.00158015 1
10  0.213605 0.213837 0.00142234 1
11  0.21563 0.214 0.00130234 1
12  0.216069 0.214172 0.00120518 1
13  0.211182 0.213942 0.0011342 1
14  0.219447 0.214335 0.00111927 1
15  0.212045 0.214183 0.00105502 1
16  0.217546 0.214393 0.00100981 1
17  0.214747 0.214414 0.000950625 1
18  0.220476 0.214751 0.000955616 1
19  0.211073 0.214557 0.000924712 1
20  0.210366 0.214347 0.000901912 1
1  0.200345 0.200345 0 1
2  0.200843 0.200594 0.000175902 1
3  0.206877 0.202688 0.001714 1
4  0.206351 0.203604 0.00151043 1
5  0.20957 0.204797 0.00161222 1
6  0.202965 0.204492 0.00137212 1
7  0.199209 0.203737 0.00136797 1
8  0.194883 0.202631 0.00158259 1
9  0.196123 0.201907 0.00156321 1
10  0.208315 0.202548 0.00153258 1
11  0.208981 0.203133 0.00150068 1
12  0.201551 0.203001 0.00138141 1
13  0.206296 0.203255 0.00129819 1
14  0.208865 0.203655 0.0012658 1
15  0.20585 0.203802 0.00118984 1
16  0.20157 0.203662 0.00112362 1
17  0.205873 0.203792 0.00106503 1
18  0.200565 0.203613 0.00102084 1
19  0.203696 0.203617 0.000967119 1
20  0.205346 0.203704 0.000922617 1
1  0.195783 0.195783 0 1
2  0.202399 0.199091 0.00233893 1
3  0.191133 0.196439 0.00266877 1
4  0.195998 0.196328 0.00200385 1
5  0.190293 0.195121 0.00193271 1
6  0.19393 0.194923 0.00162075 1
7  0.200908 0.195778 0.00159894 1
8  0.196949 0.195924 0.00140575 1
9  0.197751 0.196127 0.00126412 1
10  0.189871 0.195502 0.00128321 1
11  0.198697 0.195792 0.00119899 1
12  0.193147 0.195572 0.00111916 1
13  0.195058 0.195532 0.00103377 1
14  0.19319 0.195365 0.000973368 1
15  0.198806 0.195594 0.000935118 1
16  0.190731 0.19529 0.000924746 1
17  0.195372 0.195295 0.000870362 1
18  0.195328 0.195297 0.00082201 1
19  0.196804 0.195376 0.000782563 1
20  0.198223 0.195519 0.000756266 1
1  0.356174 0.356174 0 0
2  0.368225 0.362199 0.00426069 0
3  0.403354 0.375918 0.0115555 0
4  0.253671 0.345356 0.02785 0
5  0.330959 0.342476 0.0224284 0
6  0.360925 0.345551 0.0188999 0
7  0.34083 0.344877 0.0162119 0
8  0.389262 0.350425 0.015105 0
9  0.335763 0.348796 0.0135142 0
10  0.339429 0.347859 0.0121952 0
11  0.282933 0.341957 0.0124331 0
12  0.320824 0.340196 0.0115211 0
13  0.343253 0.340431 0.0106373 0
14  0.364563 0.342155 0.0100161 0
15  0.368348 0.343901 0.0094994 0
16  0.22656 0.336567 0.0113901 0
17  0.245679 0.331221 0.0119089 0
18  0.364381 0.333063 0.0113889 0
19  0.36227 0.3346 0.0108928 0
20  0.339935 0.334867 0.0103514 0
1  0.401484 0.401484 0 0
2  0.37575 0.388617 0.00909821 0
3  0.39231 0.389848 0.00614818 0
4  0.415254 0.396199 0.00717762 0
5  0.402171 0.397394 0.00584062 0
6  0.358257 0.390871 0.00769056 0
7  0.403676 0.3927 0.00680599 0
8  0.416455 0.39567 0.00657113 0
9  0.449421 0.401642 0.00811319 0
10  0.395804 0.401058 0.00732285 0
11  0.424397 0.40318 0.00695772 0
12  0.403422 0.4032 0.00637794 0
13  0.357757 0.399705 0.00677792 0
14  0.369463 0.397544 0.00662907 0
15  0.395207 0.397389 0.00618896 0
16  0.349829 0.394416 0.00647675 0
17  0.389533 0.394129 0.00610213 0
18  0.413094 0.395182 0.00585339 0
19  0.457679 0.398472 0.00640316 0
20  0.385896 0.397843 0.0061138 0
1  0.396449 0.396449 0 0
2  0.436323 0.416386 0.0140976 0
3  0.471835 0.434869 0.0177785 0
4  0.412383 0.429247 0.0141949 0
5  0.42896 0.42919 0.011356 0
6  0.469624 0.435929 0.0112872 0
7  0.449783 0.437908 0.00984672 0
8  0.426622 0.436497 0.00871636 0
9  0.504394 0.444042 0.0105176 0
10  0.416499 0.441287 0.00981983 0
11  0.402889 0.437797 0.00952738 0
12  0.433682 0.437454 0.0087396 0
13  0.47576 0.4404 0.00854965 0
14  0.434462 0.439976 0.00794948 0
15  0.397121 0.437119 0.00791629 0
16  0.416258 0.435815 0.00752812 0
17  0.445289 0.436373 0.00710589 0
18  0.390502 0.433824 0.00715349 0
19  0.432802 0.43377 0.00677719 0
20  0.423162 0.43324 0.00645905 0
1  0.440989 0.440989 0 0
2  0.428261 0.434625 0.00449987 0
3  0.479843 0.449698 0.012667 0
4  0.440382 0.447369 0.00971198 0
5  0.461779 0.450251 0.00818605 0
6  0.413417 0.444112 0.00882844 0
7  0.426336 0.441573 0.00792403 0
8  0.386738 0.434718 0.00944363 0
9  0.403298 0.431227 0.00901659 0
10  0.424356 0.43054 0.00814107 0
11  0.417665 0.429369 0.00748465 0
12  0.435186 0.429854 0.0068766 0
13  0.456346 0.431892 0.00664273 0
14  0.397221 0.429416 0.0066138 0
15  0.428064 0.429325 0.00617349 0
16  0.450528 0.430651 0.00592817 0
17  0.413019 0.429613 0.00566945 0
18  0.378942 0.426798 0.0060129 0
19  0.398744 0.425322 0.00587493 0
20  0.467763 0.427444 0.00595211 0
1  0.433107 0.433107 0 0
2  0.411677 0.422392 0.00757673 0
3  0.392772 0.412519 0.00951328 0
4  0.396726 0.40857 0.00791192 0
5  0.395877 0.406032 0.00672453 0
6  0.453753 0.413985 0.00917164 0
7  0.448633 0.418935 0.00909951 0
8  0.414164 0.418339 0.00798159 0
9  0.419721 0.418492 0.00709622 0
10  0.461962 0.422839 0.00760231 0
11  0.425808 0.423109 0.00691598 0
12  0.447964 0.42518 0.00664258 0
13  0.435489 0.425973 0.00617876 0
14  0.405466 0.424509 0.0059085 0
15  0.439687 0.42552 0.00560058 0
16  0.41952 0.425145 0.00526308 0
17  0.474831 0.428068 0.00570758 0
18  0.402063 0.426623 0.00557035 0
19  0.40772 0.425628 0.00536529 0
20  0.460105 0.427352 0.00536681 0
1  0.478969 0.478969 0 0
2  0.426016 0.452493 0.0187216 0
3  0.432102 0.445696 0.0136593 0
4  0.460902 0.449497 0.0107605 0
5  0.437754 0.447149 0.008861 0
6  0.448168 0.447319 0.0073858 0
7  0.392554 0.439495 0.00961984 0
8  0.443834 0.440037 0.00843264 0
9  0.447671 0.440885 0.00753821 0
10  0.432836 0.44008 0.00682724 0
11  0.430636 0.439222 0.00626034 0
12  0.396929 0.435697 0.00665721 0
13  0.429284 0.435204 0.00616337 0
14  0.456498 0.436725 0.00590782 0
15  0.438599 0.43685 0.00551529 0
16  0.426684 0.436215 0.00520705 0
17  0.438937 0.436375 0.00490322 0
18  0.48038 0.43882 0.00520471 0
19  0.449599 0.439387 0.00496161 0
20  0.451182 0.439977 0.00474845 0
1  0.421124 0.421124 0 0
2  0.454699 0.437911 0.0118706 0
3  0.41882 0.431548 0.00946703 0
4  0.452503 0.436787 0.00842605 0
5  0.405746 0.430578 0.00873339 0
6  0.43845 0.43189 0.0073757 0
7  0.423539 0.430697 0.00641779 0
8  0.423796 0.429835 0.00567324 0
9  0.421625 0.428922 0.0051157 0
10  0.439271 0.429957 0.00470763 0
11  0.439105 0.430789 0.0043525 0
12  0.411107 0.429149 0.0042877 0
13  0.392276 0.426312 0.00480532 0
14  0.408033 0.425007 0.00463608 0
15  0.422519 0.424841 0.00432997 0
16  0.454977 0.426724 0.00445018 0
17  0.452376 0.428233 0.00443686 0
18  0.445386 0.429186 0.00429148 0
19  0.489476 0.432359 0.0051057 0
20  0.438308 0.432657 0.00485908 0
1  0.438899 0.438899 0 0
2  0.418493 0.428696 0.00721457 0
3  0.461115 0.439502 0.0100492 0
4  0.436046 0.438638 0.00757398 0
5  0.438493 0.438609 0.00605924 0
6  0.443551 0.439433 0.00510504 0
7  0.408924 0.435075 0.00595222 0
8  0.422845 0.433546 0.00540095 0
9  0.456156 0.436058 0.00535335 0
10  0.44139 0.436591 0.00484449 0
11  0.408897 0.434074 0.00501581 0
12  0.464522 0.436611 0.00520015 0
13  0.467585 0.438994 0.00531803 0
14  0.440454 0.439098 0.00493919 0
15  0.430073 0.438496 0.00464642 0
16  0.441777 0.438701 0.00436054 0
17  0.435013 0.438484 0.00410943 0
18  0.418004 0.437347 0.00403557 0
19  0.451551 0.438094 0.0038918 0
20  0.461799 0.439279 0.00387349 0
1  0.413067 0.413067 0 0
2  0.423238 0.418152 0.00359591 0
3  0.460194 0.432166 0.0116907 0
4  0.451449 0.436987 0.00971125 0
5  0.433316 0.436253 0.00779671 0
6  0.449727 0.438499 0.00681301 0
7  0.422162 0.436165 0.00622662 0
8  0.437546 0.436338 0.00545069 0
9  0.426387 0.435232 0.00495593 0
10  0.430369 0.434746 0.00448413 0
11  0.446657 0.435828 0.00420519 0
12  0.430617 0.435394 0.00387712 0
13  0.423145 0.434452 0.00369159 0
14  0.419312 0.433371 0.0035828 0
15  0.416694 0.432259 0.00351221 0
16  0.409846 0.430858 0.0035611 0
17  0.452228 0.432115 0.00356659 0
18  0.434917 0.432271 0.00337184 0
19  0.432066 0.43226 0.00319439 0
20  0.442305 0.432762 0.0030739 0
1  0.450681 0.450681 0 0
2  0.442571 0.446626 0.0028674 0
3  0.421866 0.438373 0.00700456 0
4  0.433553 0.437168 0.00535606 0
5  0.450197 0.439774 0.00487773 0
6  0.428217 0.437847 0.00442876 0
7  0.428838 0.43656 0.00397872 0
8  0.429491 0.435677 0.00357817 0
9  0.405132 0.432283 0.0045116 0
10  0.401901 0.429245 0.00497941 0
11  0.435897 0.429849 0.00456332 0
12  0.411688 0.428336 0.00442691 0
13  0.431642 0.42859 0.00409368 0
14  0.421074 0.428053 0.00383632 0
15  0.427189 0.427996 0.003581 0
16  0.423639 0.427723 0.00336752 0
17  0.436602 0.428246 0.00320967 0
18  0.417334 0.42764 0.00308807 0
19  0.445604 0.428585 0.00306687 0
20  0.466755 0.430493 0.00345672 0
1  0.414187 0.414187 0 0
2  0.411809 0.412998 0.000840762 0
3  0.43225 0.419415 0.0052695 0
4  0.407279 0.416381 0.00474592 0
5  0.446225 0.42235 0.00655106 0
6  0.433257 0.424168 0.00570585 0
7  0.432898 0.425415 0.00502519 0
8  0.403731 0.422705 0.00507568 0
9  0.398222 0.419984 0.00518973 0
10  0.431683 0.421154 0.00480081 0
11  0.424148 0.421426 0.00437208 0
12  0.417379 0.421089 0.00402073 0
13  0.413059 0.420471 0.00375859 0
14  0.416549 0.420191 0.00350055 0
15  0.396328 0.4186 0.00361064 0
16  0.419266 0.418642 0.00338521 0
17  0.434722 0.419588 0.0033156 0
18  0.41441 0.4193 0.00314386 0
19  0.407188 0.418663 0.00304233 0
20  0.409436 0.418201 0.00292498 0
1  0.405954 0.405954 0 0
2  0.394676 0.400315 0.00398729 0
3  0.388377 0.396336 0.00419807 0
4  0.407255 0.399065 0.00393726 0
5  0.38799 0.39685 0.00372114 0
6  0.435445 0.403283 0.00664046 0
7  0.403574 0.403324 0.00569195 0
8  0.414156 0.404678 0.00513895 0
9  0.41004 0.405274 0.00460236 0
10  0.395101 0.404257 0.00425307 0
11  0.402415 0.404089 0.00386972 0
12  0.404834 0.404151 0.00354774 0
13  0.408365 0.404476 0.00328961 0
14  0.410921 0.404936 0.00308669 0
15  0.410185 0.405286 0.00290068 0
16  0.420587 0.406242 0.00287271 0
17  0.391721 0.405388 0.00282788 0
18  0.419937 0.406196 0.0027839 0
19  0.403586 0.406059 0.00264076 0
20  0.423909 0.406951 0.00265527 0
1  0.388893 0.388893 0 0
2  0.402228 0.39556 0.00471487 0
3  0.417623 0.402915 0.00677767 0
4  0.396895 0.40141 0.00524768 0
5  0.387107 0.398549 0.00491632 0
6  0.404901 0.399608 0.00420936 0
7  0.410827 0.401211 0.00390123 0
8  0.381795 0.398784 0.00409957 0
9  0.405573 0.399538 0.00371282 0
10  0.411028 0.400687 0.00351483 0
11  0.397266 0.400376 0.00320903 0
12  0.389254 0.399449 0.00307255 0
13  0.397236 0.399279 0.00284091 0
14  0.400069 0.399335 0.00263855 0
15  0.388958 0.398643 0.00255173 0
16  0.385163 0.397801 0.00252751 0
17  0.396265 0.397711 0.00238045 0
18  0.412897 0.398554 0.00239304 0
19  0.385055 0.397844 0.00237022 0
20  0.385182 0.397211 0.00233473 0
1  0.38641 0.38641 0 0
2  0.387626 0.387018 0.00042969 0
3  0.374716 0.382917 0.00336042 0
4  0.386528 0.38382 0.00263877 0
5  0.379268 0.38291 0.00226262 0
6  0.373269 0.381303 0.00238886 0
7  0.380774 0.381227 0.00204878 0
8  0.388362 0.382119 0.00197728 0
9  0.399193 0.384016 0.00250762 0
10  0.400332 0.385648 0.00273664 0
11  0.392682 0.386287 0.00256149 0
12  0.382099 0.385938 0.00237169 0
13  0.385634 0.385915 0.00218937 0
14  0.385311 0.385872 0.00203341 0
15  0.388332 0.386036 0.00190445 0
16  0.391102 0.386352 0.00181155 0
17  0.368965 0.38533 0.00197269 0
18  0.384408 0.385278 0.00186376 0
19  0.377041 0.384845 0.0018154 0
20  0.390699 0.385138 0.00174807 0
1  0.380579 0.380579 0 0
2  0.373358 0.376968 0.00255296 0
3  0.357461 0.370466 0.00557545 0
4  0.369157 0.370139 0.00419118 0
5  0.366775 0.369466 0.00340651 0
6  0.361153 0.36808 0.00310776 0
7  0.371691 0.368596 0.00270626 0
8  0.362614 0.367848 0.00246911 0
9  0.369952 0.368082 0.0022058 0
10  0.365274 0.367801 0.00200301 0
11  0.36564 0.367605 0.00183053 0
12  0.373937 0.368133 0.00175239 0
13  0.387785 0.369644 0.00217396 0
14  0.363158 0.369181 0.00206745 0
15  0.376816 0.36969 0.00199129 0
16  0.374508 0.369991 0.00188947 0
17  0.360376 0.369425 0.00186105 0
18  0.368485 0.369373 0.00175839 0
19  0.370086 0.369411 0.00166625 0
20  0.370441 0.369462 0.00158373 0
1  0.362672 0.362672 0 0
2  0.343844 0.353258 0.00665659 0
3  0.37527 0.360595 0.00745552 0
4  0.34807 0.357464 0.00621449 0
5  0.35233 0.356437 0.00505572 0
6  0.347321 0.354918 0.00443553 0
7  0.36207 0.355939 0.00391781 0
8  0.360127 0.356463 0.00346287 0
9  0.360889 0.356955 0.00311284 0
10  0.358917 0.357151 0.00280773 0
11  0.348129 0.356331 0.00266959 0
12  0.358285 0.356494 0.00245209 0
13  0.371994 0.357686 0.00253683 0
14  0.356984 0.357636 0.00235612 0
15  0.348284 0.357012 0.00228003 0
16  0.35417 0.356835 0.00214444 0
17  0.356524 0.356817 0.00201838 0
18  0.362583 0.357137 0.0019315 0
19  0.363024 0.357447 0.00185453 0
20  0.351751 0.357162 0.00178353 0
1  0.340259 0.340259 0 0
2  0.346051 0.343155 0.00204786 0
3  0.345497 0.343936 0.00150668 0
4  0.359782 0.347897 0.0036121 0
5  0.338509 0.34602 0.00334227 0
6  0.352305 0.347067 0.00294479 0
7  0.348879 0.347326 0.00253546 0
8  0.352644 0.347991 0.00230401 0
9  0.352735 0.348518 0.00210745 0
10  0.356752 0.349341 0.00205127 0
11  0.347072 0.349135 0.00187514 0
12  0.354504 0.349582 0.00177146 0
13  0.344727 0.349209 0.0016741 0
14  0.337751 0.348391 0.00174313 0
15  0.337319 0.347652 0.00177633 0
16  0.347499 0.347643 0.00166533 0
17  0.343705 0.347411 0.0015834 0
18  0.338402 0.346911 0.00157254 0
19  0.360848 0.347644 0.00165204 0
20  0.340783 0.347301 0.00160466 0
1  0.340882 0.340882 0 0
2  0.325229 0.333055 0.00553423 0
3  0.327602 0.331238 0.00397682 0
4  0.335683 0.332349 0.00313403 0
5  0.332323 0.332344 0.00250723 0
6  0.333622 0.332557 0.00209839 0
7  0.331788 0.332447 0.00180149 0
8  0.32545 0.331572 0.00177596 0
9  0.332656 0.331693 0.00158271 0
10  0.330416 0.331565 0.00142958 0
11  0.334474 0.33183 0.00132385 0
12  0.341949 0.332673 0.00145755 0
13  0.319998 0.331698 0.00163939 0
14  0.326469 0.331324 0.00156426 0
15  0.322374 0.330728 0.00156965 0
16  0.337263 0.331136 0.00152377 0
17  0.332766 0.331232 0.00143715 0
18  0.333573 0.331362 0.00136318 0
19  0.326052 0.331083 0.00131977 0
20  0.329848 0.331021 0.00125522 0
1  0.314756 0.314756 0 0
2  0.318682 0.316719 0.00138823 0
3  0.322924 0.318787 0.00192582 0
4  0.328766 0.321282 0.00259877 0
5  0.311385 0.319302 0.00273071 0
6  0.315216 0.318621 0.00235899 0
7  0.328137 0.319981 0.00238164 0
8  0.312611 0.31906 0.00225508 0
9  0.319242 0.31908 0.0020046 0
10  0.314888 0.318661 0.00184746 0
11  0.318418 0.318639 0.00167964 0
12  0.318196 0.318602 0.00154007 0
13  0.319553 0.318675 0.00142334 0
14  0.308592 0.317955 0.00149282 0
15  0.319827 0.318079 0.00139851 0
16  0.307314 0.317407 0.00146404 0
17  0.312494 0.317118 0.00140614 0
18  0.312102 0.316839 0.00135535 0
19  0.319246 0.316966 0.00128992 0
20  0.304162 0.316326 0.00137515 0
1  0.296302 0.296302 0 0
2  0.293521 0.294912 0.000983238 0
3  0.306019 0.298614 0.00309327 0
4  0.306212 0.300514 0.00284402 0
5  0.308993 0.302209 0.00273448 0
6  0.294773 0.30097 0.00254419 0
7  0.296131 0.300279 0.0022727 0
8  0.30524 0.300899 0.0020715 0
9  0.293613 0.300089 0.00199325 0
10  0.315385 0.301619 0.00230733 0
11  0.307699 0.302172 0.00216276 0
12  0.305433 0.302443 0.00199953 0
13  0.304296 0.302586 0.00185079 0
14  0.30053 0.302439 0.0017244 0
15  0.301232 0.302359 0.00161132 0
16  0.303871 0.302453 0.00151338 0
17  0.308052 0.302782 0.00145976 0
18  0.31174 0.30328 0.00146103 0
19  0.307218 0.303487 0.00139875 0
20  0.307398 0.303683 0.00134241 0
1  0.285757 0.285757 0 0
2  0.298774 0.292266 0.00460232 0
3  0.288116 0.290883 0.00326948 0
4  0.292599 0.291312 0.00248012 0
5  0.296174 0.292284 0.00216636 0
6  0.297748 0.293195 0.0019875 0
7  0.306111 0.29504 0.00241257 0
8  0.294443 0.294965 0.00211215 0
9  0.291918 0.294627 0.00190442 0
10  0.291597 0.294324 0.00173791 0
11  0.298689 0.294721 0.00162458 0
12  0.290157 0.29434 0.00153306 0
13  0.288874 0.29392 0.00147168 0
14  0.296327 0.294092 0.00137656 0
15  0.298405 0.294379 0.00131448 0
16  0.287477 0.293948 0.00130119 0
17  0.289455 0.293684 0.0012512 0
18  0.292377 0.293611 0.0011838 0
19  0.29733 0.293807 0.00113756 0
20  0.289256 0.293579 0.00110321 0
1  0.284328 0.284328 0 0
2  0.286616 0.285472 0.000809026 0
3  0.274292 0.281745 0.00309016 0
4  0.286494 0.282933 0.00253543 0
5  0.271536 0.280653 0.00287583 0
6  0.275172 0.27974 0.00253748 0
7  0.285289 0.280533 0.00229549 0
8  0.282155 0.280735 0.0020175 0
9  0.275847 0.280192 0.00186501 0
10  0.279515 0.280125 0.00167974 0
11  0.277347 0.279872 0.0015459 0
12  0.28793 0.280544 0.0015561 0
13  0.276218 0.280211 0.00147155 0
14  0.278777 0.280108 0.00137 0
15  0.29119 0.280847 0.00146438 0
16  0.275196 0.280494 0.00141481 0
17  0.285068 0.280763 0.00135693 0
18  0.283901 0.280937 0.0012927 0
19  0.282538 0.281022 0.0012274 0
20  0.279515 0.280946 0.00116834 0
1  0.267859 0.267859 0 0
2  0.262534 0.265197 0.00188259 0
3  0.271444 0.267279 0.00211335 0
4  0.275587 0.269356 0.00239738 0
5  0.275618 0.270609 0.00222106 0
6  0.267293 0.270056 0.0019184 0
7  0.268662 0.269857 0.00165464 0
8  0.273817 0.270352 0.00152005 0
9  0.271251 0.270452 0.00135444 0
10  0.262 0.269607 0.00145907 0
11  0.27274 0.269892 0.00135395 0
12  0.270514 0.269943 0.00124211 0
13  0.259051 0.269106 0.00140095 0
14  0.284961 0.270238 0.00169803 0
15  0.274967 0.270553 0.00161383 0
16  0.266184 0.27028 0.0015359 0
17  0.279531 0.270824 0.00153894 0
18  0.275828 0.271102 0.00147834 0
19  0.262564 0.270653 0.00146725 0
20  0.27419 0.27083 0.00140451 0
1  0.253464 0.253464 0 0
2  0.265167 0.259315 0.0041377 0
3  0.258774 0.259135 0.00276239 0
4  0.261133 0.259635 0.00211649 0
5  0.259885 0.259685 0.00169378 0
6  0.263328 0.260292 0.00151642 0
7  0.263632 0.260769 0.00137281 0
8  0.260839 0.260778 0.00120123 0
9  0.260896 0.260791 0.00106784 0
10  0.263534 0.261065 0.000995652 0
11  0.254505 0.260469 0.00106894 0
12  0.263053 0.260684 0.00100132 0
13  0.255548 0.260289 0.000999214 0
14  0.262098 0.260418 0.000936157 0
15  0.259758 0.260374 0.00087478 0
16  0.262885 0.260531 0.000834061 0
17  0.263318 0.260695 0.000800952 0
18  0.261172 0.260722 0.000756893 0
19  0.261816 0.260779 0.000719243 0
20  0.259663 0.260723 0.000685441 0
1  0.252093 0.252093 0 0
2  0.253421 0.252757 0.000469419 0
3  0.239464 0.248326 0.00363159 0
4  0.248769 0.248437 0.00272538 0
5  0.24267 0.247283 0.00241202 0
6  0.252447 0.248144 0.00215809 0
7  0.239652 0.246931 0.00216406 0
8  0.247551 0.247008 0.00189494 0
9  0.255529 0.247955 0.00190626 0
10  0.249814 0.248141 0.00172468 0
11  0.25434 0.248704 0.00165739 0
12  0.247687 0.24862 0.00152144 0
13  0.250617 0.248773 0.00141215 0
14  0.251707 0.248983 0.00132673 0
15  0.242725 0.248566 0.00130223 0
16  0.2528 0.24883 0.00124744 0
17  0.244699 0.248587 0.0011975 0
18  0.247108 0.248505 0.00113379 0
19  0.246208 0.248384 0.00108054 0
20  0.248366 0.248383 0.00102652 0
1  0.238191 0.238191 0 0
2  0.244422 0.241307 0.00220295 0
3  0.236628 0.239747 0.00194377 0
4  0.240681 0.239981 0.00147179 0
5  0.245923 0.241169 0.00158623 0
6  0.237187 0.240505 0.00145411 0
7  0.239853 0.240412 0.00124936 0
8  0.236918 0.239975 0.00116706 0
9  0.24714 0.240771 0.00128041 0
10  0.242753 0.24097 0.0011676 0
11  0.241202 0.240991 0.00106165 0
12  0.236929 0.240652 0.00102571 0
13  0.240111 0.240611 0.000947655 0
14  0.239933 0.240562 0.0008812 0
15  0.23522 0.240206 0.000891529 0
16  0.239712 0.240175 0.000836344 0
17  0.240946 0.240221 0.000788375 0
18  0.23917 0.240162 0.000746735 0
19  0.230547 0.239656 0.000862007 0
20  0.240791 0.239713 0.000820771 0
1  0.231647 0.231647 0 0
2  0.227975 0.229811 0.00129828 0
3  0.229316 0.229646 0.000875935 0
4  0.237991 0.231732 0.00192236 0
5  0.231338 0.231653 0.0015395 0
6  0.229511 0.231296 0.00132369 0
7  0.236597 0.232054 0.00133374 0
8  0.230263 0.23183 0.00118566 0
9  0.227172 0.231312 0.00116139 0
10  0.22878 0.231059 0.0010725 0
11  0.231073 0.23106 0.000975001 0
12  0.228284 0.230829 0.000920788 0
13  0.231979 0.230917 0.0008542 0
14  0.226443 0.230598 0.000850868 0
15  0.2286 0.230465 0.000804498 0
16  0.229385 0.230397 0.000757041 0
17  0.222172 0.229913 0.000853219 0
18  0.232533 0.230059 0.000818139 0
19  0.232814 0.230204 0.000787821 0
20  0.23072 0.23023 0.000748853 0
1  0.219025 0.219025 0 0
2  0.223324 0.221174 0.00151986 0
3  0.217896 0.220082 0.00135003 0
4  0.220758 0.220251 0.00102304 0
5  0.221665 0.220534 0.000856634 0
6  0.216551 0.21987 0.000936354 0
7  0.21869 0.219701 0.000817612 0
8  0.21614 0.219256 0.000827746 0
9  0.222666 0.219635 0.000817904 0
10  0.214329 0.219104 0.000891758 0
11  0.224088 0.219558 0.000918585 0
12  0.21506 0.219183 0.000915297 0
13  0.223656 0.219527 0.000907257 0
14  0.223217 0.21979 0.000879908 0
15  0.220325 0.219826 0.000821969 0
16  0.226056 0.220215 0.000857868 0
17  0.222859 0.220371 0.000821378 0
18  0.223152 0.220525 0.000790143 0
19  0.217257 0.220353 0.000767053 0
20  0.214829 0.220077 0.00077684 0
1  0.215071 0.215071 0 0
2  0.209275 0.212173 0.00204904 0
3  0.216901 0.213749 0.00187674 0
4  0.211913 0.21329 0.00146258 0
5  0.217984 0.214229 0.00144019 0
6  0.21684 0.214664 0.00126419 0
7  0.20624 0.213461 0.00155423 0
8  0.211295 0.21319 0.00138332 0
9  0.20924 0.212751 0.00129737 0
10  0.213962 0.212872 0.00117328 0
11  0.216945 0.213242 0.00112353 0
12  0.213499 0.213264 0.00103011 0
13  0.209801 0.212997 0.000984701 0
14  0.216612 0.213256 0.000947612 0
15  0.209318 0.212993 0.000920082 0
16  0.214617 0.213095 0.000868156 0
17  0.213161 0.213099 0.000817097 0
18  0.214432 0.213173 0.000775055 0
19  0.214685 0.213252 0.000738339 0
20  0.205886 0.212884 0.00078796 0
1  0.205086 0.205086 0 0
2  0.208397 0.206741 0.00117067 0
3  0.202665 0.205382 0.00135644 0
4  0.205383 0.205382 0.00101733 0
5  0.204009 0.205108 0.000850115 0
6  0.200752 0.204382 0.000970098 0
7  0.203603 0.204271 0.000837871 0
8  0.205219 0.204389 0.000741474 0
9  0.206112 0.204581 0.000683366 0
10  0.197539 0.203876 0.000908037 0
11  0.203434 0.203836 0.000826379 0
12  0.204787 0.203915 0.000761305 0
13  0.203731 0.203901 0.000702876 0
14  0.204308 0.20393 0.00065327 0
15  0.205337 0.204024 0.000616416 0
16  0.198453 0.203676 0.000669044 0
17  0.205902 0.203807 0.000642378 0
18  0.198729 0.203525 0.000665747 0
19  0.206762 0.203695 0.00065215 0
20  0.201229 0.203572 0.000631095 0
1  0.197291 0.197291 0 0
2  0.192706 0.194999 0.00162108 0
3  0.197432 0.19581 0.00126742 0
4  0.195702 0.195783 0.000950851 0
5  0.190598 0.194746 0.00119957 0
6  0.196097 0.194971 0.00102056 0
7  0.196092 0.195131 0.000887235 0
8  0.194361 0.195035 0.000781535 0
9  0.18984 0.194458 0.00088249 0
10  0.196894 0.194701 0.000827185 0
11  0.193283 0.194572 0.000761972 0
12  0.194014 0.194526 0.000699894 0
13  0.191447 0.194289 0.000684948 0
14  0.19802 0.194556 0.000685898 0
15  0.19314 0.194461 0.000646633 0
16  0.195468 0.194524 0.000609271 0
17  0.198469 0.194756 0.000616038 0
18  0.194505 0.194742 0.000581972 0
19  0.200135 0.195026 0.000616684 0
20  0.198801 0.195215 0.000614059 0
1  0.396503 0.396503 0 1
2  0.273908 0.335205 0.043344 1
3  0.24224 0.304217 0.0384079 1
4  0.265922 0.294643 0.0299754 1
5  0.36945 0.309604 0.0274614 1
6  0.347103 0.315854 0.023585 1
7  0.342948 0.319725 0.0205309 1
8  0.373476 0.326443 0.0190322 1
9  0.465043 0.341843 0.0222937 1
10  0.2353 0.331189 0.0224665 1
11  0.411996 0.338535 0.0215917 1
12  0.239213 0.330258 0.0213199 1
13  0.373294 0.333569 0.0199352 1
14  0.310407 0.331914 0.0185798 1
15  0.334264 0.332071 0.0173418 1
16  0.366885 0.334247 0.0163939 1
17  0.251504 0.32938 0.0161359 1
18  0.39791 0.333187 0.0156822 1
19  0.36583 0.334905 0.0149506 1
20  0.315457 0.333933 0.0142347 1
1  0.433292 0.433292 0 1
2  0.355573 0.394432 0.0274776 1
3  0.394033 0.394299 0.0183187 1
4  0.384419 0.391829 0.0139046 1
5  0.352288 0.383921 0.0131821 1
6  0.445692 0.394216 0.0144567 1
7  0.457812 0.403301 0.0149765 1
8  0.425797 0.406113 0.0133658 1
9  0.455241 0.411572 0.0129475 1
10  0.388073 0.409222 0.0118641 1
11  0.354998 0.404292 0.0117651 1
12  0.358169 0.400449 0.0113953 1
13  0.411089 0.401267 0.0105481 1
14  0.38858 0.400361 0.00983349 1
15  0.413254 0.401221 0.00921541 1
16  0.370765 0.399317 0.00883385 1
17  0.399861 0.399349 0.00831427 1
18  0.400789 0.399429 0.00785275 1
19  0.37466 0.398125 0.00754688 1
20  0.357103 0.396074 0.00744305 1
1  0.390175 0.390175 0 1
2  0.393799 0.391987 0.00128133 1
3  0.415906 0.39996 0.00656561 1
4  0.400405 0.400071 0.00492515 1
5  0.42096 0.404249 0.00543024 1
6  0.429262 0.408418 0.00591271 1
7  0.429311 0.411402 0.00577245 1
8  0.41934 0.412395 0.00513547 1
9  0.378042 0.408578 0.00581277 1
10  0.402218 0.407942 0.00526616 1
11  0.382582 0.405636 0.00526793 1
12  0.435052 0.408088 0.00536904 1
13  0.393608 0.406974 0.00507026 1
14  0.428143 0.408486 0.0049284 1
15  0.406399 0.408347 0.00460181 1
16  0.416631 0.408865 0.00434322 1
17  0.4555 0.411608 0.00487776 1
18  0.429424 0.412598 0.00470613 1
19  0.445761 0.414343 0.00477115 1
20  0.37957 0.412604 0.00483903 1
1  0.444349 0.444349 0 1
2  0.420802 0.432575 0.00832509 1
3  0.441787 0.435646 0.00609002 1
4  0.396691 0.425907 0.0095914 1
5  0.426324 0.42599 0.00767348 1
6  0.40445 0.4224 0.00718545 1
7  0.358621 0.413289 0.0104446 1
8  0.47202 0.42063 0.0114316 1
9  0.46707 0.42579 0.0112659 1
10  0.412108 0.424422 0.0102221 1
11  0.463671 0.42799 0.00989595 1
12  0.431697 0.428299 0.00907611 1
13  0.46081 0.4308 0.00871568 1
14  0.427988 0.430599 0.00809545 1
15  0.356728 0.425674 0.00892893 1
16  0.480504 0.429101 0.00900449 1
17  0.394617 0.427073 0.0087003 1
18  0.39362 0.425214 0.00841311 1
19  0.405917 0.424198 0.00803138 1
20  0.435117 0.424744 0.00764834 1
1  0.478873 0.478873 0 1
2  0.471756 0.475315 0.00251643 1
3  0.410822 0.453817 0.0176327 1
4  0.419517 0.445242 0.0151669 1
5  0.43012 0.442218 0.0124314 1
6  0.452727 0.443969 0.0104822 1
7  0.397902 0.437388 0.0108558 1
8  0.436583 0.437287 0.0094993 1
9  0.381115 0.431046 0.010292 1
10  0.448705 0.432812 0.00941307 1
11  0.376564 0.427698 0.00984875 1
12  0.447235 0.429327 0.0091616 1
13  0.392711 0.42651 0.00887926 1
14  0.436625 0.427232 0.00827437 1
15  0.413545 0.42632 0.00777289 1
16  0.4313 0.426631 0.00729332 1
17  0.464405 0.428853 0.00719482 1
18  0.405707 0.427567 0.00690907 1
19  0.399322 0.426081 0.00670346 1
20  0.469931 0.428273 0.00671729 1
1  0.407463 0.407463 0 1
2  0.430767 0.419115 0.00823925 1
3  0.474256 0.437495 0.0159811 1
4  0.423189 0.433919 0.0123795 1
5  0.421133 0.431362 0.0101643 1
6  0.442949 0.433293 0.00865175 1
7  0.460775 0.437219 0.00825869 1
8  0.436533 0.437133 0.0072268 1
9  0.459582 0.439628 0.00684074 1
10  0.413916 0.437056 0.00662225 1
11  0.480288 0.440987 0.0070912 1
12  0.442749 0.441133 0.00650178 1
13  0.440655 0.441097 0.00600175 1
14  0.473666 0.443423 0.00600703 1
15  0.425658 0.442239 0.00572213 1
16  0.419234 0.440801 0.00554219 1
17  0.435725 0.440502 0.00522422 1
18  0.456999 0.441419 0.00501373 1
19  0.415585 0.440059 0.00493077 1
20  0.373931 0.436753 0.00568576 1
1  0.424237 0.424237 0 1
2  0.472323 0.44828 0.017001 1
3  0.445509 0.447356 0.011359 1
4  0.481703 0.455943 0.0113083 1
5  0.3998 0.444714 0.0135169 1
6  0.439138 0.443785 0.011296 1
7  0.457687 0.445771 0.00985532 1
8  0.41911 0.442438 0.00916956 1
9  0.445906 0.442824 0.00815881 1
10  0.449614 0.443503 0.00737113 1
11  0.435743 0.442797 0.0067347 1
12  0.431379 0.441846 0.00624033 1
13  0.46589 0.443695 0.00602817 1
14  0.482655 0.446478 0.00620676 1
15  0.440472 0.446078 0.00580587 1
16  0.438755 0.44562 0.00546102 1
17  0.4483 0.445778 0.00514205 1
18  0.428252 0.444804 0.00494771 1
19  0.420219 0.44351 0.00485355 1
20  0.462877 0.444479 0.00470647 1
1  0.418784 0.418784 0 1
2  0.455224 0.437004 0.0128835 1
3  0.464373 0.446127 0.0113691 1
4  0.440328 0.444677 0.00861876 1
5  0.41508 0.438758 0.00869326 1
6  0.460802 0.442432 0.00798308 1
7  0.402844 0.436777 0.00861603 1
8  0.437323 0.436845 0.00753929 1
9  0.414306 0.434341 0.00710537 1
10  0.428925 0.433799 0.00641544 1
11  0.426154 0.433104 0.00586975 1
12  0.408066 0.431018 0.00573947 1
13  0.414342 0.429735 0.00543944 1
14  0.429212 0.429697 0.00505103 1
15  0.417496 0.428884 0.00477934 1
16  0.415564 0.428052 0.00455256 1
17  0.43445 0.428428 0.00430029 1
18  0.43644 0.428873 0.00408435 1
19  0.476141 0.431361 0.0045646 1
20  0.454069 0.432496 0.00447535 1
1  0.438148 0.438148 0 1
2  0.437696 0.437922 0.000159824 1
3  0.460856 0.445566 0.00624281 1
4  0.412208 0.437227 0.00860717 1
5  0.448159 0.439413 0.00715805 1
6  0.420587 0.436276 0.00661709 1
7  0.426025 0.434811 0.00583157 1
8  0.448868 0.436568 0.0053608 1
9  0.468939 0.440165 0.00584856 1
10  0.433729 0.439521 0.00529899 1
11  0.43098 0.438745 0.00487383 1
12  0.441338 0.438961 0.00447247 1
13  0.432252 0.438445 0.0041581 1
14  0.413332 0.436651 0.00423036 1
15  0.439689 0.436854 0.00395318 1
16  0.434125 0.436683 0.00370978 1
17  0.43342 0.436491 0.00349652 1
18  0.452863 0.437401 0.00341853 1
19  0.437214 0.437391 0.00323862 1
20  0.432518 0.437147 0.00308584 1
1  0.44163 0.44163 0 1
2  0.425427 0.433528 0.00572873 1
3  0.425237 0.430764 0.00443608 1
4  0.424481 0.429194 0.00359442 1
5  0.43791 0.430937 0.0032711 1
6  0.425983 0.430111 0.00282819 1
7  0.432751 0.430488 0.00244917 1
8  0.469099 0.435315 0.00499747 1
9  0.443484 0.436222 0.00452387 1
10  0.457919 0.438392 0.00456219 1
11  0.443801 0.438884 0.00417386 1
12  0.416346 0.437006 0.00422752 1
13  0.423024 0.43593 0.00403682 1
14  0.411854 0.43421 0.00409846 1
15  0.423986 0.433529 0.00388149 1
16  0.395097 0.431127 0.00431863 1
17  0.412908 0.430055 0.00419545 1
18  0.447849 0.431044 0.00407717 1
19  0.433549 0.431175 0.00386472 1
20  0.385199 0.428877 0.00430117 1
1  0.452575 0.452575 0 1
2  0.416592 0.434583 0.0127219 1
3  0.421773 0.430313 0.00916996 1
4  0.407003 0.424485 0.00853052 1
5  0.436343 0.426857 0.00714645 1
6  0.455065 0.431558 0.00734062 1
7  0.432909 0.431751 0.0062945 1
8  0.427766 0.431253 0.00552737 1
9  0.422765 0.43031 0.00499303 1
10  0.406128 0.427892 0.00504545 1
11  0.440655 0.429052 0.0047183 1
12  0.415202 0.427898 0.00446403 1
13  0.419806 0.427275 0.00416382 1
14  0.431915 0.427607 0.00387957 1
15  0.413376 0.426658 0.00373514 1
16  0.419145 0.426188 0.00353109 1
17  0.421184 0.425894 0.00333562 1
18  0.448038 0.427124 0.00336955 1
19  0.423313 0.426924 0.00319817 1
20  0.420915 0.426623 0.00305234 1
1  0.416934 0.416934 0 1
2  0.390839 0.403886 0.00922603 1
3  0.429713 0.412495 0.00934012 1
4  0.373053 0.402635 0.0110451 1
5  0.414501 0.405008 0.00908749 1
6  0.405635 0.405112 0.00757351 1
7  0.41135 0.406003 0.00654379 1
8  0.408637 0.406332 0.00573409 1
9  0.401557 0.405802 0.00512146 1
10  0.419547 0.407176 0.00479021 1
11  0.406131 0.407081 0.00435568 1
12  0.426866 0.40873 0.00429344 1
13  0.395163 0.407686 0.00408805 1
14  0.397415 0.406953 0.00386131 1
15  0.41102 0.407224 0.0036134 1
16  0.395463 0.406489 0.00346153 1
17  0.408787 0.406624 0.00326055 1
18  0.415922 0.407141 0.00312006 1
19  0.403491 0.406949 0.00296175 1
20  0.403237 0.406763 0.00281947 1
1  0.39603 0.39603 0 1
2  0.397172 0.396601 0.000403773 1
3  0.420329 0.40451 0.0064634 1
4  0.403639 0.404293 0.00485122 1
5  0.401376 0.403709 0.00391589 1
6  0.403436 0.403664 0.00326351 1
7  0.374425 0.399487 0.00477279 1
8  0.414545 0.401369 0.0045322 1
9  0.37852 0.39883 0.00468604 1
10  0.374248 0.396372 0.00481928 1
11  0.384988 0.395337 0.00449091 1
12  0.410696 0.396617 0.00429518 1
13  0.384712 0.395701 0.00406123 1
14  0.398513 0.395902 0.0037761 1
15  0.406716 0.396623 0.00359252 1
16  0.397034 0.396649 0.00336808 1
17  0.373145 0.395266 0.00344205 1
18  0.406068 0.395866 0.00330272 1
19  0.408043 0.396507 0.00319047 1
20  0.402758 0.39682 0.00304621 1
1  0.390436 0.390436 0 1
2  0.357697 0.374066 0.0115751 1
3  0.377074 0.375069 0.00776004 1
4  0.367351 0.373139 0.00605517 1
5  0.380863 0.374684 0.00503734 1
6  0.386738 0.376693 0.00458094 1
7  0.373571 0.376247 0.00394817 1
8  0.393167 0.378362 0.00398105 1
9  0.380721 0.378624 0.00354733 1
10  0.38828 0.37959 0.0033214 1
11  0.400906 0.381528 0.0035399 1
12  0.38161 0.381534 0.00324492 1
13  0.368057 0.380498 0.00315658 1
14  0.377768 0.380303 0.00293712 1
15  0.402689 0.381795 0.00309737 1
16  0.397929 0.382804 0.00306353 1
17  0.370062 0.382054 0.00297359 1
18  0.394475 0.382744 0.00288734 1
19  0.376171 0.382398 0.00275602 1
20  0.377344 0.382145 0.00262978 1
1  0.374794 0.374794 0 1
2  0.380322 0.377558 0.00195435 1
3  0.370865 0.375327 0.00223953 1
4  0.382128 0.377027 0.00223371 1
5  0.372814 0.376184 0.00193941 1
6  0.387182 0.378017 0.00232632 1
7  0.380611 0.378388 0.00202328 1
8  0.364996 0.376714 0.0023635 1
9  0.370653 0.37604 0.00219474 1
10  0.378215 0.376258 0.00198601 1
11  0.387862 0.377313 0.00206671 1
12  0.377127 0.377297 0.00189455 1
13  0.366489 0.376466 0.0019226 1
14  0.361909 0.375426 0.00204722 1
15  0.365336 0.374754 0.00201823 1
16  0.381468 0.375173 0.00193523 1
17  0.366991 0.374692 0.0018803 1
18  0.37374 0.374639 0.00177658 1
19  0.374067 0.374609 0.00168333 1
20  0.374016 0.374579 0.00159942 1
1  0.352817 0.352817 0 1
2  0.377301 0.365059 0.00865641 1
3  0.339419 0.356512 0.00905543 1
4  0.362 0.357884 0.00689469 1
5  0.354545 0.357216 0.00554801 1
6  0.360598 0.35778 0.00465188 1
7  0.351511 0.356884 0.00407261 1
8  0.367184 0.358172 0.00376152 1
9  0.353029 0.3576 0.0033867 1
10  0.363469 0.358187 0.00309846 1
11  0.353275 0.357741 0.00284879 1
12  0.349675 0.357069 0.00268951 1
13  0.350983 0.3566 0.00252304 1
14  0.357834 0.356689 0.00234436 1
15  0.378114 0.358117 0.00258685 1
16  0.346872 0.357414 0.00251883 1
17  0.358905 0.357502 0.00237219 1
18  0.351004 0.357141 0.00226771 1
19  0.355357 0.357047 0.0021503 1
20  0.369677 0.357678 0.0021335 1
1  0.336882 0.336882 0 1
2  0.340476 0.338679 0.00127047 1
3  0.331984 0.336447 0.00200928 1
4  0.368071 0.344353 0.00701048 1
5  0.341993 0.343881 0.00562425 1
6  0.357691 0.346183 0.00513628 1
7  0.356515 0.347659 0.00460973 1
8  0.350795 0.348051 0.00405015 1
9  0.365163 0.349952 0.00402172 1
10  0.351428 0.3501 0.00362225 1
11  0.352804 0.350346 0.00330129 1
12  0.34698 0.350065 0.00303807 1
13  0.347379 0.349859 0.00281139 1
14  0.348367 0.349752 0.00261259 1
15  0.333903 0.348695 0.00264346 1
16  0.348817 0.348703 0.00247825 1
17  0.351677 0.348878 0.00233864 1
18  0.340313 0.348402 0.0022566 1
19  0.359872 0.349006 0.00221711 1
20  0.338536 0.348482 0.00216718 1
1  0.329549 0.329549 0 1
2  0.33301 0.331279 0.00122343 1
3  0.335122 0.33256 0.00132636 1
4  0.326261 0.330986 0.00168803 1
5  0.329245 0.330638 0.00138584 1
6  0.314615 0.327967 0.00269748 1
7  0.338756 0.329508 0.002717 1
8  0.317262 0.327978 0.00277531 1
9  0.332564 0.328487 0.00251329 1
10  0.349019 0.33054 0.00298504 1
11  0.330448 0.330532 0.00271368 1
12  0.331902 0.330646 0.00248994 1
13  0.331 0.330673 0.00229855 1
14  0.335517 0.331019 0.00216026 1
15  0.316875 0.330076 0.00221248 1
16  0.328343 0.329968 0.00207685 1
17  0.329663 0.32995 0.00195476 1
18  0.322792 0.329552 0.00188619 1
19  0.344377 0.330333 0.00194159 1
20  0.328447 0.330238 0.0018468 1
1  0.327113 0.327113 0 1
2  0.315148 0.32113 0.00423044 1
3  0.31366 0.31864 0.00347676 1
4  0.319903 0.318956 0.00262187 1
5  0.333387 0.321842 0.00332619 1
6  0.316471 0.320947 0.00288979 1
7  0.336095 0.323111 0.00318575 1
8  0.316196 0.322247 0.00290244 1
9  0.320776 0.322083 0.00258454 1
10  0.312143 0.321089 0.00250997 1
11  0.309566 0.320042 0.00249081 1
12  0.323122 0.320298 0.00229643 1
13  0.315068 0.319896 0.00215473 1
14  0.325942 0.320328 0.00204364 1
15  0.321269 0.320391 0.00190836 1
16  0.316735 0.320162 0.00180271 1
17  0.330045 0.320743 0.00178796 1
18  0.321616 0.320792 0.00168928 1
19  0.326937 0.321115 0.00163104 1
20  0.329376 0.321528 0.00160094 1
1  0.304399 0.304399 0 1
2  0.307709 0.306054 0.0011702 1
3  0.301066 0.304391 0.00156588 1
4  0.314512 0.306921 0.002486 1
5  0.312639 0.308065 0.00223644 1
6  0.301776 0.307017 0.00209498 1
7  0.308049 0.307164 0.00180088 1
8  0.308134 0.307285 0.00157985 1
9  0.297843 0.306236 0.00171769 1
10  0.308222 0.306435 0.00155737 1
11  0.309449 0.306709 0.00143969 1
12  0.290758 0.30538 0.00183337 1
13  0.295802 0.304643 0.00183441 1
14  0.31257 0.305209 0.00178863 1
15  0.316852 0.305985 0.00183007 1
16  0.300593 0.305648 0.00174645 1
17  0.30927 0.305861 0.00165667 1
18  0.305413 0.305836 0.00156482 1
19  0.296792 0.30536 0.00155317 1
20  0.317167 0.305951 0.00158373 1
1  0.288666 0.288666 0 1
2  0.2833 0.285983 0.00189735 1
3  0.29931 0.290425 0.00384136 1
4  0.302718 0.293498 0.00392217 1
5  0.296725 0.294144 0.00319038 1
6  0.290751 0.293578 0.00270829 1
7  0.288239 0.292816 0.00242641 1
8  0.292063 0.292722 0.00212493 1
9  0.28632 0.29201 0.00200433 1
10  0.282346 0.291044 0.00202353 1
11  0.291043 0.291044 0.00183957 1
12  0.294541 0.291335 0.0017092 1
13  0.283706 0.290748 0.00167544 1
14  0.291275 0.290786 0.00155618 1
15  0.300352 0.291424 0.00157772 1
16  0.295957 0.291707 0.00150433 1
17  0.303685 0.292412 0.00157222 1
18  0.296984 0.292666 0.00150526 1
19  0.291774 0.292619 0.00142676 1
20  0.283945 0.292185 0.00141981 1
1  0.28089 0.28089 0 1
2  0.288303 0.284597 0.00262089 1
3  0.285023 0.284739 0.00175111 1
4  0.271461 0.281419 0.00316057 1
5  0.280384 0.281212 0.00253523 1
6  0.289857 0.282653 0.00248868 1
7  0.28067 0.28237 0.00214921 1
8  0.277083 0.281709 0.00197955 1
9  0.277106 0.281197 0.00182447 1
10  0.2851 0.281588 0.00168326 1
11  0.280619 0.2815 0.00153254 1
12  0.292845 0.282445 0.0016712 1
13  0.28377 0.282547 0.00154575 1
14  0.28582 0.282781 0.00145291 1
15  0.282761 0.282779 0.00135605 1
16  0.286202 0.282993 0.00128806 1
17  0.280327 0.282836 0.0012218 1
18  0.298928 0.28373 0.00144441 1
19  0.273421 0.283188 0.00146677 1
20  0.28001 0.283029 0.00140201 1
1  0.261886 0.261886 0 1
2  0.271287 0.266587 0.00332379 1
3  0.268335 0.267169 0.00226633 1
4  0.260494 0.265501 0.00223111 1
5  0.275904 0.267581 0.00257857 1
6  0.271306 0.268202 0.00222228 1
7  0.265927 0.267877 0.00192844 1
8  0.276426 0.268946 0.00196124 1
9  0.277622 0.26991 0.00196605 1
10  0.275489 0.270468 0.00184691 1
11  0.263512 0.269835 0.00178398 1
12  0.277197 0.270449 0.00173761 1
13  0.274583 0.270767 0.00163279 1
14  0.261722 0.270121 0.00163901 1
15  0.272472 0.270278 0.00153722 1
16  0.269098 0.270204 0.00144291 1
17  0.262032 0.269723 0.00143588 1
18  0.262589 0.269327 0.00140975 1
19  0.262483 0.268966 0.00138081 1
20  0.26589 0.268813 0.00132031 1
1  0.258523 0.258523 0 1
2  0.255665 0.257094 0.00101074 1
3  0.252887 0.255692 0.00132853 1
4  0.256707 0.255946 0.00102035 1
5  0.253678 0.255492 0.000911514 1
6  0.264527 0.256998 0.0015705 1
7  0.258526 0.257216 0.00136122 1
8  0.271998 0.259064 0.00209904 1
9  0.253588 0.258455 0.00195201 1
10  0.262187 0.258828 0.00179212 1
11  0.253749 0.258367 0.00168764 1
12  0.268253 0.259191 0.00173648 1
13  0.248925 0.258401 0.00177338 1
14  0.254388 0.258114 0.00166971 1
15  0.259812 0.258227 0.00156223 1
16  0.259399 0.258301 0.0014663 1
17  0.261289 0.258477 0.00139055 1
18  0.254572 0.25826 0.0013301 1
19  0.261747 0.258443 0.0012727 1
20  0.254464 0.258244 0.00122451 1
1  0.249189 0.249189 0 1
2  0.252548 0.250869 0.0011874 1
3  0.250548 0.250762 0.000796386 1
4  0.251095 0.250845 0.000601627 1
5  0.245977 0.249872 0.000994921 1
6  0.249637 0.249832 0.000829867 1
7  0.258588 0.251083 0.00135899 1
8  0.246427 0.250501 0.00130784 1
9  0.251252 0.250585 0.00116518 1
10  0.253048 0.250831 0.00107439 1
11  0.259118 0.251584 0.00121239 1
12  0.247989 0.251285 0.00114777 1
13  0.245118 0.25081 0.00115335 1
14  0.247818 0.250597 0.0010906 1
15  0.246588 0.250329 0.00105012 1
16  0.247611 0.250159 0.000998137 1
17  0.23949 0.249532 0.00111948 1
18  0.236041 0.248782 0.00128389 1
19  0.252908 0.249 0.00123454 1
20  0.242092 0.248654 0.00122017 1
1  0.23368 0.23368 0 1
2  0.231943 0.232812 0.000613935 1
3  0.230134 0.231919 0.000835837 1
4  0.241643 0.23435 0.00219665 1
5  0.242433 0.235967 0.0022757 1
6  0.239047 0.23648 0.00195346 1
7  0.228496 0.23534 0.00197954 1
8  0.243362 0.236342 0.00196978 1
9  0.238714 0.236606 0.00176846 1
10  0.239003 0.236846 0.00160777 1
11  0.232322 0.236434 0.00151329 1
12  0.233203 0.236165 0.00141093 1
13  0.242509 0.236653 0.00138423 1
14  0.238417 0.236779 0.00129108 1
15  0.232891 0.23652 0.00123075 1
16  0.227416 0.235951 0.00127862 1
17  0.23661 0.23599 0.00120399 1
18  0.24424 0.236448 0.00122123 1
19  0.24319 0.236803 0.0012074 1
20  0.235926 0.236759 0.00114783 1
1  0.224251 0.224251 0 1
2  0.220256 0.222253 0.00141245 1
3  0.233383 0.225963 0.00317207 1
4  0.232966 0.227714 0.00282105 1
5  0.229583 0.228088 0.00228146 1
6  0.229636 0.228346 0.00191576 1
7  0.229489 0.228509 0.00164903 1
8  0.233296 0.229107 0.00154764 1
9  0.231223 0.229342 0.00139342 1
10  0.231314 0.22954 0.00126795 1
11  0.225405 0.229164 0.00120711 1
12  0.233475 0.229523 0.00115875 1
13  0.231758 0.229695 0.0010823 1
14  0.234585 0.230044 0.00105986 1
15  0.226036 0.229777 0.00102234 1
16  0.231501 0.229885 0.000964103 1
17  0.234005 0.230127 0.000937368 1
18  0.228675 0.230046 0.000888758 1
19  0.226433 0.229856 0.000862084 1
20  0.237704 0.230249 0.000903882 1
1  0.213989 0.213989 0 1
2  0.224035 0.219012 0.00355198 1
3  0.218494 0.218839 0.00237218 1
4  0.222586 0.219776 0.00195529 1
5  0.21685 0.219191 0.00164948 1
6  0.21867 0.219104 0.00137684 1
7  0.219938 0.219223 0.00118529 1
8  0.219138 0.219212 0.00103718 1
9  0.218003 0.219078 0.000930606 1
10  0.222207 0.219391 0.000888583 1
11  0.218835 0.21934 0.00080924 1
12  0.216363 0.219092 0.000778912 1
13  0.219246 0.219104 0.000719086 1
14  0.222465 0.219344 0.000706652 1
15  0.216016 0.219122 0.000693498 1
16  0.222572 0.219338 0.000682859 1
17  0.227397 0.219812 0.000790299 1
18  0.225838 0.220147 0.000814228 1
19  0.220003 0.220139 0.000771409 1
20  0.227123 0.220488 0.000808014 1
1  0.219312 0.219312 0 1
2  0.218977 0.219145 0.000118359 1
3  0.212157 0.216815 0.0019035 1
4  0.21721 0.216914 0.00143018 1
5  0.210932 0.215718 0.00156659 1
6  0.21198 0.215095 0.00142398 1
7  0.219591 0.215737 0.00135772 1
8  0.206512 0.214584 0.0016046 1
9  0.208092 0.213863 0.00158015 1
10  0.213605 0.213837 0.00142234 1
11  0.21563 0.214 0.00130234 1
12  0.216069 0.214172 0.00120518 1
13  0.211182 0.213942 0.0011342 1
14  0.219447 0.214335 0.00111927 1
15  0.212045 0.214183 0.00105502 1
16  0.217546 0.214393 0.00100981 1
17  0.214747 0.214414 0.000950625 1
18  0.220476 0.214751 0.000955616 1
19  0.211073 0.214557 0.000924712 1
20  0.210366 0.214347 0.000901912 1
1  0.200345 0.200345 0 1
2  0.200843 0.200594 0.000175902 1
3  0.206877 0.202688 0.001714 1
4  0.206351 0.203604 0.00151043 1
5  0.20957 0.204797 0.00161222 1
6  0.202965 0.204492 0.00137212 1
7  0.199209 0.203737 0.00136797 1
8  0.194883 0.202631 0.00158259 1
9  0.196123 0.201907 0.00156321 1
10  0.208315 0.202548 0.00153258 1
11  0.208981 0.203133 0.00150068 1
12  0.201551 0.203001 0.00138141 1
13  0.206296 0.203255 0.00129819 1
14  0.208865 0.203655 0.0012658 1
15  0.20585 0.203802 0.00118984 1
16  0.20157 0.203662 0.00112362 1
17  0.205873 0.203792 0.00106503 1
18  0.200565 0.203613 0.00102084 1
19  0.203696 0.203617 0.000967119 1
20  0.205346 0.203704 0.000922617 1
1  0.195783 0.195783 0 1
2  0.202399 0.199091 0.00233893 1
3  0.191133 0.196439 0.00266877 1
4  0.195998 0.196328 0.00200385 1
5  0.190293 0.195121 0.00193271 1
6  0.19393 0.194923 0.00162075 1
7  0.200908 0.195778 0.00159894 1
8  0.196949 0.195924 0.00140575 1
9  0.197751 0.196127 0.00126412 1
10  0.189871 0.195502 0.00128321 1
11  0.198697 0.195792 0.00119899 1
12  0.193147 0.195572 0.00111916 1
13  0.195058 0.195532 0.00103377 1
14  0.19319 0.195365 0.000973368 1
15  0.198806 0.195594 0.000935118 1
16  0.190731 0.19529 0.000924746 1
17  0.195372 0.195295 0.000870362 1
18  0.195328 0.195297 0.00082201 1
19  0.196804 0.195376 0.000782563 1
20  0.198223 0.195519 0.000756266 1
1  0.356174 0.356174 0 0
2  0.368225 0.362199 0.00426069 0
3  0.403354 0.375918 0.0115555 0
4  0.253671 0.345356 0.02785 0
5  0.330959 0.342476 0.0224284 0
6  0.360925 0.345551 0.0188999 0
7  0.34083 0.344877 0.0162119 0
8  0.389262 0.350425 0.015105 0
9  0.335763 0.348796 0.0135142 0
10  0.339429 0.347859 0.0121952 0
11  0.282933 0.341957 0.0124331 0
12  0.320824 0.340196 0.0115211 0
13  0.343253 0.340431 0.0106373 0
14  0.364563 0.342155 0.0100161 0
15  0.368348 0.343901 0.0094994 0
16  0.22656 0.336567 0.0113901 0
17  0.245679 0.331221 0.0119089 0
18  0.364381 0.333063 0.0113889 0
19  0.36227 0.3346 0.0108928 0
20  0.339935 0.334867 0.0103514 0
1  0.401484 0.401484 0 0
2  0.37575 0.388617 0.00909821 0
3  0.39231 0.389848 0.00614818 0
4  0.415254 0.396199 0.00717762 0
5  0.402171 0.397394 0.00584062 0
6  0.358257 0.390871 0.00769056 0
7  0.403676 0.3927 0.00680599 0
8  0.416455 0.39567 0.00657113 0
9  0.449421 0.401642 0.00811319 0
10  0.395804 0.401058 0.00732285 0
11  0.424397 0.40318 0.00695772 0
12  0.403422 0.4032 0.00637794 0
13  0.357757 0.399705 0.00677792 0
14  0.369463 0.397544 0.00662907 0
15  0.395207 0.397389 0.00618896 0
16  0.349829 0.394416 0.00647675 0
17  0.389533 0.394129 0.00610213 0
18  0.413094 0.395182 0.00585339 0
19  0.457679 0.398472 0.00640316 0
20  0.385896 0.397843 0.0061138 0
1  0.396449 0.396449 0 0
2  0.436323 0.416386 0.0140976 0
3  0.471835 0.434869 0.0177785 0
4  0.412383 0.429247 0.0141949 0
5  0.42896 0.42919 0.011356 0
6  0.469624 0.435929 0.0112872 0
7  0.449783 0.437908 0.00984672 0
8  0.426622 0.436497 0.00871636 0
9  0.504394 0.444042 0.0105176 0
10  0.416499 0.441287 0.00981983 0
11  0.402889 0.437797 0.00952738 0
12  0.433682 0.437454 0.0087396 0
13  0.47576 0.4404 0.00854965 0
14  0.434462 0.439976 0.00794948 0
15  0.397121 0.437119 0.00791629 0
16  0.416258 0.435815 0.00752812 0
17  0.445289 0.436373 0.00710589 0
18  0.390502 0.433824 0.00715349 0
19  0.432802 0.43377 0.00677719 0
20  0.423162 0.43324 0.00645905 0
1  0.440989 0.440989 0 0
2  0.428261 0.434625 0.00449987 0
3  0.479843 0.449698 0.012667 0
4  0.440382 0.447369 0.00971198 0
5  0.461779 0.450251 0.00818605 0
6  0.413417 0.444112 0.00882844 0
7  0.426336 0.441573 0.00792403 0
8  0.386738 0.434718 0.00944363 0
9  0.403298 0.431227 0.00901659 0
10  0.424356 0.43054 0.00814107 0
11  0.417665 0.429369 0.00748465 0
12  0.435186 0.429854 0.0068766 0
13  0.456346 0.431892 0.00664273 0
14  0.397221 0.429416 0.0066138 0
15  0.428064 0.429325 0.00617349 0
16  0.450528 0.430651 0.00592817 0
17  0.413019 0.429613 0.00566945 0
18  0.378942 0.426798 0.0060129 0
19  0.398744 0.425322 0.00587493 0
20  0.467763 0.427444 0.00595211 0
1  0.433107 0.433107 0 0
2  0.411677 0.422392 0.00757673 0
3  0.392772 0.412519 0.00951328 0
4  0.396726 0.40857 0.00791192 0
5  0.395877 0.406032 0.00672453 0
6  0.453753 0.413985 0.00917164 0
7  0.448633 0.418935 0.00909951 0
8  0.414164 0.418339 0.00798159 0
9  0.419721 0.418492 0.00709622 0
10  0.461962 0.422839 0.00760231 0
11  0.425808 0.423109 0.00691598 0
12  0.447964 0.42518 0.00664258 0
13  0.435489 0.425973 0.00617876 0
14  0.405466 0.424509 0.0059085 0
15  0.439687 0.42552 0.00560058 0
16  0.41952 0.425145 0.00526308 0
17  0.474831 0.428068 0.00570758 0
18  0.402063 0.426623 0.00557035 0
19  0.40772 0.425628 0.00536529 0
20  0.460105 0.427352 0.00536681 0
1  0.478969 0.478969 0 0
2  0.426016 0.452493 0.0187216 0
3  0.432102 0.445696 0.0136593 0
4  0.460902 0.449497 0.0107605 0
5  0.437754 0.447149 0.008861 0
6  0.448168 0.447319 0.0073858 0
7  0.392554 0.439495 0.00961984 0
8  0.443834 0.440037 0.00843264 0
9  0.447671 0.440885 0.00753821 0
10  0.432836 0.44008 0.00682724 0
11  0.430636 0.439222 0.00626034 0
12  0.396929 0.435697 0.00665721 0
13  0.429284 0.435204 0.00616337 0
14  0.456498 0.436725 0.00590782 0
15  0.438599 0.43685 0.00551529 0
16  0.426684 0.436215 0.00520705 0
17  0.438937 0.436375 0.00490322 0
18  0.48038 0.43882 0.00520471 0
19  0.449599 0.439387 0.00496161 0
20  0.451182 0.439977 0.00474845 0
1  0.421124 0.421124 0 0
2  0.454699 0.437911 0.0118706 0
3  0.41882 0.431548 0.00946703 0
4  0.452503 0.436787 0.00842605 0
5  0.405746 0.430578 0.00873339 0
6  0.43845 0.43189 0.0073757 0
7  0.423539 0.430697 0.00641779 0
8  0.423796 0.429835 0.00567324 0
9  0.421625 0.428922 0.0051157 0
10  0.439271 0.429957 0.00470763 0
11  0.439105 0.430789 0.0043525 0
12  0.411107 0.429149 0.0042877 0
13  0.392276 0.426312 0.00480532 0
14  0.408033 0.425007 0.00463608 0
15  0.422519 0.424841 0.00432997 0
16  0.454977 0.426724 0.00445018 0
17  0.452376 0.428233 0.00443686 0
18  0.445386 0.429186 0.00429148 0
19  0.489476 0.432359 0.0051057 0
20  0.438308 0.432657 0.00485908 0
1  0.438899 0.438899 0 0
2  0.418493 0.428696 0.00721457 0
3  0.461115 0.439502 0.0100492 0
4  0.436046 0.438638 0.00757398 0
5  0.438493 0.438609 0.00605924 0
6  0.443551 0.439433 0.00510504 0
7  0.408924 0.435075 0.00595222 0
8  0.422845 0.433546 0.00540095 0
9  0.456156 0.436058 0.00535335 0
10  0.44139 0.436591 0.00484449 0
11  0.408897 0.434074 0.00501581 0
12  0.464522 0.436611 0.00520015 0
13  0.467585 0.438994 0.00531803 0
14  0.440454 0.439098 0.00493919 0
15  0.430073 0.438496 0.00464642 0
16  0.441777 0.438701 0.00436054 0
17  0.435013 0.438484 0.00410943 0
18  0.418004 0.437347 0.00403557 0
19  0.451551 0.438094 0.0038918 0
20  0.461799 0.439279 0.00387349 0
1  0.413067 0.413067 0 0
2  0.423238 0.418152 0.00359591 0
3  0.460194 0.432166 0.0116907 0
4  0.451449 0.436987 0.00971125 0
5  0.433316 0.436253 0.00779671 0
6  0.449727 0.438499 0.00681301 0
7  0.422162 0.436165 0.00622662 0
8  0.437546 0.436338 0.00545069 0
9  0.426387 0.435232 0.00495593 0
10  0.430369 0.434746 0.00448413 0
11  0.446657 0.435828 0.00420519 0
12  0.430617 0.435394 0.00387712 0
13  0.423145 0.434452 0.00369159 0
14  0.419312 0.433371 0.0035828 0
15  0.416694 0.432259 0.00351221 0
16  0.409846 0.430858 0.0035611 0
17  0.452228 0.432115 0.00356659 0
18  0.434917 0.432271 0.00337184 0
19  0.432066 0.43226 0.00319439 0
20  0.442305 0.432762 0.0030739 0
1  0.450681 0.450681 0 0
2  0.442571 0.446626 0.0028674 0
3  0.421866 0.438373 0.00700456 0
4  0.433553 0.437168 0.00535606 0
5  0.450197 0.439774 0.00487773 0
6  0.428217 0.437847 0.00442876 0
7  0.428838 0.43656 0.00397872 0
8  0.429491 0.435677 0.00357817 0
9  0.405132 0.432283 0.0045116 0
10  0.401901 0.429245 0.00497941 0
11  0.435897 0.429849 0.00456332 0
12  0.411688 0.428336 0.00442691 0
13  0.431642 0.42859 0.00409368 0
14  0.421074 0.428053 0.00383632 0
15  0.427189 0.427996 0.003581 0
16  0.423639 0.427723 0.00336752 0
17  0.436602 0.428246 0.00320967 0
18  0.417334 0.42764 0.00308807 0
19  0.445604 0.428585 0.00306687 0
20  0.466755 0.430493 0.00345672 0
1  0.414187 0.414187 0 0
2  0.411809 0.412998 0.000840762 0
3  0.43225 0.419415 0.0052695 0
4  0.407279 0.416381 0.00474592 0
5  0.446225 0.42235 0.00655106 0
6  0.433257 0.424168 0.00570585 0
7  0.432898 0.425415 0.00502519 0
8  0.403731 0.422705 0.00507568 0
9  0.398222 0.419984 0.00518973 0
10  0.431683 0.421154 0.00480081 0
11  0.424148 0.421426 0.00437208 0
12  0.417379 0.421089 0.00402073 0
13  0.413059 0.420471 0.00375859 0
14  0.416549 0.420191 0.00350055 0
15  0.396328 0.4186 0.00361064 0
16  0.419266 0.418642 0.00338521 0
17  0.434722 0.419588 0.0033156 0
18  0.41441 0.4193 0.00314386 0
19  0.407188 0.418663 0.00304233 0
20  0.409436 0.418201 0.00292498 0
1  0.405954 0.405954 0 0
2  0.394676 0.400315 0.00398729 0
3  0.388377 0.396336 0.00419807 0
4  0.407255 0.399065 0.00393726 0
5  0.38799 0.39685 0.00372114 0
6  0.435445 0.403283 0.00664046 0
7  0.403574 0.403324 0.00569195 0
8  0.414156 0.404678 0.00513895 0
9  0.41004 0.405274 0.00460236 0
10  0.395101 0.404257 0.00425307 0
11  0.402415 0.404089 0.00386972 0
12  0.404834 0.404151 0.00354774 0
13  0.408365 0.404476 0.00328961 0
14  0.410921 0.404936 0.00308669 0
15  0.410185 0.405286 0.00290068 0
16  0.420587 0.406242 0.00287271 0
17  0.391721 0.405388 0.00282788 0
18  0.419937 0.406196 0.0027839 0
19  0.403586 0.406059 0.00264076 0
20  0.423909 0.406951 0.00265527 0
1  0.388893 0.388893 0 0
2  0.402228 0.39556 0.00471487 0
3  0.417623 0.402915 0.00677767 0
4  0.396895 0.40141 0.00524768 0
5  0.387107 0.398549 0.00491632 0
6  0.404901 0.399608 0.00420936 0
7  0.410827 0.401211 0.00390123 0
8  0.381795 0.398784 0.00409957 0
9  0.405573 0.399538 0.00371282 0
10  0.411028 0.400687 0.00351483 0
11  0.397266 0.400376 0.00320903 0
12  0.389254 0.399449 0.00307255 0
13  0.397236 0.399279 0.00284091 0
14  0.400069 0.399335 0.00263855 0
15  0.388958 0.398643 0.00255173 0
16  0.385163 0.397801 0.00252751 0
17  0.396265 0.397711 0.00238045 0
18  0.412897 0.398554 0.00239304 0
19  0.385055 0.397844 0.00237022 0
20  0.385182 0.397211 0.00233473 0
1  0.38641 0.38641 0 0
2  0.387626 0.387018 0.00042969 0
3  0.374716 0.382917 0.00336042 0
4  0.386528 0.38382 0.00263877 0
5  0.379268 0.38291 0.00226262 0
6  0.373269 0.381303 0.00238886 0
7  0.380774 0.381227 0.00204878 0
8  0.388362 0.382119 0.00197728 0
9  0.399193 0.384016 0.00250762 0
10  0.400332 0.385648 0.00273664 0
11  0.392682 0.386287 0.00256149 0
12  0.382099 0.385938 0.00237169 0
13  0.385634 0.385915 0.00218937 0
14  0.385311 0.385872 0.00203341 0
15  0.388332 0.386036 0.00190445 0
16  0.391102 0.386352 0.00181155 0
17  0.368965 0.38533 0.00197269 0
18  0.384408 0.385278 0.00186376 0
19  0.377041 0.384845 0.0018154 0
20  0.390699 0.385138 0.00174807 0
1  0.380579 0.380579 0 0
2  0.373358 0.376968 0.00255296 0
3  0.357461 0.370466 0.00557545 0
4  0.369157 0.370139 0.00419118 0
5  0.366775 0.369466 0.00340651 0
6  0.361153 0.36808 0.00310776 0
7  0.371691 0.368596 0.00270626 0
8  0.362614 0.367848 0.00246911 0
9  0.369952 0.368082 0.0022058 0
10  0.365274 0.367801 0.00200301 0
11  0.36564 0.367605 0.00183053 0
12  0.373937 0.368133 0.00175239 0
13  0.387785 0.369644 0.00217396 0
14  0.363158 0.369181 0.00206745 0
15  0.376816 0.36969 0.00199129 0
16  0.374508 0.369991 0.00188947 0
17  0.360376 0.369425 0.00186105 0
18  0.368485 0.369373 0.00175839 0
19  0.370086 0.369411 0.00166625 0
20  0.370441 0.369462 0.00158373 0
1  0.362672 0.362672 0 0
2  0.343844 0.353258 0.00665659 0
3  0.37527 0.360595 0.00745552 0
4  0.34807 0.357464 0.00621449 0
5  0.35233 0.356437 0.00505572 0
6  0.347321 0.354918 0.00443553 0
7  0.36207 0.355939 0.00391781 0
8  0.360127 0.356463 0.00346287 0
9  0.360889 0.356955 0.00311284 0
10  0.358917 0.357151 0.00280773 0
11  0.348129 0.356331 0.00266959 0
12  0.358285 0.356494 0.00245209 0
13  0.371994 0.357686 0.00253683 0
14  0.356984 0.357636 0.00235612 0
15  0.348284 0.357012 0.00228003 0
16  0.35417 0.356835 0.00214444 0
17  0.356524 0.356817 0.00201838 0
18  0.362583 0.357137 0.0019315 0
19  0.363024 0.357447 0.00185453 0
20  0.351751 0.357162 0.00178353 0
1  0.340259 0.340259 0 0
2  0.346051 0.343155 0.00204786 0
3  0.345497 0.343936 0.00150668 0
4  0.359782 0.347897 0.0036121 0
5  0.338509 0.34602 0.00334227 0
6  0.352305 0.347067 0.00294479 0
7  0.348879 0.347326 0.00253546 0
8  0.352644 0.347991 0.00230401 0
9  0.352735 0.348518 0.00210745 0
10  0.356752 0.349341 0.00205127 0
11  0.347072 0.349135 0.00187514 0
12  0.354504 0.349582 0.00177146 0
13  0.344727 0.349209 0.0016741 0
14  0.337751 0.348391 0.00174313 0
15  0.337319 0.347652 0.00177633 0
16  0.347499 0.347643 0.00166533 0
17  0.343705 0.347411 0.0015834 0
18  0.338402 0.346911 0.00157254 0
19  0.360848 0.347644 0.00165204 0
20  0.340783 0.347301 0.00160466 0
1  0.340882 0.340882 0 0
2  0.325229 0.333055 0.00553423 0
3  0.327602 0.331238 0.00397682 0
4  0.335683 0.332349 0.00313403 0
5  0.332323 0.332344 0.00250723 0
6  0.333622 0.332557 0.00209839 0
7  0.331788 0.332447 0.00180149 0
8  0.32545 0.331572 0.00177596 0
9  0.332656 0.331693 0.00158271 0
10  0.330416 0.331565 0.00142958 0
11  0.334474 0.33183 0.00132385 0
12  0.341949 0.332673 0.00145755 0
13  0.319998 0.331698 0.00163939 0
14  0.326469 0.331324 0.00156426 0
15  0.322374 0.330728 0.00156965 0
16  0.337263 0.331136 0.00152377 0
17  0.332766 0.331232 0.00143715 0
18  0.333573 0.331362 0.00136318 0
19  0.326052 0.331083 0.00131977 0
20  0.329848 0.331021 0.00125522 0
1  0.314756 0.314756 0 0
2  0.318682 0.316719 0.00138823 0
3  0.322924 0.318787 0.00192582 0
4  0.328766 0.321282 0.00259877 0
5  0.311385 0.319302 0.00273071 0
6  0.315216 0.318621 0.00235899 0
7  0.328137 0.319981 0.00238164 0
8  0.312611 0.31906 0.00225508 0
9  0.319242 0.31908 0.0020046 0
10  0.314888 0.318661 0.00184746 0
11  0.318418 0.318639 0.00167964 0
12  0.318196 0.318602 0.00154007 0
13  0.319553 0.318675 0.00142334 0
14  0.308592 0.317955 0.00149282 0
15  0.319827 0.318079 0.00139851 0
16  0.307314 0.317407 0.00146404 0
17  0.312494 0.317118 0.00140614 0
18  0.312102 0.316839 0.00135535 0
19  0.319246 0.316966 0.00128992 0
20  0.304162 0.316326 0.00137515 0
1  0.296302 0.296302 0 0
2  0.293521 0.294912 0.000983238 0
3  0.306019 0.298614 0.00309327 0
4  0.306212 0.300514 0.00284402 0
5  0.308993 0.302209 0.00273448 0
6  0.294773 0.30097 0.00254419 0
7  0.296131 0.300279 0.0022727 0
8  0.30524 0.300899 0.0020715 0
9  0.293613 0.300089 0.00199325 0
10  0.315385 0.301619 0.00230733 0
11  0.307699 0.302172 0.00216276 0
12  0.305433 0.302443 0.00199953 0
13  0.304296 0.302586 0.00185079 0
14  0.30053 0.302439 0.0017244 0
15  0.301232 0.302359 0.00161132 0
16  0.303871 0.302453 0.00151338 0
17  0.308052 0.302782 0.00145976 0
18  0.31174 0.30328 0.00146103 0
19  0.307218 0.303487 0.00139875 0
20  0.307398 0.303683 0.00134241 0
1  0.285757 0.285757 0 0
2  0.298774 0.292266 0.00460232 0
3  0.288116 0.290883 0.00326948 0
4  0.292599 0.291312 0.00248012 0
5  0.296174 0.292284 0.00216636 0
6  0.297748 0.293195 0.0019875 0
7  0.306111 0.29504 0.00241257 0
8  0.294443 0.294965 0.00211215 0
9  0.291918 0.294627 0.00190442 0
10  0.291597 0.294324 0.00173791 0
11  0.298689 0.294721 0.00162458 0
12  0.290157 0.29434 0.00153306 0
13  0.288874 0.29392 0.00147168 0
14  0.296327 0.294092 0.00137656 0
15  0.298405 0.294379 0.00131448 0
16  0.287477 0.293948 0.00130119 0
17  0.289455 0.293684 0.0012512 0
18  0.292377 0.293611 0.0011838 0
19  0.29733 0.293807 0.00113756 0
20  0.289256 0.293579 0.00110321 0
1  0.284328 0.284328 0 0
2  0.286616 0.285472 0.000809026 0
3  0.274292 0.281745 0.00309016 0
4  0.286494 0.282933 0.00253543 0
5  0.271536 0.280653 0.00287583 0
6  0.275172 0.27974 0.00253748 0
7  0.285289 0.280533 0.00229549 0
8  0.282155 0.280735 0.0020175 0
9  0.275847 0.280192 0.00186501 0
10  0.279515 0.280125 0.00167974 0
11  0.277347 0.279872 0.0015459 0
12  0.28793 0.280544 0.0015561 0
13  0.276218 0.280211 0.00147155 0
14  0.278777 0.280108 0.00137 0
15  0.29119 0.280847 0.00146438 0
16  0.275196 0.280494 0.00141481 0
17  0.285068 0.280763 0.00135693 0
18  0.283901 0.280937 0.0012927 0
19  0.282538 0.281022 0.0012274 0
20  0.279515 0.280946 0.00116834 0
1  0.267859 0.267859 0 0
2  0.262534 0.265197 0.00188259 0
3  0.271444 0.267279 0.00211335 0
4  0.275587 0.269356 0.00239738 0
5  0.275618 0.270609 0.00222106 0
6  0.267293 0.270056 0.0019184 0
7  0.268662 0.269857 0.00165464 0
8  0.273817 0.270352 0.00152005 0
9  0.271251 0.270452 0.00135444 0
10  0.262 0.269607 0.00145907 0
11  0.27274 0.269892 0.00135395 0
12  0.270514 0.269943 0.00124211 0
13  0.259051 0.269106 0.00140095 0
14  0.284961 0.270238 0.00169803 0
15  0.274967 0.270553 0.00161383 0
16  0.266184 0.27028 0.0015359 0
17  0.279531 0.270824 0.00153894 0
18  0.275828 0.271102 0.00147834 0
19  0.262564 0.270653 0.00146725 0
20  0.27419 0.27083 0.00140451 0
1  0.253464 0.253464 0 0
2  0.265167 0.259315 0.0041377 0
3  0.258774 0.259135 0.00276239 0
4  0.261133 0.259635 0.00211649 0
5  0.259885 0.259685 0.00169378 0
6  0.263328 0.260292 0.00151642 0
7  0.263632 0.260769 0.00137281 0
8  0.260839 0.260778 0.00120123 0
9  0.260896 0.260791 0.00106784 0
10  0.263534 0.261065 0.000995652 0
11  0.254505 0.260469 0.00106894 0
12  0.263053 0.260684 0.00100132 0
13  0.255548 0.260289 0.000999214 0
14  0.262098 0.260418 0.000936157 0
15  0.259758 0.260374 0.00087478 0
16  0.262885 0.260531 0.000834061 0
17  0.263318 0.260695 0.000800952 0
18  0.261172 0.260722 0.000756893 0
19  0.261816 0.260779 0.000719243 0
20  0.259663 0.260723 0.000685441 0
1  0.252093 0.252093 0 0
2  0.253421 0.252757 0.000469419 0
3  0.239464 0.248326 0.00363159 0
4  0.248769 0.248437 0.00272538 0
5  0.24267 0.247283 0.00241202 0
6  0.252447 0.248144 0.00215809 0
7  0.239652 0.246931 0.00216406 0
8  0.247551 0.247008 0.00189494 0
9  0.255529 0.247955 0.00190626 0
10  0.249814 0.248141 0.00172468 0
11  0.25434 0.248704 0.00165739 0
12  0.247687 0.24862 0.00152144 0
13  0.250617 0.248773 0.00141215 0
14  0.251707 0.248983 0.00132673 0
15  0.242725 0.248566 0.00130223 0
16  0.2528 0.24883 0.00124744 0
17  0.244699 0.248587 0.0011975 0
18  0.247108 0.248505 0.00113379 0
19  0.246208 0.248384 0.00108054 0
20  0.248366 0.248383 0.00102652 0
1  0.238191 0.238191 0 0
2  0.244422 0.241307 0.00220295 0
3  0.236628 0.239747 0.00194377 0
4  0.240681 0.239981 0.00147179 0
5  0.245923 0.241169 0.00158623 0
6  0.237187 0.240505 0.00145411 0
7  0.239853 0.240412 0.00124936 0
8  0.236918 0.239975 0.00116706 0
9  0.24714 0.240771 0.00128041 0
10  0.242753 0.24097 0.0011676 0
11  0.241202 0.240991 0.00106165 0
12  0.236929 0.240652 0.00102571 0
13  0.240111 0.240611 0.000947655 0
14  0.239933 0.240562 0.0008812 0
15  0.23522 0.240206 0.000891529 0
16  0.239712 0.240175 0.000836344 0
17  0.240946 0.240221 0.000788375 0
18  0.23917 0.240162 0.000746735 0
19  0.230547 0.239656 0.000862007 0
20  0.240791 0.239713 0.000820771 0
1  0.231647 0.231647 0 0
2  0.227975 0.229811 0.00129828 0
3  0.229316 0.229646 0.000875935 0
4  0.237991 0.231732 0.00192236 0
5  0.231338 0.231653 0.0015395 0
6  0.229511 0.231296 0.00132369 0
7  0.236597 0.232054 0.00133374 0
8  0.230263 0.23183 0.00118566 0
9  0.227172 0.231312 0.00116139 0
10  0.22878 0.231059 0.0010725 0
11  0.231073 0.23106 0.000975001 0
12  0.228284 0.230829 0.000920788 0
13  0.231979 0.230917 0.0008542 0
14  0.226443 0.230598 0.000850868 0
15  0.2286 0.230465 0.000804498 0
16  0.229385 0.230397 0.000757041 0
17  0.222172 0.229913 0.000853219 0
18  0.232533 0.230059 0.000818139 0
19  0.232814 0.230204 0.000787821 0
20  0.23072 0.23023 0.000748853 0
1  0.219025 0.219025 0 0
2  0.223324 0.221174 0.00151986 0
3  0.217896 0.220082 0.00135003 0
4  0.220758 0.220251 0.00102304 0
5  0.221665 0.220534 0.000856634 0
6  0.216551 0.21987 0.000936354 0
7  0.21869 0.219701 0.000817612 0
8  0.21614 0.219256 0.000827746 0
9  0.222666 0.219635 0.000817904 0
10  0.214329 0.219104 0.000891758 0
11  0.224088 0.219558 0.000918585 0
12  0.21506 0.219183 0.000915297 0
13  0.223656 0.219527 0.000907257 0
14  0.223217 0.21979 0.000879908 0
15  0.220325 0.219826 0.000821969 0
16  0.226056 0.220215 0.000857868 0
17  0.222859 0.220371 0.000821378 0
18  0.223152 0.220525 0.000790143 0
19  0.217257 0.220353 0.000767053 0
20  0.214829 0.220077 0.00077684 0
1  0.215071 0.215071 0 0
2  0.209275 0.212173 0.00204904 0
3  0.216901 0.213749 0.00187674 0
4  0.211913 0.21329 0.00146258 0
5  0.217984 0.214229 0.00144019 0
6  0.21684 0.214664 0.00126419 0
7  0.20624 0.213461 0.00155423 0
8  0.211295 0.21319 0.00138332 0
9  0.20924 0.212751 0.00129737 0
10  0.213962 0.212872 0.00117328 0
11  0.216945 0.213242 0.00112353 0
12  0.213499 0.213264 0.00103011 0
13  0.209801 0.212997 0.000984701 0
14  0.216612 0.213256 0.000947612 0
15  0.209318 0.212993 0.000920082 0
16  0.214617 0.213095 0.000868156 0
17  0.213161 0.213099 0.000817097 0
18  0.214432 0.213173 0.000775055 0
19  0.214685 0.213252 0.000738339 0
20  0.205886 0.212884 0.00078796 0
1  0.205086 0.205086 0 0
2  0.208397 0.206741 0.00117067 0
3  0.202665 0.205382 0.00135644 0
4  0.205383 0.205382 0.00101733 0
5  0.204009 0.205108 0.000850115 0
6  0.200752 0.204382 0.000970098 0
7  0.203603 0.204271 0.000837871 0
8  0.205219 0.204389 0.000741474 0
9  0.206112 0.204581 0.000683366 0
10  0.197539 0.203876 0.000908037 0
11  0.203434 0.203836 0.000826379 0
12  0.204787 0.203915 0.000761305 0
13  0.203731 0.203901 0.000702876 0
14  0.204308 0.20393 0.00065327 0
15  0.205337 0.204024 0.000616416 0
16  0.198453 0.203676 0.000669044 0
17  0.205902 0.203807 0.000642378 0
18  0.198729 0.203525 0.000665747 0
19  0.206762 0.203695 0.00065215 0
20  0.201229 0.203572 0.000631095 0
1  0.197291 0.197291 0 0
2  0.192706 0.194999 0.00162108 0
3  0.197432 0.19581 0.00126742 0
4  0.195702 0.195783 0.000950851 0
5  0.190598 0.194746 0.00119957 0
6  0.196097 0.194971 0.00102056 0
7  0.196092 0.195131 0.000887235 0
8  0.194361 0.195035 0.000781535 0
9  0.18984 0.194458 0.00088249 0
10  0.196894 0.194701 0.000827185 0
11  0.193283 0.194572 0.000761972 0
12  0.194014 0.194526 0.000699894 0
13  0.191447 0.194289 0.000684948 0
14  0.19802 0.194556 0.000685898 0
15  0.19314 0.194461 0.000646633 0
16  0.195468 0.194524 0.000609271 0
17  0.198469 0.194756 0.000616038 0
18  0.194505 0.194742 0.000581972 0
19  0.200135 0.195026 0.000616684 0
20  0.198801 0.195215 0.000614059 0
