1  74.011 74.011 0 1
2  83.2109 78.6109 3.25267 1
3  85.6352 80.9524 2.89085 1
4  84.4714 81.8321 2.29811 1
5  67.0046 78.8666 3.22729 1
6  85.203 79.9227 2.85698 1
7  81.7349 80.1816 2.46054 1
8  68.2673 78.6923 2.56437 1
9  64.9587 77.1663 2.69549 1
10  90.4664 78.4963 2.73445 1
11  73.4738 78.0397 2.5237 1
12  84.1989 78.553 2.365 1
13  64.8827 77.5014 2.40553 1
14  78.6975 77.5869 2.23522 1
15  75.8859 77.4735 2.08908 1
16  77.1741 77.4548 1.9586 1
17  85.5989 77.9338 1.90107 1
18  68.7814 77.4254 1.86222 1
19  71.2478 77.1002 1.79236 1
20  83.5268 77.4216 1.73131 1
1  62.927 62.927 0 1
2  62.1196 62.5233 0.285471 1
3  52.2351 59.0939 2.80656 1
4  53.0337 57.5789 2.48037 1
5  55.9016 57.2434 2.00685 1
6  56.6187 57.1393 1.67507 1
7  57.6844 57.2172 1.43759 1
8  63.8705 58.0488 1.47902 1
9  56.4727 57.8737 1.32501 1
10  62.5208 58.3384 1.27139 1
11  64.674 58.9144 1.27964 1
12  65.4752 59.4611 1.2845 1
13  61.8114 59.6419 1.19835 1
14  61.2398 59.756 1.11817 1
15  59.6868 59.7514 1.04364 1
16  57.4268 59.6061 0.988471 1
17  61.5955 59.7232 0.937227 1
18  64.957 60.0139 0.92917 1
19  65.606 60.3082 0.925708 1
20  63.3225 60.459 0.891606 1
1  42.0207 42.0207 0 1
2  34.9198 38.4702 2.51055 1
3  40.6313 39.1906 1.77404 1
4  40.0477 39.4049 1.34341 1
5  42.2082 39.9655 1.18596 1
6  42.8914 40.4532 1.08393 1
7  45.0402 41.1085 1.10962 1
8  42.5637 41.2904 0.985713 1
9  44.9161 41.6932 0.954971 1
10  43.4739 41.8713 0.875917 1
11  49.5837 42.5724 1.0397 1
12  42.3734 42.5558 0.953188 1
13  42.629 42.5615 0.879883 1
14  42.7108 42.5721 0.817099 1
15  34.7752 42.0523 0.913113 1
16  43.5876 42.1483 0.86107 1
17  50.2827 42.6268 0.933952 1
18  44.4888 42.7302 0.887776 1
19  39.6346 42.5673 0.855871 1
20  36.2156 42.2497 0.870007 1
1  33.0949 33.0949 0 1
2  36.6275 34.8612 1.24895 1
3  29.3781 33.0335 1.70888 1
4  31.8915 32.748 1.30529 1
5  30.5134 32.3011 1.11813 1
6  35.0007 32.751 1.01828 1
7  27.63 32.0194 1.10478 1
8  34.8608 32.3746 1.02218 1
9  31.6899 32.2985 0.91143 1
10  37.6713 32.8358 0.965749 1
11  40.935 33.5721 1.12412 1
12  26.1408 32.9528 1.18884 1
13  32.126 32.8892 1.0991 1
14  30.6387 32.7285 1.03228 1
15  30.7872 32.599 0.971537 1
16  35.1934 32.7612 0.924248 1
17  30.1534 32.6078 0.882518 1
18  31.9594 32.5718 0.834225 1
19  25.2215 32.1849 0.875434 1
20  31.914 32.1714 0.831767 1
1  28.6371 28.6371 0 1
2  28.0557 28.3464 0.205566 1
3  23.7331 26.8086 1.26303 1
4  21.0035 25.3573 1.57385 1
5  23.9635 25.0786 1.28353 1
6  26.1279 25.2535 1.08146 1
7  21.9123 24.7762 1.02691 1
8  23.9937 24.6784 0.903187 1
9  20.0167 24.1604 0.939688 1
10  26.184 24.3628 0.867234 1
11  20.8197 24.0407 0.846096 1
12  26.3809 24.2357 0.797747 1
13  23.191 24.1553 0.740418 1
14  21.9512 23.9979 0.704071 1
15  22.6234 23.9063 0.663069 1
16  26.1172 24.0444 0.635863 1
17  23.0375 23.9852 0.601212 1
18  25.265 24.0563 0.572 1
19  19.7416 23.8292 0.58524 1
20  31.796 24.2275 0.678123 1
1  17.4041 17.4041 0 1
2  18.6372 18.0207 0.435993 1
3  21.3559 19.1324 0.953127 1
4  20.3358 19.4332 0.760846 1
5  18.2912 19.2048 0.642046 1
6  17.3494 18.8956 0.604944 1
7  20.3797 19.1076 0.554435 1
8  18.6497 19.0504 0.488076 1
9  19.9582 19.1512 0.444147 1
10  21.9005 19.4262 0.477295 1
11  23.2438 19.7732 0.545687 1
12  17.4167 19.5768 0.534382 1
13  23.3276 19.8654 0.56583 1
14  20.8606 19.9365 0.52986 1
15  18.0027 19.8075 0.509978 1
16  18.3503 19.7165 0.48617 1
17  16.7238 19.5404 0.488404 1
18  20.9484 19.6186 0.467492 1
19  17.4369 19.5038 0.456772 1
20  18.3477 19.446 0.437576 1
1  13.247 13.247 0 1
2  17.2356 15.2413 1.41015 1
3  17.1557 15.8794 1.07483 1
4  19.4429 16.7703 1.11583 1
5  13.6178 16.1398 1.05587 1
6  17.5655 16.3774 0.906237 1
7  14.7721 16.1481 0.805269 1
8  14.9798 16.002 0.717728 1
9  16.9057 16.1025 0.644966 1
10  16.1548 16.1077 0.580491 1
11  17.7164 16.2539 0.54583 1
12  14.2326 16.0855 0.525694 1
13  15.4353 16.0355 0.487629 1
14  15.6752 16.0097 0.453477 1
15  15.3831 15.968 0.425165 1
16  13.2708 15.7994 0.430716 1
17  17.3422 15.8901 0.41483 1
18  16.9344 15.9482 0.39582 1
19  12.5556 15.7696 0.413302 1
20  16.897 15.826 0.396463 1
1  13.0464 13.0464 0 1
2  13.06 13.0532 0.00483827 1
3  12.4639 12.8568 0.160406 1
4  11.6661 12.5591 0.284489 1
5  11.5324 12.3537 0.292458 1
6  12.6027 12.3952 0.246641 1
7  14.1298 12.643 0.311962 1
8  11.5144 12.5019 0.303195 1
9  11.3062 12.3691 0.297193 1
10  13.1633 12.4485 0.277882 1
11  12.4593 12.4495 0.252622 1
12  12.0667 12.4176 0.233575 1
13  12.057 12.3899 0.217249 1
14  13.0458 12.4367 0.206721 1
15  12.2513 12.4243 0.193309 1
16  12.6671 12.4395 0.181821 1
17  12.5733 12.4474 0.171296 1
18  11.6852 12.405 0.166931 1
19  13.081 12.4406 0.161893 1
20  12.241 12.4306 0.154105 1
1  10.4432 10.4432 0 1
2  9.72613 10.0847 0.253534 1
3  9.92433 10.0312 0.174566 1
4  8.84245 9.73404 0.288764 1
5  12.293 10.2458 0.512747 1
6  9.50443 10.1223 0.441927 1
7  10.0833 10.1167 0.37883 1
8  12.5408 10.4197 0.436137 1
9  10.5134 10.4301 0.387802 1
10  10.0469 10.3918 0.35091 1
11  8.15339 10.1883 0.373378 1
12  11.3281 10.2833 0.354138 1
13  11.6438 10.3879 0.342012 1
14  10.6092 10.4037 0.317948 1
15  10.0348 10.3791 0.297701 1
16  10.6398 10.3954 0.27954 1
17  10.8038 10.4195 0.264127 1
18  9.90958 10.3911 0.250967 1
19  10.1536 10.3786 0.23807 1
20  9.09761 10.3146 0.234624 1
1  7.98832 7.98832 0 1
2  8.24994 8.11913 0.0924955 1
3  8.04819 8.09548 0.0646159 1
4  8.64912 8.23389 0.129292 1
5  8.97684 8.38248 0.16841 1
6  8.17223 8.34744 0.143941 1
7  8.8386 8.4176 0.139435 1
8  8.1406 8.38298 0.126232 1
9  8.43161 8.38838 0.112322 1
10  8.48418 8.39796 0.101497 1
11  8.25587 8.38504 0.0930884 1
12  8.62637 8.40516 0.0874763 1
13  8.96207 8.44799 0.0906322 1
14  8.48072 8.45033 0.0841886 1
15  8.3078 8.44083 0.0791105 1
16  8.84292 8.46596 0.0780557 1
17  9.10051 8.50329 0.0819043 1
18  8.24709 8.48905 0.078581 1
19  8.99431 8.51565 0.0788163 1
20  8.22303 8.50102 0.0762214 1
1  8.0578 8.0578 0 1
2  7.4025 7.73015 0.231685 1
3  7.06537 7.50855 0.237892 1
4  6.58454 7.27755 0.268058 1
5  7.31382 7.28481 0.214544 1
6  7.11791 7.25699 0.180581 1
7  7.73059 7.32465 0.166978 1
8  7.51141 7.34799 0.147729 1
9  7.57774 7.37352 0.133502 1
10  7.1285 7.34902 0.122379 1
11  7.4828 7.36118 0.111857 1
12  7.59355 7.38054 0.104198 1
13  6.13425 7.28468 0.133173 1
14  7.37418 7.29107 0.123814 1
15  6.77138 7.25642 0.120309 1
16  7.08067 7.24544 0.11329 1
17  6.87789 7.22382 0.10867 1
18  7.45452 7.23664 0.103385 1
19  7.49359 7.25016 0.0988247 1
20  7.82964 7.27913 0.0980389 1
1  6.20668 6.20668 0 1
2  6.1606 6.18364 0.0162917 1
3  6.56201 6.30977 0.10355 1
4  5.94478 6.21852 0.110797 1
5  5.79948 6.13471 0.116084 1
6  6.41131 6.18081 0.105494 1
7  6.41251 6.21391 0.0954754 1
8  6.29749 6.22436 0.0841106 1
9  6.10823 6.21145 0.0757482 1
10  6.44802 6.23511 0.0717725 1
11  6.10527 6.22331 0.0662112 1
12  6.55854 6.25124 0.0663259 1
13  6.41842 6.2641 0.0624581 1
14  5.95243 6.24184 0.0618372 1
15  6.75882 6.27631 0.0666306 1
16  6.25616 6.27505 0.0624781 1
17  6.50273 6.28844 0.0602213 1
18  6.891 6.32192 0.0655225 1
19  6.17502 6.31419 0.0625284 1
20  6.70888 6.33392 0.0624386 1
1  5.37797 5.37797 0 1
2  5.54769 5.46283 0.0600064 1
3  5.39242 5.43936 0.0443574 1
4  5.51135 5.45736 0.0367375 1
5  5.81191 5.52827 0.069902 1
6  5.66296 5.55072 0.0617512 1
7  5.48478 5.5413 0.0536433 1
8  6.02169 5.60135 0.073201 1
9  6.10082 5.65684 0.0834956 1
10  5.39824 5.63098 0.0790494 1
11  6.74333 5.73211 0.120252 1
12  5.15716 5.68419 0.119395 1
13  5.17035 5.64467 0.11657 1
14  5.67161 5.64659 0.108259 1
15  5.87055 5.66152 0.102066 1
16  5.60919 5.65825 0.0957394 1
17  5.41222 5.64378 0.091195 1
18  5.29873 5.62461 0.0881203 1
19  5.85088 5.63652 0.0842832 1
20  5.69067 5.63923 0.0801126 1
1  4.81472 4.81472 0 1
2  4.59354 4.70413 0.0781974 1
3  5.59192 5.00006 0.247186 1
4  5.39862 5.0997 0.204488 1
5  5.03242 5.08625 0.164033 1
6  4.82069 5.04199 0.14254 1
7  4.77585 5.00397 0.127147 1
8  4.87999 4.98847 0.112194 1
9  4.96508 4.98587 0.0997578 1
10  4.96458 4.98374 0.0898048 1
11  4.64956 4.95336 0.0866271 1
12  5.65416 5.01176 0.0971186 1
13  4.9432 5.00649 0.089791 1
14  4.81937 4.99312 0.0843663 1
15  5.29526 5.01326 0.0811108 1
16  5.25591 5.02843 0.0774461 1
17  4.95249 5.02396 0.0730192 1
18  4.8205 5.01266 0.069832 1
19  5.07391 5.01588 0.066231 1
20  5.1762 5.0239 0.0634027 1
1  4.36878 4.36878 0 1
2  4.68804 4.52841 0.112875 1
3  4.61415 4.55699 0.0787858 1
4  4.58102 4.563 0.0593179 1
5  4.56201 4.5628 0.0474546 1
6  4.09309 4.48451 0.0816764 1
7  4.71699 4.51773 0.076463 1
8  3.90472 4.4411 0.0980503 1
9  4.44421 4.44145 0.0871564 1
10  4.33184 4.43048 0.079127 1
11  4.6539 4.4508 0.0744947 1
12  4.52309 4.45682 0.06853 1
13  4.38309 4.45115 0.0634927 1
14  4.62167 4.46333 0.0601144 1
15  4.40915 4.45972 0.0562151 1
16  4.36246 4.45364 0.0530293 1
17  4.23605 4.44084 0.0514314 1
18  4.57751 4.44843 0.0491314 1
19  4.49038 4.45064 0.0465951 1
20  3.90386 4.4233 0.0516669 1
1  3.81288 3.81288 0 1
2  4.15524 3.98406 0.121043 1
3  3.63834 3.86882 0.123956 1
4  4.23119 3.95941 0.121647 1
5  3.91592 3.95071 0.0976282 1
6  4.08785 3.97357 0.0839898 1
7  3.7592 3.94294 0.0773731 1
8  3.92633 3.94087 0.0677294 1
9  3.98163 3.9454 0.0603551 1
10  4.27044 3.9779 0.0624622 1
11  4.13498 3.99218 0.0583933 1
12  3.94541 3.98828 0.0536572 1
13  3.91597 3.98272 0.0498172 1
14  4.28895 4.0046 0.0508346 1
15  4.30541 4.02465 0.051249 1
16  3.92923 4.01869 0.0483917 1
17  3.69792 3.99982 0.0490861 1
18  4.20072 4.01098 0.0476111 1
19  4.02625 4.01178 0.045112 1
20  4.30894 4.02664 0.0452371 1
1  3.55969 3.55969 0 1
2  3.85061 3.70515 0.102857 1
3  3.81194 3.74075 0.0744773 1
4  3.8554 3.76941 0.0611256 1
5  3.7589 3.76731 0.0489366 1
6  3.74799 3.76409 0.0408862 1
7  3.62367 3.74403 0.0396624 1
8  3.89011 3.76229 0.0386803 1
9  3.86078 3.77323 0.035897 1
10  3.70433 3.76634 0.032962 1
11  3.80288 3.76966 0.0301324 1
12  3.73117 3.76646 0.0277916 1
13  3.55327 3.75006 0.0301055 1
14  3.71988 3.7479 0.0280322 1
15  3.50103 3.73144 0.030616 1
16  3.44606 3.71361 0.0334977 1
17  3.74183 3.71527 0.0315684 1
18  3.73194 3.71619 0.0298282 1
19  3.64252 3.71232 0.0285092 1
20  3.90849 3.72212 0.0287216 1
1  3.07765 3.07765 0 1
2  3.10382 3.09073 0.00925419 1
3  3.43166 3.20438 0.0929936 1
4  3.44375 3.26422 0.0868926 1
5  3.115 3.23438 0.0744631 1
6  3.28394 3.24264 0.0625091 1
7  3.33648 3.25604 0.0549981 1
8  3.31829 3.26382 0.0486706 1
9  3.25566 3.26292 0.0432713 1
10  3.25192 3.26182 0.0389581 1
11  2.93297 3.23192 0.0454623 1
12  3.53861 3.25748 0.0483266 1
13  3.05701 3.24206 0.0470051 1
14  3.21977 3.24047 0.0436746 1
15  3.23332 3.23999 0.0407655 1
16  3.20565 3.23784 0.0382741 1
17  3.62915 3.26086 0.0423827 1
18  3.45872 3.27185 0.0414291 1
19  3.25976 3.27122 0.0392535 1
20  3.31327 3.27332 0.0373471 1
1  3.04431 3.04431 0 1
2  3.02043 3.03237 0.00844083 1
3  2.92704 2.99726 0.0292147 1
4  3.03611 3.00697 0.0234698 1
5  2.95661 2.9969 0.0208257 1
6  2.8859 2.9784 0.0242159 1
7  2.67402 2.93492 0.0452928 1
8  3.15643 2.96261 0.0473446 1
9  2.9989 2.96664 0.0422555 1
10  2.64991 2.93497 0.0484679 1
11  2.95769 2.93703 0.0441057 1
12  2.92997 2.93644 0.0404342 1
13  2.71447 2.91937 0.04077 1
14  3.14835 2.93572 0.0410076 1
15  2.82769 2.92852 0.0389011 1
16  3.07639 2.93776 0.0375515 1
17  2.89759 2.9354 0.0354169 1
18  3.20455 2.95035 0.0364694 1
19  2.90643 2.94804 0.0346231 1
20  3.02621 2.95195 0.0331118 1
1  2.92265 2.92265 0 1
2  2.69248 2.80757 0.0813787 1
3  2.83965 2.81826 0.0549508 1
4  2.68823 2.78575 0.0499114 1
5  2.90836 2.81028 0.0455566 1
6  2.64696 2.78306 0.0453722 1
7  2.865 2.79476 0.0403725 1
8  2.71311 2.78456 0.0365934 1
9  2.86477 2.79347 0.0335952 1
10  2.69271 2.78339 0.0317107 1
11  2.7771 2.78282 0.028833 1
12  2.82903 2.78667 0.0266861 1
13  2.94013 2.79848 0.0271187 1
14  2.69717 2.79124 0.0261292 1
15  2.75906 2.78909 0.0244752 1
16  2.70682 2.78395 0.0234794 1
17  2.88855 2.79011 0.0228903 1
18  2.87096 2.7946 0.0220549 1
19  2.72267 2.79081 0.0212165 1
20  2.53705 2.77812 0.0236472 1
1  2.60774 2.60774 0 1
2  2.46832 2.53803 0.0492938 1
3  2.60521 2.56042 0.0376064 1
4  2.51123 2.54813 0.0301487 1
5  2.4433 2.52716 0.0305514 1
6  2.26355 2.48323 0.0475051 1
7  2.55204 2.49306 0.0417234 1
8  2.39219 2.48045 0.0383658 1
9  2.556 2.48884 0.0350093 1
10  2.41996 2.48195 0.0321789 1
11  2.421 2.47641 0.0297268 1
12  2.55927 2.48332 0.02804 1
13  2.63214 2.49477 0.028123 1
14  2.52662 2.49704 0.0262062 1
15  2.7713 2.51532 0.0301706 1
16  2.95083 2.54254 0.0386603 1
17  2.78094 2.55657 0.0388463 1
18  2.41597 2.54876 0.0374652 1
19  2.45511 2.54383 0.0358161 1
20  2.47943 2.54061 0.0341697 1
1  2.27794 2.27794 0 1
2  2.2799 2.27892 0.000695246 1
3  2.41195 2.32326 0.0362091 1
4  2.28532 2.31378 0.028372 1
5  2.35633 2.32229 0.0239397 1
6  2.35979 2.32854 0.0207497 1
7  2.38104 2.33604 0.0190929 1
8  2.50492 2.35715 0.0258662 1
9  2.35404 2.3568 0.0229945 1
10  2.35114 2.35624 0.020702 1
11  2.29731 2.35088 0.0195009 1
12  2.27553 2.3446 0.0188596 1
13  2.46124 2.35357 0.0194262 1
14  2.49756 2.36386 0.020582 1
15  2.43799 2.3688 0.0197944 1
16  2.40104 2.37081 0.0186595 1
17  2.4177 2.37357 0.0177646 1
18  2.40307 2.37521 0.0168531 1
19  2.48999 2.38125 0.0170143 1
20  2.36843 2.38061 0.0161756 1
1  2.12974 2.12974 0 1
2  2.08344 2.10659 0.0163678 1
3  2.10642 2.10653 0.0109119 1
4  2.21156 2.13279 0.0241675 1
5  2.26002 2.15824 0.0298627 1
6  2.22243 2.16894 0.0267335 1
7  2.08633 2.15714 0.0253858 1
8  2.20633 2.16328 0.0229453 1
9  2.31271 2.17989 0.0257102 1
10  2.25684 2.18758 0.0242634 1
11  2.04086 2.17424 0.0254614 1
12  2.22986 2.17888 0.0237577 1
13  2.19029 2.17976 0.0219464 1
14  2.22194 2.18277 0.0205846 1
15  2.25427 2.18754 0.0197565 1
16  2.26496 2.19238 0.0191052 1
17  2.22043 2.19403 0.0180525 1
18  2.2381 2.19648 0.0172148 1
19  2.11286 2.19207 0.0168619 1
20  2.17172 2.19106 0.0160495 1
1  1.85725 1.85725 0 1
2  1.93481 1.89603 0.0274203 1
3  2.07064 1.95423 0.0509183 1
4  2.04502 1.97693 0.0429501 1
5  1.99202 1.97995 0.034466 1
6  1.96751 1.97787 0.028784 1
7  2.00744 1.9821 0.02498 1
8  1.97778 1.98156 0.0218634 1
9  1.85475 1.96747 0.0235404 1
10  2.0066 1.97138 0.0215092 1
11  2.08649 1.98185 0.0219523 1
12  2.00849 1.98407 0.0202349 1
13  1.91619 1.97885 0.0193402 1
14  2.15863 1.99169 0.0218095 1
15  2.08544 1.99794 0.0212323 1
16  1.95777 1.99543 0.0200532 1
17  1.93721 1.992 0.0191638 1
18  2.0493 1.99519 0.0183616 1
19  2.22115 2.00708 0.0208948 1
20  2.02138 2.00779 0.0198623 1
1  2.0226 2.0226 0 1
2  1.80576 1.91418 0.0766637 1
3  1.88947 1.90594 0.0515495 1
4  1.98086 1.92467 0.0419268 1
5  1.9492 1.92958 0.0338273 1
6  1.9146 1.92708 0.0282814 1
7  2.01863 1.94016 0.0270968 1
8  1.83855 1.92746 0.0265202 1
9  1.86353 1.92036 0.0245063 1
10  1.89159 1.91748 0.0222239 1
11  1.91796 1.91752 0.0202036 1
12  1.92501 1.91815 0.0185296 1
13  1.95547 1.92102 0.0173252 1
14  1.89944 1.91948 0.0161561 1
15  1.88599 1.91724 0.0152325 1
16  1.81804 1.91104 0.0154911 1
17  1.91699 1.91139 0.0145838 1
18  1.80332 1.90539 0.0149585 1
19  1.81206 1.90048 0.014956 1
20  2.00694 1.9058 0.0151258 1
1  1.83865 1.83865 0 1
2  1.77453 1.80659 0.0226694 1
3  1.6998 1.77099 0.0327597 1
4  1.7473 1.76507 0.0250996 1
5  1.82005 1.77607 0.0223589 1
6  1.94588 1.80437 0.0318545 1
7  1.79111 1.80248 0.0273601 1
8  1.71738 1.79184 0.0259256 1
9  1.7572 1.78799 0.0233289 1
10  1.84406 1.7936 0.0216593 1
11  1.81752 1.79577 0.0197992 1
12  1.77653 1.79417 0.018214 1
13  1.78976 1.79383 0.0168161 1
14  1.66222 1.78443 0.0180524 1
15  1.87332 1.79035 0.0177951 1
16  1.67004 1.78283 0.0182024 1
17  1.89254 1.78929 0.0182397 1
18  1.74481 1.78682 0.017393 1
19  1.84283 1.78976 0.0167255 1
20  1.78086 1.78932 0.0158952 1
1  1.71797 1.71797 0 1
2  1.65557 1.68677 0.0220633 1
3  1.75087 1.70814 0.0228181 1
4  1.58443 1.67721 0.0317837 1
5  1.68921 1.67961 0.0255174 1
6  1.69035 1.6814 0.0213272 1
7  1.64229 1.67581 0.0189981 1
8  1.69054 1.67765 0.0167122 1
9  1.71331 1.68162 0.0153176 1
10  1.747 1.68815 0.0151173 1
11  1.63572 1.68339 0.014475 1
12  1.67599 1.68277 0.0132819 1
13  1.69851 1.68398 0.0123152 1
14  1.70168 1.68525 0.0115002 1
15  1.64098 1.68229 0.0111058 1
16  1.7568 1.68695 0.011346 1
17  1.78555 1.69275 0.0120702 1
18  1.71317 1.69388 0.0114529 1
19  1.51492 1.68447 0.0142049 1
20  1.66436 1.68346 0.0135302 1
1  1.58043 1.58043 0 1
2  1.57892 1.57968 0.00053205 1
3  1.53078 1.56338 0.0133123 1
4  1.59763 1.57194 0.0124377 1
5  1.56111 1.56978 0.010137 1
6  1.54577 1.56578 0.00920306 1
7  1.65696 1.5788 0.0144108 1
8  1.64036 1.5865 0.0145192 1
9  1.69199 1.59822 0.0169907 1
10  1.48287 1.58668 0.0188039 1
11  1.65582 1.59297 0.0181145 1
12  1.58413 1.59223 0.0166199 1
13  1.61875 1.59427 0.0154661 1
14  1.63023 1.59684 0.0145731 1
15  1.62253 1.59855 0.0137018 1
16  1.73208 1.6069 0.0151757 1
17  1.6115 1.60717 0.0142854 1
18  1.56665 1.60492 0.013668 1
19  1.62663 1.60606 0.0129963 1
20  1.57237 1.60438 0.0124552 1
1  1.44388 1.44388 0 1
2  1.47736 1.46062 0.0118362 1
3  1.49534 1.47219 0.0123123 1
4  1.51027 1.48171 0.0123781 1
5  1.49156 1.48368 0.0100581 1
6  1.50635 1.48746 0.00906384 1
7  1.52015 1.49213 0.00889091 1
8  1.50984 1.49434 0.00805032 1
9  1.51271 1.49638 0.00740994 1
10  1.53118 1.49986 0.00744138 1
11  1.57239 1.50646 0.00923503 1
12  1.52124 1.50769 0.00854724 1
13  1.48866 1.50622 0.00801416 1
14  1.58432 1.5118 0.00918021 1
15  1.53669 1.51346 0.00871684 1
16  1.51699 1.51368 0.00817483 1
17  1.50508 1.51318 0.0077096 1
18  1.48579 1.51166 0.00742987 1
19  1.46425 1.50916 0.00744601 1
20  1.45598 1.5065 0.00753356 1
1  1.45323 1.45323 0 1
2  1.5166 1.48492 0.0224055 1
3  1.4301 1.46664 0.0211115 1
4  1.42846 1.4571 0.017862 1
5  1.45632 1.45694 0.0142903 1
6  1.39195 1.44611 0.0154787 1
7  1.42501 1.4431 0.0135577 1
8  1.47198 1.44671 0.0123343 1
9  1.42481 1.44427 0.0112013 1
10  1.38455 1.4383 0.011564 1
11  1.42208 1.43683 0.0106063 1
12  1.39134 1.43304 0.0103779 1
13  1.43803 1.43342 0.0095867 1
14  1.43827 1.43377 0.00890819 1
15  1.47859 1.43676 0.0088013 1
16  1.47816 1.43934 0.0086233 1
17  1.41328 1.43781 0.00825121 1
18  1.41028 1.43628 0.00793328 1
19  1.36168 1.43235 0.00843152 1
20  1.35396 1.42843 0.00887439 1
1  1.39171 1.39171 0 1
2  1.37306 1.38239 0.00659165 1
3  1.37716 1.38065 0.00461855 1
4  1.3638 1.37643 0.00502993 1
5  1.39994 1.38114 0.00582006 1
6  1.3472 1.37548 0.00708337 1
7  1.40354 1.37949 0.00711588 1
8  1.34955 1.37575 0.00714288 1
9  1.3973 1.37814 0.00673888 1
10  1.32484 1.37281 0.00789669 1
11  1.38795 1.37419 0.00729772 1
12  1.31936 1.36962 0.0079927 1
13  1.39268 1.37139 0.00757211 1
14  1.32892 1.36836 0.00761466 1
15  1.4055 1.37083 0.00749871 1
16  1.35918 1.37011 0.00706535 1
17  1.38832 1.37118 0.00673049 1
18  1.28691 1.3665 0.00781691 1
19  1.32011 1.36405 0.00777737 1
20  1.37556 1.36463 0.00740976 1
1  83.0191 83.0191 0 0
2  67.9926 75.5058 5.31266 0
3  67.3142 72.7753 4.18506 0
4  86.2768 76.1507 4.28916 0
5  77.3355 76.3876 3.43787 0
6  76.8814 76.4699 2.86588 0
7  75.1817 76.2859 2.46237 0
8  73.5994 75.9501 2.17735 0
9  81.8427 76.6048 2.03148 0
10  76.796 76.6239 1.82842 0
11  85.1238 77.3967 1.81816 0
12  79.754 77.5931 1.67723 0
13  79.3264 77.7264 1.5535 0
14  75.2468 77.5493 1.4526 0
15  65.6699 76.7573 1.55675 0
16  90.9495 77.6444 1.69341 0
17  86.3928 78.159 1.67016 0
18  72.3462 77.836 1.60829 0
19  67.8145 77.3086 1.60781 0
20  76.2763 77.257 1.52825 0
1  62.3702 62.3702 0 0
2  67.5629 64.9665 1.8359 0
3  59.3305 63.0879 1.96238 0
4  67.3083 64.143 1.73237 0
5  50.9647 61.5073 2.7346 0
6  63.514 61.8418 2.29919 0
7  65.0978 62.3069 2.01724 0
8  62.1051 62.2817 1.76524 0
9  51.3781 61.0702 1.94081 0
10  52.614 60.2246 1.92214 0
11  57.6163 59.9874 1.76197 0
12  59.9334 59.9829 1.61514 0
13  61.2986 60.0841 1.49407 0
14  61.1287 60.1588 1.38921 0
15  55.1836 59.8271 1.3356 0
16  54.83 59.5148 1.28813 0
17  68.2514 60.0287 1.31087 0
18  60.9789 60.0815 1.23911 0
19  61.9029 60.1773 1.17759 0
20  63.8949 60.3632 1.13329 0
1  51.7846 51.7846 0 0
2  41.4874 46.636 3.64062 0
3  47.8045 47.0255 2.44783 0
4  37.9569 44.7583 2.68802 0
5  46.0917 45.025 2.1636 0
6  33.9786 43.1839 2.46484 0
7  44.6203 43.3891 2.12124 0
8  41.4852 43.1512 1.86939 0
9  45.4956 43.4116 1.67973 0
10  43.5963 43.4301 1.51186 0
11  49.9804 44.0256 1.48707 0
12  48.7125 44.4162 1.41351 0
13  48.7694 44.751 1.34386 0
14  49.5606 45.0946 1.29103 0
15  33.5424 44.3244 1.41617 0
16  40.1867 44.0658 1.35106 0
17  49.2412 44.3703 1.30544 0
18  45.5679 44.4368 1.23461 0
19  44.8666 44.4594 1.16983 0
20  37.0304 44.088 1.16883 0
1  34.588 34.588 0 0
2  31.9363 33.2622 0.937506 0
3  42.3256 36.2833 2.54469 0
4  33.4392 35.5723 2.00539 0
5  38.4062 36.1391 1.6825 0
6  28.7247 34.9033 1.79955 0
7  32.1005 34.5029 1.58639 0
8  30.9675 34.061 1.44834 0
9  29.7895 33.5864 1.36296 0
10  34.6467 33.6924 1.23078 0
11  31.6893 33.5103 1.13229 0
12  37.5327 33.8455 1.08641 0
13  35.2464 33.9533 1.00817 0
14  31.3538 33.7676 0.953104 0
15  28.9507 33.4465 0.942111 0
16  36.0295 33.6079 0.896954 0
17  32.4461 33.5396 0.846792 0
18  28.121 33.2385 0.851577 0
19  25.0731 32.8088 0.908751 0
20  33.4981 32.8432 0.863967 0
1  26.2536 26.2536 0 0
2  21.6741 23.9639 1.61911 0
3  22.3343 23.4207 1.16697 0
4  21.809 23.0178 0.942224 0
5  25.4094 23.4961 0.866733 0
6  26.7106 24.0319 0.872283 0
7  24.2922 24.069 0.748463 0
8  21.8729 23.7945 0.703449 0
9  24.2233 23.8422 0.626899 0
10  25.308 23.9887 0.581094 0
11  26.2003 24.1898 0.561971 0
12  28.3176 24.5338 0.611421 0
13  29.3591 24.905 0.667617 0
14  19.9333 24.5498 0.708108 0
15  22.8517 24.4366 0.66989 0
16  21.8507 24.275 0.647225 0
17  29.384 24.5755 0.675331 0
18  24.0918 24.5487 0.638347 0
19  19.7178 24.2944 0.653427 0
20  27.7807 24.4687 0.643587 0
1  18.7397 18.7397 0 0
2  21.3897 20.0647 0.9369 0
3  19.7082 19.9459 0.632092 0
4  20.4822 20.08 0.488083 0
5  20.3118 20.1263 0.392663 0
6  21.048 20.2799 0.355999 0
7  16.9847 19.8092 0.532026 0
8  18.5961 19.6576 0.486654 0
9  19.8528 19.6792 0.433065 0
10  20.5361 19.7649 0.398144 0
11  16.3649 19.4558 0.466753 0
12  18.1927 19.3506 0.439566 0
13  19.2629 19.3438 0.405805 0
14  19.421 19.3493 0.376856 0
15  22.7254 19.5744 0.413515 0
16  17.6647 19.4551 0.404529 0
17  17.0992 19.3165 0.403772 0
18  21.2735 19.4252 0.395709 0
19  23.0292 19.6149 0.41788 0
20  20.0858 19.6384 0.397649 0
1  13.665 13.665 0 0
2  14.786 14.2255 0.396305 0
3  16.1402 14.8637 0.584262 0
4  16.0854 15.1692 0.511837 0
5  15.0894 15.1532 0.409718 0
6  14.0918 14.9763 0.377695 0
7  13.6547 14.7875 0.36791 0
8  15.1795 14.8365 0.325168 0
9  15.0278 14.8578 0.289732 0
10  15.2748 14.8995 0.263743 0
11  12.8315 14.7115 0.299363 0
12  13.1715 14.5831 0.300668 0
13  15.2787 14.6367 0.282261 0
14  14.0261 14.593 0.265446 0
15  14.4405 14.5829 0.247945 0
16  14.8949 14.6024 0.233214 0
17  16.2557 14.6996 0.238915 0
18  14.754 14.7027 0.225661 0
19  15.8566 14.7634 0.221807 0
20  14.6893 14.7597 0.210747 0
1  12.1102 12.1102 0 0
2  10.3396 11.2249 0.626021 0
3  12.5166 11.6555 0.545685 0
4  11.9506 11.7292 0.414223 0
5  12.5324 11.8899 0.361182 0
6  12.6518 12.0169 0.322538 0
7  13.0453 12.1638 0.308108 0
8  13.1428 12.2862 0.292893 0
9  10.855 12.1271 0.30043 0
10  11.7875 12.0932 0.2723 0
11  11.1243 12.0051 0.261403 0
12  14.5339 12.2158 0.313249 0
13  12.0323 12.2017 0.289471 0
14  14.3301 12.3537 0.306125 0
15  10.6723 12.2417 0.305551 0
16  13.0172 12.2901 0.290274 0
17  12.5924 12.3079 0.273743 0
18  12.0081 12.2912 0.259041 0
19  13.0857 12.3331 0.248759 0
20  14.5898 12.4459 0.26066 0
1  8.36134 8.36134 0 0
2  10.4583 9.40984 0.741403 0
3  11.591 10.1369 0.77246 0
4  11.85 10.5652 0.6879 0
5  11.367 10.7255 0.568707 0
6  10.7779 10.7343 0.47399 0
7  9.17321 10.5113 0.455729 0
8  9.95733 10.442 0.403989 0
9  10.5542 10.4545 0.359293 0
10  10.058 10.4148 0.325544 0
11  9.43078 10.3254 0.307996 0
12  11.435 10.4178 0.295884 0
13  10.4188 10.4179 0.273124 0
14  11.2104 10.4745 0.259415 0
15  9.355 10.3999 0.252628 0
16  10.2905 10.393 0.236932 0
17  10.5842 10.4043 0.223261 0
18  10.6232 10.4165 0.211189 0
19  12.2035 10.5105 0.220024 0
20  10.1713 10.4935 0.209675 0
1  9.24592 9.24592 0 0
2  8.76332 9.00462 0.170626 0
3  7.95873 8.65599 0.306542 0
4  8.35043 8.5796 0.239235 0
5  8.14095 8.49187 0.206849 0
6  9.366 8.63756 0.217716 0
7  9.25509 8.72578 0.203705 0
8  8.23428 8.66434 0.187277 0
9  7.05799 8.48586 0.236704 0
10  7.54226 8.3915 0.231077 0
11  9.76287 8.51617 0.241369 0
12  8.50107 8.51491 0.221258 0
13  8.82056 8.53842 0.205484 0
14  8.80851 8.55771 0.19171 0
15  9.49928 8.62048 0.188926 0
16  8.36528 8.60453 0.177791 0
17  7.97597 8.56756 0.171134 0
18  8.28856 8.55206 0.162327 0
19  8.43348 8.54582 0.153903 0
20  9.61098 8.59908 0.15515 0
1  7.68268 7.68268 0 0
2  7.39106 7.53687 0.103102 0
3  7.54205 7.5386 0.068749 0
4  6.98998 7.40144 0.129489 0
5  7.52421 7.426 0.105893 0
6  8.245 7.5625 0.15269 0
7  7.18595 7.5087 0.140032 0
8  6.78491 7.41823 0.148914 0
9  7.07349 7.37993 0.137206 0
10  6.77948 7.31988 0.135991 0
11  7.59717 7.34509 0.125943 0
12  7.7855 7.38179 0.120676 0
13  7.64099 7.40173 0.113029 0
14  6.88958 7.36515 0.110717 0
15  6.7877 7.32665 0.109825 0
16  6.56797 7.27923 0.112733 0
17  8.45458 7.34837 0.125525 0
18  7.36862 7.3495 0.118556 0
19  7.01185 7.33172 0.113641 0
20  6.82823 7.30655 0.110712 0
1  6.40707 6.40707 0 0
2  6.2629 6.33498 0.0509736 0
3  5.97823 6.21607 0.10287 0
4  6.7623 6.35262 0.141205 0
5  6.60198 6.4025 0.121452 0
6  6.43304 6.40759 0.101316 0
7  6.30393 6.39278 0.0879181 0
8  6.46246 6.40149 0.0773586 0
9  6.36857 6.39783 0.0688496 0
10  6.20231 6.37828 0.0646814 0
11  6.35968 6.37659 0.0588234 0
12  6.65843 6.40008 0.0584224 0
13  6.03384 6.3719 0.0603396 0
14  6.88703 6.4087 0.0663059 0
15  5.92252 6.37629 0.0693564 0
16  6.68837 6.39579 0.0677089 0
17  6.1189 6.3795 0.0656559 0
18  6.50249 6.38634 0.0623629 0
19  6.5264 6.39371 0.0595147 0
20  6.24002 6.38602 0.0570329 0
1  5.74921 5.74921 0 0
2  5.91967 5.83444 0.0602661 0
3  5.3882 5.68569 0.127922 0
4  5.50213 5.6398 0.103847 0
5  5.55813 5.62347 0.0843527 0
6  5.11123 5.53809 0.104953 0
7  5.43353 5.52316 0.0910161 0
8  5.19189 5.48175 0.088559 0
9  5.41968 5.47485 0.0789872 0
10  5.5654 5.48391 0.0716055 0
11  5.3337 5.47025 0.0663852 0
12  5.68049 5.48777 0.0631227 0
13  5.79198 5.51117 0.0624541 0
14  5.38404 5.50209 0.0586495 0
15  5.32228 5.4901 0.0559513 0
16  6.05836 5.52562 0.0627218 0
17  5.82117 5.54301 0.0613944 0
18  6.22211 5.58073 0.0686034 0
19  5.32916 5.56749 0.0662581 0
20  5.21027 5.54963 0.0653083 0
1  5.01295 5.01295 0 0
2  5.20845 5.1107 0.0691218 0
3  4.98442 5.06861 0.0574869 0
4  5.2211 5.10673 0.0543044 0
5  4.74782 5.03495 0.0775207 0
6  4.94017 5.01915 0.0661905 0
7  4.93553 5.0072 0.0578025 0
8  5.26697 5.03968 0.0589966 0
9  5.30272 5.0689 0.0592403 0
10  4.90874 5.05289 0.055439 0
11  5.31158 5.0764 0.0551623 0
12  4.946 5.06554 0.0516247 0
13  4.77407 5.04312 0.052296 0
14  5.05473 5.04395 0.0485671 0
15  5.07095 5.04575 0.0453626 0
16  4.84099 5.03295 0.0442959 0
17  4.70655 5.01375 0.0456622 0
18  4.88817 5.00677 0.0436552 0
19  4.89905 5.0011 0.0417241 0
20  4.92748 4.99742 0.0397999 0
1  4.57291 4.57291 0 0
2  4.7245 4.6487 0.0535963 0
3  4.21107 4.50282 0.124354 0
4  4.39877 4.47681 0.0959473 0
5  4.14917 4.41128 0.0965757 0
6  3.8705 4.32115 0.115094 0
7  4.30638 4.31904 0.0986713 0
8  3.94014 4.27168 0.0970411 0
9  4.28167 4.27279 0.0862651 0
10  4.24553 4.27006 0.0776816 0
11  3.99141 4.24473 0.0746358 0
12  4.37263 4.25539 0.0691729 0
13  4.42513 4.26845 0.0650725 0
14  4.19352 4.26309 0.0606442 0
15  4.61751 4.28672 0.0610308 0
16  4.84359 4.32153 0.0664027 0
17  4.34784 4.32307 0.0625147 0
18  4.26476 4.31983 0.0591256 0
19  4.19736 4.31339 0.056364 0
20  4.44881 4.32016 0.053951 0
1  4.11467 4.11467 0 0
2  3.56312 3.83889 0.195003 0
3  4.1514 3.94306 0.155353 0
4  3.79052 3.90492 0.121105 0
5  3.73916 3.87177 0.10132 0
6  4.0768 3.90594 0.0900118 0
7  4.00121 3.91955 0.078175 0
8  4.17322 3.95126 0.0745567 0
9  3.88987 3.94444 0.066584 0
10  4.16874 3.96687 0.0635913 0
11  3.92108 3.96271 0.0579464 0
12  3.94641 3.96135 0.0531334 0
13  4.05406 3.96848 0.0495226 0
14  3.84447 3.95962 0.0467707 0
15  3.95372 3.95923 0.0436543 0
16  4.32511 3.9821 0.0465314 0
17  3.67471 3.96401 0.0471767 0
18  4.29536 3.98242 0.048013 0
19  3.82935 3.97437 0.046157 0
20  3.83402 3.96735 0.0443794 0
1  3.82984 3.82984 0 0
2  3.51223 3.67103 0.112293 0
3  3.6199 3.65399 0.0761445 0
4  3.55945 3.63036 0.0606655 0
5  3.89804 3.68389 0.0681784 0
6  3.56389 3.66389 0.0596769 0
7  3.16316 3.59236 0.0836804 0
8  3.72169 3.60852 0.0747656 0
9  3.80385 3.63023 0.069537 0
10  3.69569 3.63677 0.0628907 0
11  3.59987 3.63342 0.0572628 0
12  3.62207 3.63247 0.0524987 0
13  3.58477 3.6288 0.0485884 0
14  3.49316 3.61912 0.0460737 0
15  3.84231 3.634 0.0453413 0
16  3.90123 3.6507 0.0454798 0
17  3.53842 3.64409 0.0432815 0
18  3.52382 3.63741 0.0413895 0
19  3.56038 3.63336 0.0394092 0
20  3.61759 3.63257 0.0374466 0
1  3.04492 3.04492 0 0
2  3.11455 3.07974 0.0246199 0
3  3.15495 3.10481 0.0262371 0
4  3.08457 3.09975 0.0201594 0
5  3.28969 3.13774 0.0376118 0
6  3.34874 3.1729 0.0448665 0
7  3.26646 3.18627 0.0403986 0
8  3.27389 3.19722 0.0368035 0
9  3.22414 3.20021 0.0328356 0
10  3.20572 3.20076 0.0295566 0
11  3.41925 3.22063 0.0328728 0
12  3.26542 3.22436 0.0303446 0
13  3.30633 3.23067 0.0286581 0
14  3.15765 3.22545 0.0270814 0
15  3.33702 3.23289 0.0262776 0
16  3.17043 3.22898 0.0249235 0
17  3.38557 3.2382 0.0251018 0
18  3.10227 3.23064 0.0248171 0
19  3.34659 3.23675 0.0242496 0
20  3.1942 3.23462 0.0231303 0
1  2.90413 2.90413 0 0
2  3.02114 2.96263 0.0413678 0
3  3.01657 2.98061 0.0312414 0
4  2.8877 2.95738 0.0308811 0
5  3.04931 2.97577 0.0296777 0
6  3.0335 2.98539 0.0262449 0
7  2.91445 2.97526 0.0243742 0
8  2.9745 2.97516 0.0213276 0
9  3.14142 2.99364 0.0257439 0
10  2.91685 2.98596 0.0242878 0
11  2.99593 2.98686 0.0220967 0
12  3.03407 2.9908 0.0206025 0
13  3.13981 3.00226 0.0219761 0
14  2.90285 2.99516 0.0215229 0
15  3.02731 2.9973 0.0201945 0
16  2.92263 2.99264 0.0194641 0
17  3.07844 2.99768 0.0189623 0
18  2.97973 2.99669 0.0179351 0
19  3.02314 2.99808 0.0170451 0
20  2.92766 2.99456 0.0165525 0
1  2.71581 2.71581 0 0
2  2.71383 2.71482 0.00070028 0
3  2.67252 2.70072 0.011523 0
4  2.72086 2.70576 0.00967995 0
5  2.81302 2.72721 0.0206909 0
6  2.83782 2.74564 0.0240935 0
7  2.79897 2.75326 0.0218229 0
8  2.76831 2.75514 0.019176 0
9  2.88297 2.76934 0.0216761 0
10  2.8868 2.78109 0.0224663 0
11  2.71851 2.7754 0.021132 0
12  2.7607 2.77418 0.0194065 0
13  2.85069 2.78006 0.0187849 0
14  3.04199 2.79877 0.0250858 0
15  2.81392 2.79978 0.0234338 0
16  2.65156 2.79052 0.0237296 0
17  2.85662 2.79441 0.0226501 0
18  2.862 2.79816 0.0217008 0
19  2.73369 2.79477 0.0208222 0
20  2.73721 2.79189 0.019979 0
1  2.42741 2.42741 0 0
2  2.56686 2.49714 0.0493051 0
3  2.60395 2.53274 0.0438807 0
4  2.60922 2.55186 0.036841 0
5  2.55543 2.55257 0.0294797 0
6  2.61207 2.56249 0.0261814 0
7  2.44962 2.54637 0.0269528 0
8  2.62694 2.55644 0.0253958 0
9  2.47684 2.54759 0.0240647 0
10  2.40695 2.53353 0.0254383 0
11  2.61099 2.54057 0.0240807 0
12  2.46639 2.53439 0.0228536 0
13  2.48054 2.53025 0.0214677 0
14  2.47214 2.5261 0.0203316 0
15  2.48766 2.52353 0.019137 0
16  2.39486 2.51549 0.0195578 0
17  2.48509 2.5137 0.0184889 0
18  2.49225 2.51251 0.0175001 0
19  2.53041 2.51345 0.0166044 0
20  2.71507 2.52354 0.0185839 0
1  2.44733 2.44733 0 0
2  2.44778 2.44756 0.000160582 0
3  2.37244 2.42252 0.0204447 0
4  2.53894 2.45162 0.0295042 0
5  2.47797 2.45689 0.0240693 0
6  2.35358 2.43967 0.0254827 0
7  2.41467 2.4361 0.0220912 0
8  2.31449 2.4209 0.0239965 0
9  2.3268 2.41045 0.0234979 0
10  2.28929 2.39833 0.02407 0
11  2.32411 2.39158 0.0228079 0
12  2.4767 2.39868 0.0219825 0
13  2.26696 2.38854 0.0225056 0
14  2.33693 2.38486 0.0211978 0
15  2.26289 2.37673 0.0212871 0
16  2.40873 2.37873 0.0200504 0
17  2.30338 2.37429 0.0193547 0
18  2.43422 2.37762 0.0185636 0
19  2.28423 2.37271 0.0182258 0
20  2.34169 2.37116 0.0173803 0
1  2.02723 2.02723 0 0
2  2.20502 2.11613 0.0628583 0
3  2.13335 2.12187 0.0421669 0
4  2.21862 2.14606 0.0379336 0
5  2.17972 2.15279 0.0309385 0
6  2.26226 2.17104 0.0306937 0
7  2.15565 2.16884 0.0263875 0
8  2.13092 2.1641 0.0235109 0
9  2.17426 2.16523 0.0209257 0
10  2.28772 2.17748 0.0221297 0
11  2.19996 2.17952 0.0202121 0
12  2.15963 2.17786 0.0185956 0
13  2.18705 2.17857 0.0171786 0
14  2.16866 2.17786 0.0159661 0
15  2.20408 2.17961 0.0149971 0
16  2.20503 2.1812 0.0141437 0
17  2.42935 2.1958 0.0194356 0
18  2.16034 2.19383 0.0184554 0
19  2.2344 2.19596 0.0176071 0
20  2.28592 2.20046 0.0172918 0
1  1.96141 1.96141 0 0
2  2.03658 1.99899 0.0265769 0
3  2.00869 2.00223 0.0179136 0
4  2.0803 2.02174 0.0215918 0
5  2.10893 2.03918 0.0232723 0
6  2.04512 2.04017 0.0194146 0
7  1.97113 2.03031 0.0189816 0
8  2.02687 2.02988 0.0166138 0
9  2.03625 2.03058 0.0147829 0
10  2.09468 2.03699 0.0146283 0
11  1.96437 2.03039 0.0147132 0
12  2.14141 2.03964 0.0161355 0
13  2.00257 2.03679 0.0151441 0
14  2.00104 2.03424 0.0142761 0
15  2.03535 2.03431 0.0133246 0
16  2.0939 2.03804 0.0130018 0
17  2.10893 2.04221 0.0128884 0
18  2.04073 2.04212 0.0121726 0
19  2.00966 2.04042 0.0116513 0
20  2.02674 2.03973 0.0110888 0
1  1.80586 1.80586 0 0
2  1.98214 1.894 0.0623219 0
3  1.93 1.906 0.0426879 0
4  2.01478 1.9332 0.0397453 0
5  1.9276 1.93208 0.031812 0
6  1.83488 1.91588 0.0303553 0
7  1.79166 1.89813 0.0307716 0
8  2.03308 1.915 0.0312079 0
9  1.97685 1.92187 0.0284868 0
10  1.77085 1.90677 0.0293699 0
11  1.859 1.90243 0.0270191 0
12  1.81411 1.89507 0.0257505 0
13  1.86735 1.89294 0.0238578 0
14  1.84173 1.88928 0.0224323 0
15  1.82066 1.8847 0.0213981 0
16  1.869 1.88372 0.0200832 0
17  1.9056 1.88501 0.0189431 0
18  1.83447 1.8822 0.0180975 0
19  1.83103 1.87951 0.0173443 0
20  1.87273 1.87917 0.0164804 0
1  1.74431 1.74431 0 0
2  1.76816 1.75623 0.00843356 0
3  1.79653 1.76966 0.0123235 0
4  1.77179 1.7702 0.00925416 0
5  1.9212 1.8004 0.0280081 0
6  1.70607 1.78468 0.0273996 0
7  1.77933 1.78391 0.023496 0
8  1.63636 1.76547 0.0268392 0
9  1.72383 1.76084 0.0242526 0
10  1.77733 1.76249 0.0218833 0
11  1.76394 1.76262 0.0198943 0
12  1.806 1.76624 0.018562 0
13  1.92364 1.77834 0.0207102 0
14  1.79678 1.77966 0.0192727 0
15  1.72212 1.77582 0.0183657 0
16  1.7376 1.77344 0.0173725 0
17  1.76411 1.77289 0.0163593 0
18  1.84751 1.77703 0.0159671 0
19  1.74245 1.77521 0.0152301 0
20  1.76111 1.77451 0.0144849 0
1  1.64733 1.64733 0 0
2  1.80423 1.72578 0.0554702 0
3  1.65655 1.7027 0.0415035 0
4  1.72585 1.70849 0.0315284 0
5  1.66065 1.69892 0.0266348 0
6  1.77045 1.71084 0.0247202 0
7  1.74882 1.71627 0.021776 0
8  1.75543 1.72116 0.0195965 0
9  1.66487 1.71491 0.0183902 0
10  1.76177 1.7196 0.0171378 0
11  1.66512 1.71464 0.0162798 0
12  1.68095 1.71184 0.0151634 0
13  1.64352 1.70658 0.0148797 0
14  1.69714 1.70591 0.0138321 0
15  1.68495 1.70451 0.0129803 0
16  1.56912 1.69605 0.0146701 0
17  1.657 1.69375 0.0139859 0
18  1.68363 1.69319 0.0132202 0
19  1.61798 1.68923 0.0131035 0
20  1.69117 1.68933 0.0124487 0
1  1.53572 1.53572 0 0
2  1.63939 1.58756 0.0366549 0
3  1.56638 1.5805 0.0251069 0
4  1.65698 1.59962 0.0250754 0
5  1.59078 1.59785 0.0201226 0
6  1.57542 1.59411 0.0171125 0
7  1.5503 1.58785 0.015771 0
8  1.6063 1.59016 0.0139671 0
9  1.64251 1.59598 0.0135726 0
10  1.5322 1.5896 0.0136317 0
11  1.65568 1.59561 0.0136523 0
12  1.64184 1.59946 0.0130469 0
13  1.47299 1.58973 0.015245 0
14  1.6171 1.59169 0.0142808 0
15  1.5915 1.59167 0.0133288 0
16  1.55722 1.58952 0.0126685 0
17  1.66271 1.59383 0.0126337 0
18  1.56469 1.59221 0.012035 0
19  1.57236 1.59116 0.0114469 0
20  1.59387 1.5913 0.0108753 0
1  1.43998 1.43998 0 0
2  1.51164 1.47581 0.0253353 0
3  1.52392 1.49185 0.0213722 0
4  1.54088 1.50411 0.0192258 0
5  1.62561 1.52841 0.0266267 0
6  1.53356 1.52926 0.0222027 0
7  1.47467 1.52147 0.0203547 0
8  1.46041 1.51383 0.0191878 0
9  1.53193 1.51584 0.0171608 0
10  1.4208 1.50634 0.0178839 0
11  1.47923 1.50388 0.0164271 0
12  1.52268 1.50544 0.0151327 0
13  1.48992 1.50425 0.0140157 0
14  1.49074 1.50328 0.0130478 0
15  1.48597 1.50213 0.0122289 0
16  1.51419 1.50288 0.0114877 0
17  1.55308 1.50584 0.0111851 0
18  1.51418 1.5063 0.0105733 0
19  1.46197 1.50397 0.010271 0
20  1.60056 1.5088 0.0108337 0
1  1.53015 1.53015 0 0
2  1.40222 1.46618 0.0452287 0
3  1.36962 1.434 0.0399975 0
4  1.45961 1.4404 0.0305062 0
5  1.49047 1.45041 0.0259967 0
6  1.39062 1.44045 0.0234964 0
7  1.51207 1.45068 0.0222565 0
8  1.38193 1.44209 0.0210683 0
9  1.47395 1.44563 0.0190225 0
10  1.34258 1.43532 0.0197145 0
11  1.48233 1.4396 0.0183796 0
12  1.46885 1.44203 0.0170089 0
13  1.47762 1.44477 0.0159192 0
14  1.40694 1.44207 0.0150098 0
15  1.41757 1.44044 0.0140977 0
16  1.39183 1.4374 0.01354 0
17  1.40574 1.43553 0.012871 0
18  1.38903 1.43295 0.0124125 0
19  1.38688 1.43053 0.0119937 0
20  1.40308 1.42915 0.0114723 0
1  1.33412 1.33412 0 0
2  1.35259 1.34335 0.00653225 0
3  1.3225 1.3364 0.00715479 0
4  1.3731 1.34558 0.00958779 0
5  1.33392 1.34324 0.00794859 0
6  1.4265 1.35712 0.0142937 0
7  1.35605 1.35697 0.0122525 0
8  1.3487 1.35593 0.0107644 0
9  1.32372 1.35236 0.0101459 0
10  1.30221 1.34734 0.0102961 0
11  1.41233 1.35325 0.0109244 0
12  1.35546 1.35343 0.0100156 0
13  1.37586 1.35516 0.00939253 0
14  1.28026 1.34981 0.0101312 0
15  1.33548 1.34885 0.00950072 0
16  1.33763 1.34815 0.00893279 0
17  1.3856 1.35035 0.00867464 0
18  1.36143 1.35097 0.00821452 0
19  1.38103 1.35255 0.00793309 0
20  1.30909 1.35038 0.00782839 0
1  74.011 74.011 0 1
2  83.2109 78.6109 3.25267 1
3  85.6352 80.9524 2.89085 1
4  84.4714 81.8321 2.29811 1
5  67.0046 78.8666 3.22729 1
6  85.203 79.9227 2.85698 1
7  81.7349 80.1816 2.46054 1
8  68.2673 78.6923 2.56437 1
9  64.9587 77.1663 2.69549 1
10  90.4664 78.4963 2.73445 1
11  73.4738 78.0397 2.5237 1
12  84.1989 78.553 2.365 1
13  64.8827 77.5014 2.40553 1
14  78.6975 77.5869 2.23522 1
15  75.8859 77.4735 2.08908 1
16  77.1741 77.4548 1.9586 1
17  85.5989 77.9338 1.90107 1
18  68.7814 77.4254 1.86222 1
19  71.2478 77.1002 1.79236 1
20  83.5268 77.4216 1.73131 1
1  62.927 62.927 0 1
2  62.1196 62.5233 0.285471 1
3  52.2351 59.0939 2.80656 1
4  53.0337 57.5789 2.48037 1
5  55.9016 57.2434 2.00685 1
6  56.6187 57.1393 1.67507 1
7  57.6844 57.2172 1.43759 1
8  63.8705 58.0488 1.47902 1
9  56.4727 57.8737 1.32501 1
10  62.5208 58.3384 1.27139 1
11  64.674 58.9144 1.27964 1
12  65.4752 59.4611 1.2845 1
13  61.8114 59.6419 1.19835 1
14  61.2398 59.756 1.11817 1
15  59.6868 59.7514 1.04364 1
16  57.4268 59.6061 0.988471 1
17  61.5955 59.7232 0.937227 1
18  64.957 60.0139 0.92917 1
19  65.606 60.3082 0.925708 1
20  63.3225 60.459 0.891606 1
1  42.0207 42.0207 0 1
2  34.9198 38.4702 2.51055 1
3  40.6313 39.1906 1.77404 1
4  40.0477 39.4049 1.34341 1
5  42.2082 39.9655 1.18596 1
6  42.8914 40.4532 1.08393 1
7  45.0402 41.1085 1.10962 1
8  42.5637 41.2904 0.985713 1
9  44.9161 41.6932 0.954971 1
10  43.4739 41.8713 0.875917 1
11  49.5837 42.5724 1.0397 1
12  42.3734 42.5558 0.953188 1
13  42.629 42.5615 0.879883 1
14  42.7108 42.5721 0.817099 1
15  34.7752 42.0523 0.913113 1
16  43.5876 42.1483 0.86107 1
17  50.2827 42.6268 0.933952 1
18  44.4888 42.7302 0.887776 1
19  39.6346 42.5673 0.855871 1
20  36.2156 42.2497 0.870007 1
1  33.0949 33.0949 0 1
2  36.6275 34.8612 1.24895 1
3  29.3781 33.0335 1.70888 1
4  31.8915 32.748 1.30529 1
5  30.5134 32.3011 1.11813 1
6  35.0007 32.751 1.01828 1
7  27.63 32.0194 1.10478 1
8  34.8608 32.3746 1.02218 1
9  31.6899 32.2985 0.91143 1
10  37.6713 32.8358 0.965749 1
11  40.935 33.5721 1.12412 1
12  26.1408 32.9528 1.18884 1
13  32.126 32.8892 1.0991 1
14  30.6387 32.7285 1.03228 1
15  30.7872 32.599 0.971537 1
16  35.1934 32.7612 0.924248 1
17  30.1534 32.6078 0.882518 1
18  31.9594 32.5718 0.834225 1
19  25.2215 32.1849 0.875434 1
20  31.914 32.1714 0.831767 1
1  28.6371 28.6371 0 1
2  28.0557 28.3464 0.205566 1
3  23.7331 26.8086 1.26303 1
4  21.0035 25.3573 1.57385 1
5  23.9635 25.0786 1.28353 1
6  26.1279 25.2535 1.08146 1
7  21.9123 24.7762 1.02691 1
8  23.9937 24.6784 0.903187 1
9  20.0167 24.1604 0.939688 1
10  26.184 24.3628 0.867234 1
11  20.8197 24.0407 0.846096 1
12  26.3809 24.2357 0.797747 1
13  23.191 24.1553 0.740418 1
14  21.9512 23.9979 0.704071 1
15  22.6234 23.9063 0.663069 1
16  26.1172 24.0444 0.635863 1
17  23.0375 23.9852 0.601212 1
18  25.265 24.0563 0.572 1
19  19.7416 23.8292 0.58524 1
20  31.796 24.2275 0.678123 1
1  17.4041 17.4041 0 1
2  18.6372 18.0207 0.435993 1
3  21.3559 19.1324 0.953127 1
4  20.3358 19.4332 0.760846 1
5  18.2912 19.2048 0.642046 1
6  17.3494 18.8956 0.604944 1
7  20.3797 19.1076 0.554435 1
8  18.6497 19.0504 0.488076 1
9  19.9582 19.1512 0.444147 1
10  21.9005 19.4262 0.477295 1
11  23.2438 19.7732 0.545687 1
12  17.4167 19.5768 0.534382 1
13  23.3276 19.8654 0.56583 1
14  20.8606 19.9365 0.52986 1
15  18.0027 19.8075 0.509978 1
16  18.3503 19.7165 0.48617 1
17  16.7238 19.5404 0.488404 1
18  20.9484 19.6186 0.467492 1
19  17.4369 19.5038 0.456772 1
20  18.3477 19.446 0.437576 1
1  13.247 13.247 0 1
2  17.2356 15.2413 1.41015 1
3  17.1557 15.8794 1.07483 1
4  19.4429 16.7703 1.11583 1
5  13.6178 16.1398 1.05587 1
6  17.5655 16.3774 0.906237 1
7  14.7721 16.1481 0.805269 1
8  14.9798 16.002 0.717728 1
9  16.9057 16.1025 0.644966 1
10  16.1548 16.1077 0.580491 1
11  17.7164 16.2539 0.54583 1
12  14.2326 16.0855 0.525694 1
13  15.4353 16.0355 0.487629 1
14  15.6752 16.0097 0.453477 1
15  15.3831 15.968 0.425165 1
16  13.2708 15.7994 0.430716 1
17  17.3422 15.8901 0.41483 1
18  16.9344 15.9482 0.39582 1
19  12.5556 15.7696 0.413302 1
20  16.897 15.826 0.396463 1
1  13.0464 13.0464 0 1
2  13.06 13.0532 0.00483827 1
3  12.4639 12.8568 0.160406 1
4  11.6661 12.5591 0.284489 1
5  11.5324 12.3537 0.292458 1
6  12.6027 12.3952 0.246641 1
7  14.1298 12.643 0.311962 1
8  11.5144 12.5019 0.303195 1
9  11.3062 12.3691 0.297193 1
10  13.1633 12.4485 0.277882 1
11  12.4593 12.4495 0.252622 1
12  12.0667 12.4176 0.233575 1
13  12.057 12.3899 0.217249 1
14  13.0458 12.4367 0.206721 1
15  12.2513 12.4243 0.193309 1
16  12.6671 12.4395 0.181821 1
17  12.5733 12.4474 0.171296 1
18  11.6852 12.405 0.166931 1
19  13.081 12.4406 0.161893 1
20  12.241 12.4306 0.154105 1
1  10.4432 10.4432 0 1
2  9.72613 10.0847 0.253534 1
3  9.92433 10.0312 0.174566 1
4  8.84245 9.73404 0.288764 1
5  12.293 10.2458 0.512747 1
6  9.50443 10.1223 0.441927 1
7  10.0833 10.1167 0.37883 1
8  12.5408 10.4197 0.436137 1
9  10.5134 10.4301 0.387802 1
10  10.0469 10.3918 0.35091 1
11  8.15339 10.1883 0.373378 1
12  11.3281 10.2833 0.354138 1
13  11.6438 10.3879 0.342012 1
14  10.6092 10.4037 0.317948 1
15  10.0348 10.3791 0.297701 1
16  10.6398 10.3954 0.27954 1
17  10.8038 10.4195 0.264127 1
18  9.90958 10.3911 0.250967 1
19  10.1536 10.3786 0.23807 1
20  9.09761 10.3146 0.234624 1
1  7.98832 7.98832 0 1
2  8.24994 8.11913 0.0924955 1
3  8.04819 8.09548 0.0646159 1
4  8.64912 8.23389 0.129292 1
5  8.97684 8.38248 0.16841 1
6  8.17223 8.34744 0.143941 1
7  8.8386 8.4176 0.139435 1
8  8.1406 8.38298 0.126232 1
9  8.43161 8.38838 0.112322 1
10  8.48418 8.39796 0.101497 1
11  8.25587 8.38504 0.0930884 1
12  8.62637 8.40516 0.0874763 1
13  8.96207 8.44799 0.0906322 1
14  8.48072 8.45033 0.0841886 1
15  8.3078 8.44083 0.0791105 1
16  8.84292 8.46596 0.0780557 1
17  9.10051 8.50329 0.0819043 1
18  8.24709 8.48905 0.078581 1
19  8.99431 8.51565 0.0788163 1
20  8.22303 8.50102 0.0762214 1
1  8.0578 8.0578 0 1
2  7.4025 7.73015 0.231685 1
3  7.06537 7.50855 0.237892 1
4  6.58454 7.27755 0.268058 1
5  7.31382 7.28481 0.214544 1
6  7.11791 7.25699 0.180581 1
7  7.73059 7.32465 0.166978 1
8  7.51141 7.34799 0.147729 1
9  7.57774 7.37352 0.133502 1
10  7.1285 7.34902 0.122379 1
11  7.4828 7.36118 0.111857 1
12  7.59355 7.38054 0.104198 1
13  6.13425 7.28468 0.133173 1
14  7.37418 7.29107 0.123814 1
15  6.77138 7.25642 0.120309 1
16  7.08067 7.24544 0.11329 1
17  6.87789 7.22382 0.10867 1
18  7.45452 7.23664 0.103385 1
19  7.49359 7.25016 0.0988247 1
20  7.82964 7.27913 0.0980389 1
1  6.20668 6.20668 0 1
2  6.1606 6.18364 0.0162917 1
3  6.56201 6.30977 0.10355 1
4  5.94478 6.21852 0.110797 1
5  5.79948 6.13471 0.116084 1
6  6.41131 6.18081 0.105494 1
7  6.41251 6.21391 0.0954754 1
8  6.29749 6.22436 0.0841106 1
9  6.10823 6.21145 0.0757482 1
10  6.44802 6.23511 0.0717725 1
11  6.10527 6.22331 0.0662112 1
12  6.55854 6.25124 0.0663259 1
13  6.41842 6.2641 0.0624581 1
14  5.95243 6.24184 0.0618372 1
15  6.75882 6.27631 0.0666306 1
16  6.25616 6.27505 0.0624781 1
17  6.50273 6.28844 0.0602213 1
18  6.891 6.32192 0.0655225 1
19  6.17502 6.31419 0.0625284 1
20  6.70888 6.33392 0.0624386 1
1  5.37797 5.37797 0 1
2  5.54769 5.46283 0.0600064 1
3  5.39242 5.43936 0.0443574 1
4  5.51135 5.45736 0.0367375 1
5  5.81191 5.52827 0.069902 1
6  5.66296 5.55072 0.0617512 1
7  5.48478 5.5413 0.0536433 1
8  6.02169 5.60135 0.073201 1
9  6.10082 5.65684 0.0834956 1
10  5.39824 5.63098 0.0790494 1
11  6.74333 5.73211 0.120252 1
12  5.15716 5.68419 0.119395 1
13  5.17035 5.64467 0.11657 1
14  5.67161 5.64659 0.108259 1
15  5.87055 5.66152 0.102066 1
16  5.60919 5.65825 0.0957394 1
17  5.41222 5.64378 0.091195 1
18  5.29873 5.62461 0.0881203 1
19  5.85088 5.63652 0.0842832 1
20  5.69067 5.63923 0.0801126 1
1  4.81472 4.81472 0 1
2  4.59354 4.70413 0.0781974 1
3  5.59192 5.00006 0.247186 1
4  5.39862 5.0997 0.204488 1
5  5.03242 5.08625 0.164033 1
6  4.82069 5.04199 0.14254 1
7  4.77585 5.00397 0.127147 1
8  4.87999 4.98847 0.112194 1
9  4.96508 4.98587 0.0997578 1
10  4.96458 4.98374 0.0898048 1
11  4.64956 4.95336 0.0866271 1
12  5.65416 5.01176 0.0971186 1
13  4.9432 5.00649 0.089791 1
14  4.81937 4.99312 0.0843663 1
15  5.29526 5.01326 0.0811108 1
16  5.25591 5.02843 0.0774461 1
17  4.95249 5.02396 0.0730192 1
18  4.8205 5.01266 0.069832 1
19  5.07391 5.01588 0.066231 1
20  5.1762 5.0239 0.0634027 1
1  4.36878 4.36878 0 1
2  4.68804 4.52841 0.112875 1
3  4.61415 4.55699 0.0787858 1
4  4.58102 4.563 0.0593179 1
5  4.56201 4.5628 0.0474546 1
6  4.09309 4.48451 0.0816764 1
7  4.71699 4.51773 0.076463 1
8  3.90472 4.4411 0.0980503 1
9  4.44421 4.44145 0.0871564 1
10  4.33184 4.43048 0.079127 1
11  4.6539 4.4508 0.0744947 1
12  4.52309 4.45682 0.06853 1
13  4.38309 4.45115 0.0634927 1
14  4.62167 4.46333 0.0601144 1
15  4.40915 4.45972 0.0562151 1
16  4.36246 4.45364 0.0530293 1
17  4.23605 4.44084 0.0514314 1
18  4.57751 4.44843 0.0491314 1
19  4.49038 4.45064 0.0465951 1
20  3.90386 4.4233 0.0516669 1
1  3.81288 3.81288 0 1
2  4.15524 3.98406 0.121043 1
3  3.63834 3.86882 0.123956 1
4  4.23119 3.95941 0.121647 1
5  3.91592 3.95071 0.0976282 1
6  4.08785 3.97357 0.0839898 1
7  3.7592 3.94294 0.0773731 1
8  3.92633 3.94087 0.0677294 1
9  3.98163 3.9454 0.0603551 1
10  4.27044 3.9779 0.0624622 1
11  4.13498 3.99218 0.0583933 1
12  3.94541 3.98828 0.0536572 1
13  3.91597 3.98272 0.0498172 1
14  4.28895 4.0046 0.0508346 1
15  4.30541 4.02465 0.051249 1
16  3.92923 4.01869 0.0483917 1
17  3.69792 3.99982 0.0490861 1
18  4.20072 4.01098 0.0476111 1
19  4.02625 4.01178 0.045112 1
20  4.30894 4.02664 0.0452371 1
1  3.55969 3.55969 0 1
2  3.85061 3.70515 0.102857 1
3  3.81194 3.74075 0.0744773 1
4  3.8554 3.76941 0.0611256 1
5  3.7589 3.76731 0.0489366 1
6  3.74799 3.76409 0.0408862 1
7  3.62367 3.74403 0.0396624 1
8  3.89011 3.76229 0.0386803 1
9  3.86078 3.77323 0.035897 1
10  3.70433 3.76634 0.032962 1
11  3.80288 3.76966 0.0301324 1
12  3.73117 3.76646 0.0277916 1
13  3.55327 3.75006 0.0301055 1
14  3.71988 3.7479 0.0280322 1
15  3.50103 3.73144 0.030616 1
16  3.44606 3.71361 0.0334977 1
17  3.74183 3.71527 0.0315684 1
18  3.73194 3.71619 0.0298282 1
19  3.64252 3.71232 0.0285092 1
20  3.90849 3.72212 0.0287216 1
1  3.07765 3.07765 0 1
2  3.10382 3.09073 0.00925419 1
3  3.43166 3.20438 0.0929936 1
4  3.44375 3.26422 0.0868926 1
5  3.115 3.23438 0.0744631 1
6  3.28394 3.24264 0.0625091 1
7  3.33648 3.25604 0.0549981 1
8  3.31829 3.26382 0.0486706 1
9  3.25566 3.26292 0.0432713 1
10  3.25192 3.26182 0.0389581 1
11  2.93297 3.23192 0.0454623 1
12  3.53861 3.25748 0.0483266 1
13  3.05701 3.24206 0.0470051 1
14  3.21977 3.24047 0.0436746 1
15  3.23332 3.23999 0.0407655 1
16  3.20565 3.23784 0.0382741 1
17  3.62915 3.26086 0.0423827 1
18  3.45872 3.27185 0.0414291 1
19  3.25976 3.27122 0.0392535 1
20  3.31327 3.27332 0.0373471 1
1  3.04431 3.04431 0 1
2  3.02043 3.03237 0.00844083 1
3  2.92704 2.99726 0.0292147 1
4  3.03611 3.00697 0.0234698 1
5  2.95661 2.9969 0.0208257 1
6  2.8859 2.9784 0.0242159 1
7  2.67402 2.93492 0.0452928 1
8  3.15643 2.96261 0.0473446 1
9  2.9989 2.96664 0.0422555 1
10  2.64991 2.93497 0.0484679 1
11  2.95769 2.93703 0.0441057 1
12  2.92997 2.93644 0.0404342 1
13  2.71447 2.91937 0.04077 1
14  3.14835 2.93572 0.0410076 1
15  2.82769 2.92852 0.0389011 1
16  3.07639 2.93776 0.0375515 1
17  2.89759 2.9354 0.0354169 1
18  3.20455 2.95035 0.0364694 1
19  2.90643 2.94804 0.0346231 1
20  3.02621 2.95195 0.0331118 1
1  2.92265 2.92265 0 1
2  2.69248 2.80757 0.0813787 1
3  2.83965 2.81826 0.0549508 1
4  2.68823 2.78575 0.0499114 1
5  2.90836 2.81028 0.0455566 1
6  2.64696 2.78306 0.0453722 1
7  2.865 2.79476 0.0403725 1
8  2.71311 2.78456 0.0365934 1
9  2.86477 2.79347 0.0335952 1
10  2.69271 2.78339 0.0317107 1
11  2.7771 2.78282 0.028833 1
12  2.82903 2.78667 0.0266861 1
13  2.94013 2.79848 0.0271187 1
14  2.69717 2.79124 0.0261292 1
15  2.75906 2.78909 0.0244752 1
16  2.70682 2.78395 0.0234794 1
17  2.88855 2.79011 0.0228903 1
18  2.87096 2.7946 0.0220549 1
19  2.72267 2.79081 0.0212165 1
20  2.53705 2.77812 0.0236472 1
1  2.60774 2.60774 0 1
2  2.46832 2.53803 0.0492938 1
3  2.60521 2.56042 0.0376064 1
4  2.51123 2.54813 0.0301487 1
5  2.4433 2.52716 0.0305514 1
6  2.26355 2.48323 0.0475051 1
7  2.55204 2.49306 0.0417234 1
8  2.39219 2.48045 0.0383658 1
9  2.556 2.48884 0.0350093 1
10  2.41996 2.48195 0.0321789 1
11  2.421 2.47641 0.0297268 1
12  2.55927 2.48332 0.02804 1
13  2.63214 2.49477 0.028123 1
14  2.52662 2.49704 0.0262062 1
15  2.7713 2.51532 0.0301706 1
16  2.95083 2.54254 0.0386603 1
17  2.78094 2.55657 0.0388463 1
18  2.41597 2.54876 0.0374652 1
19  2.45511 2.54383 0.0358161 1
20  2.47943 2.54061 0.0341697 1
1  2.27794 2.27794 0 1
2  2.2799 2.27892 0.000695246 1
3  2.41195 2.32326 0.0362091 1
4  2.28532 2.31378 0.028372 1
5  2.35633 2.32229 0.0239397 1
6  2.35979 2.32854 0.0207497 1
7  2.38104 2.33604 0.0190929 1
8  2.50492 2.35715 0.0258662 1
9  2.35404 2.3568 0.0229945 1
10  2.35114 2.35624 0.020702 1
11  2.29731 2.35088 0.0195009 1
12  2.27553 2.3446 0.0188596 1
13  2.46124 2.35357 0.0194262 1
14  2.49756 2.36386 0.020582 1
15  2.43799 2.3688 0.0197944 1
16  2.40104 2.37081 0.0186595 1
17  2.4177 2.37357 0.0177646 1
18  2.40307 2.37521 0.0168531 1
19  2.48999 2.38125 0.0170143 1
20  2.36843 2.38061 0.0161756 1
1  2.12974 2.12974 0 1
2  2.08344 2.10659 0.0163678 1
3  2.10642 2.10653 0.0109119 1
4  2.21156 2.13279 0.0241675 1
5  2.26002 2.15824 0.0298627 1
6  2.22243 2.16894 0.0267335 1
7  2.08633 2.15714 0.0253858 1
8  2.20633 2.16328 0.0229453 1
9  2.31271 2.17989 0.0257102 1
10  2.25684 2.18758 0.0242634 1
11  2.04086 2.17424 0.0254614 1
12  2.22986 2.17888 0.0237577 1
13  2.19029 2.17976 0.0219464 1
14  2.22194 2.18277 0.0205846 1
15  2.25427 2.18754 0.0197565 1
16  2.26496 2.19238 0.0191052 1
17  2.22043 2.19403 0.0180525 1
18  2.2381 2.19648 0.0172148 1
19  2.11286 2.19207 0.0168619 1
20  2.17172 2.19106 0.0160495 1
1  1.85725 1.85725 0 1
2  1.93481 1.89603 0.0274203 1
3  2.07064 1.95423 0.0509183 1
4  2.04502 1.97693 0.0429501 1
5  1.99202 1.97995 0.034466 1
6  1.96751 1.97787 0.028784 1
7  2.00744 1.9821 0.02498 1
8  1.97778 1.98156 0.0218634 1
9  1.85475 1.96747 0.0235404 1
10  2.0066 1.97138 0.0215092 1
11  2.08649 1.98185 0.0219523 1
12  2.00849 1.98407 0.0202349 1
13  1.91619 1.97885 0.0193402 1
14  2.15863 1.99169 0.0218095 1
15  2.08544 1.99794 0.0212323 1
16  1.95777 1.99543 0.0200532 1
17  1.93721 1.992 0.0191638 1
18  2.0493 1.99519 0.0183616 1
19  2.22115 2.00708 0.0208948 1
20  2.02138 2.00779 0.0198623 1
1  2.0226 2.0226 0 1
2  1.80576 1.91418 0.0766637 1
3  1.88947 1.90594 0.0515495 1
4  1.98086 1.92467 0.0419268 1
5  1.9492 1.92958 0.0338273 1
6  1.9146 1.92708 0.0282814 1
7  2.01863 1.94016 0.0270968 1
8  1.83855 1.92746 0.0265202 1
9  1.86353 1.92036 0.0245063 1
10  1.89159 1.91748 0.0222239 1
11  1.91796 1.91752 0.0202036 1
12  1.92501 1.91815 0.0185296 1
13  1.95547 1.92102 0.0173252 1
14  1.89944 1.91948 0.0161561 1
15  1.88599 1.91724 0.0152325 1
16  1.81804 1.91104 0.0154911 1
17  1.91699 1.91139 0.0145838 1
18  1.80332 1.90539 0.0149585 1
19  1.81206 1.90048 0.014956 1
20  2.00694 1.9058 0.0151258 1
1  1.83865 1.83865 0 1
2  1.77453 1.80659 0.0226694 1
3  1.6998 1.77099 0.0327597 1
4  1.7473 1.76507 0.0250996 1
5  1.82005 1.77607 0.0223589 1
6  1.94588 1.80437 0.0318545 1
7  1.79111 1.80248 0.0273601 1
8  1.71738 1.79184 0.0259256 1
9  1.7572 1.78799 0.0233289 1
10  1.84406 1.7936 0.0216593 1
11  1.81752 1.79577 0.0197992 1
12  1.77653 1.79417 0.018214 1
13  1.78976 1.79383 0.0168161 1
14  1.66222 1.78443 0.0180524 1
15  1.87332 1.79035 0.0177951 1
16  1.67004 1.78283 0.0182024 1
17  1.89254 1.78929 0.0182397 1
18  1.74481 1.78682 0.017393 1
19  1.84283 1.78976 0.0167255 1
20  1.78086 1.78932 0.0158952 1
1  1.71797 1.71797 0 1
2  1.65557 1.68677 0.0220633 1
3  1.75087 1.70814 0.0228181 1
4  1.58443 1.67721 0.0317837 1
5  1.68921 1.67961 0.0255174 1
6  1.69035 1.6814 0.0213272 1
7  1.64229 1.67581 0.0189981 1
8  1.69054 1.67765 0.0167122 1
9  1.71331 1.68162 0.0153176 1
10  1.747 1.68815 0.0151173 1
11  1.63572 1.68339 0.014475 1
12  1.67599 1.68277 0.0132819 1
13  1.69851 1.68398 0.0123152 1
14  1.70168 1.68525 0.0115002 1
15  1.64098 1.68229 0.0111058 1
16  1.7568 1.68695 0.011346 1
17  1.78555 1.69275 0.0120702 1
18  1.71317 1.69388 0.0114529 1
19  1.51492 1.68447 0.0142049 1
20  1.66436 1.68346 0.0135302 1
1  1.58043 1.58043 0 1
2  1.57892 1.57968 0.00053205 1
3  1.53078 1.56338 0.0133123 1
4  1.59763 1.57194 0.0124377 1
5  1.56111 1.56978 0.010137 1
6  1.54577 1.56578 0.00920306 1
7  1.65696 1.5788 0.0144108 1
8  1.64036 1.5865 0.0145192 1
9  1.69199 1.59822 0.0169907 1
10  1.48287 1.58668 0.0188039 1
11  1.65582 1.59297 0.0181145 1
12  1.58413 1.59223 0.0166199 1
13  1.61875 1.59427 0.0154661 1
14  1.63023 1.59684 0.0145731 1
15  1.62253 1.59855 0.0137018 1
16  1.73208 1.6069 0.0151757 1
17  1.6115 1.60717 0.0142854 1
18  1.56665 1.60492 0.013668 1
19  1.62663 1.60606 0.0129963 1
20  1.57237 1.60438 0.0124552 1
1  1.44388 1.44388 0 1
2  1.47736 1.46062 0.0118362 1
3  1.49534 1.47219 0.0123123 1
4  1.51027 1.48171 0.0123781 1
5  1.49156 1.48368 0.0100581 1
6  1.50635 1.48746 0.00906384 1
7  1.52015 1.49213 0.00889091 1
8  1.50984 1.49434 0.00805032 1
9  1.51271 1.49638 0.00740994 1
10  1.53118 1.49986 0.00744138 1
11  1.57239 1.50646 0.00923503 1
12  1.52124 1.50769 0.00854724 1
13  1.48866 1.50622 0.00801416 1
14  1.58432 1.5118 0.00918021 1
15  1.53669 1.51346 0.00871684 1
16  1.51699 1.51368 0.00817483 1
17  1.50508 1.51318 0.0077096 1
18  1.48579 1.51166 0.00742987 1
19  1.46425 1.50916 0.00744601 1
20  1.45598 1.5065 0.00753356 1
1  1.45323 1.45323 0 1
2  1.5166 1.48492 0.0224055 1
3  1.4301 1.46664 0.0211115 1
4  1.42846 1.4571 0.017862 1
5  1.45632 1.45694 0.0142903 1
6  1.39195 1.44611 0.0154787 1
7  1.42501 1.4431 0.0135577 1
8  1.47198 1.44671 0.0123343 1
9  1.42481 1.44427 0.0112013 1
10  1.38455 1.4383 0.011564 1
11  1.42208 1.43683 0.0106063 1
12  1.39134 1.43304 0.0103779 1
13  1.43803 1.43342 0.0095867 1
14  1.43827 1.43377 0.00890819 1
15  1.47859 1.43676 0.0088013 1
16  1.47816 1.43934 0.0086233 1
17  1.41328 1.43781 0.00825121 1
18  1.41028 1.43628 0.00793328 1
19  1.36168 1.43235 0.00843152 1
20  1.35396 1.42843 0.00887439 1
1  1.39171 1.39171 0 1
2  1.37306 1.38239 0.00659165 1
3  1.37716 1.38065 0.00461855 1
4  1.3638 1.37643 0.00502993 1
5  1.39994 1.38114 0.00582006 1
6  1.3472 1.37548 0.00708337 1
7  1.40354 1.37949 0.00711588 1
8  1.34955 1.37575 0.00714288 1
9  1.3973 1.37814 0.00673888 1
10  1.32484 1.37281 0.00789669 1
11  1.38795 1.37419 0.00729772 1
12  1.31936 1.36962 0.0079927 1
13  1.39268 1.37139 0.00757211 1
14  1.32892 1.36836 0.00761466 1
15  1.4055 1.37083 0.00749871 1
16  1.35918 1.37011 0.00706535 1
17  1.38832 1.37118 0.00673049 1
18  1.28691 1.3665 0.00781691 1
19  1.32011 1.36405 0.00777737 1
20  1.37556 1.36463 0.00740976 1
1  83.0191 83.0191 0 0
2  67.9926 75.5058 5.31266 0
3  67.3142 72.7753 4.18506 0
4  86.2768 76.1507 4.28916 0
5  77.3355 76.3876 3.43787 0
6  76.8814 76.4699 2.86588 0
7  75.1817 76.2859 2.46237 0
8  73.5994 75.9501 2.17735 0
9  81.8427 76.6048 2.03148 0
10  76.796 76.6239 1.82842 0
11  85.1238 77.3967 1.81816 0
12  79.754 77.5931 1.67723 0
13  79.3264 77.7264 1.5535 0
14  75.2468 77.5493 1.4526 0
15  65.6699 76.7573 1.55675 0
16  90.9495 77.6444 1.69341 0
17  86.3928 78.159 1.67016 0
18  72.3462 77.836 1.60829 0
19  67.8145 77.3086 1.60781 0
20  76.2763 77.257 1.52825 0
1  62.3702 62.3702 0 0
2  67.5629 64.9665 1.8359 0
3  59.3305 63.0879 1.96238 0
4  67.3083 64.143 1.73237 0
5  50.9647 61.5073 2.7346 0
6  63.514 61.8418 2.29919 0
7  65.0978 62.3069 2.01724 0
8  62.1051 62.2817 1.76524 0
9  51.3781 61.0702 1.94081 0
10  52.614 60.2246 1.92214 0
11  57.6163 59.9874 1.76197 0
12  59.9334 59.9829 1.61514 0
13  61.2986 60.0841 1.49407 0
14  61.1287 60.1588 1.38921 0
15  55.1836 59.8271 1.3356 0
16  54.83 59.5148 1.28813 0
17  68.2514 60.0287 1.31087 0
18  60.9789 60.0815 1.23911 0
19  61.9029 60.1773 1.17759 0
20  63.8949 60.3632 1.13329 0
1  51.7846 51.7846 0 0
2  41.4874 46.636 3.64062 0
3  47.8045 47.0255 2.44783 0
4  37.9569 44.7583 2.68802 0
5  46.0917 45.025 2.1636 0
6  33.9786 43.1839 2.46484 0
7  44.6203 43.3891 2.12124 0
8  41.4852 43.1512 1.86939 0
9  45.4956 43.4116 1.67973 0
10  43.5963 43.4301 1.51186 0
11  49.9804 44.0256 1.48707 0
12  48.7125 44.4162 1.41351 0
13  48.7694 44.751 1.34386 0
14  49.5606 45.0946 1.29103 0
15  33.5424 44.3244 1.41617 0
16  40.1867 44.0658 1.35106 0
17  49.2412 44.3703 1.30544 0
18  45.5679 44.4368 1.23461 0
19  44.8666 44.4594 1.16983 0
20  37.0304 44.088 1.16883 0
1  34.588 34.588 0 0
2  31.9363 33.2622 0.937506 0
3  42.3256 36.2833 2.54469 0
4  33.4392 35.5723 2.00539 0
5  38.4062 36.1391 1.6825 0
6  28.7247 34.9033 1.79955 0
7  32.1005 34.5029 1.58639 0
8  30.9675 34.061 1.44834 0
9  29.7895 33.5864 1.36296 0
10  34.6467 33.6924 1.23078 0
11  31.6893 33.5103 1.13229 0
12  37.5327 33.8455 1.08641 0
13  35.2464 33.9533 1.00817 0
14  31.3538 33.7676 0.953104 0
15  28.9507 33.4465 0.942111 0
16  36.0295 33.6079 0.896954 0
17  32.4461 33.5396 0.846792 0
18  28.121 33.2385 0.851577 0
19  25.0731 32.8088 0.908751 0
20  33.4981 32.8432 0.863967 0
1  26.2536 26.2536 0 0
2  21.6741 23.9639 1.61911 0
3  22.3343 23.4207 1.16697 0
4  21.809 23.0178 0.942224 0
5  25.4094 23.4961 0.866733 0
6  26.7106 24.0319 0.872283 0
7  24.2922 24.069 0.748463 0
8  21.8729 23.7945 0.703449 0
9  24.2233 23.8422 0.626899 0
10  25.308 23.9887 0.581094 0
11  26.2003 24.1898 0.561971 0
12  28.3176 24.5338 0.611421 0
13  29.3591 24.905 0.667617 0
14  19.9333 24.5498 0.708108 0
15  22.8517 24.4366 0.66989 0
16  21.8507 24.275 0.647225 0
17  29.384 24.5755 0.675331 0
18  24.0918 24.5487 0.638347 0
19  19.7178 24.2944 0.653427 0
20  27.7807 24.4687 0.643587 0
1  18.7397 18.7397 0 0
2  21.3897 20.0647 0.9369 0
3  19.7082 19.9459 0.632092 0
4  20.4822 20.08 0.488083 0
5  20.3118 20.1263 0.392663 0
6  21.048 20.2799 0.355999 0
7  16.9847 19.8092 0.532026 0
8  18.5961 19.6576 0.486654 0
9  19.8528 19.6792 0.433065 0
10  20.5361 19.7649 0.398144 0
11  16.3649 19.4558 0.466753 0
12  18.1927 19.3506 0.439566 0
13  19.2629 19.3438 0.405805 0
14  19.421 19.3493 0.376856 0
15  22.7254 19.5744 0.413515 0
16  17.6647 19.4551 0.404529 0
17  17.0992 19.3165 0.403772 0
18  21.2735 19.4252 0.395709 0
19  23.0292 19.6149 0.41788 0
20  20.0858 19.6384 0.397649 0
1  13.665 13.665 0 0
2  14.786 14.2255 0.396305 0
3  16.1402 14.8637 0.584262 0
4  16.0854 15.1692 0.511837 0
5  15.0894 15.1532 0.409718 0
6  14.0918 14.9763 0.377695 0
7  13.6547 14.7875 0.36791 0
8  15.1795 14.8365 0.325168 0
9  15.0278 14.8578 0.289732 0
10  15.2748 14.8995 0.263743 0
11  12.8315 14.7115 0.299363 0
12  13.1715 14.5831 0.300668 0
13  15.2787 14.6367 0.282261 0
14  14.0261 14.593 0.265446 0
15  14.4405 14.5829 0.247945 0
16  14.8949 14.6024 0.233214 0
17  16.2557 14.6996 0.238915 0
18  14.754 14.7027 0.225661 0
19  15.8566 14.7634 0.221807 0
20  14.6893 14.7597 0.210747 0
1  12.1102 12.1102 0 0
2  10.3396 11.2249 0.626021 0
3  12.5166 11.6555 0.545685 0
4  11.9506 11.7292 0.414223 0
5  12.5324 11.8899 0.361182 0
6  12.6518 12.0169 0.322538 0
7  13.0453 12.1638 0.308108 0
8  13.1428 12.2862 0.292893 0
9  10.855 12.1271 0.30043 0
10  11.7875 12.0932 0.2723 0
11  11.1243 12.0051 0.261403 0
12  14.5339 12.2158 0.313249 0
13  12.0323 12.2017 0.289471 0
14  14.3301 12.3537 0.306125 0
15  10.6723 12.2417 0.305551 0
16  13.0172 12.2901 0.290274 0
17  12.5924 12.3079 0.273743 0
18  12.0081 12.2912 0.259041 0
19  13.0857 12.3331 0.248759 0
20  14.5898 12.4459 0.26066 0
1  8.36134 8.36134 0 0
2  10.4583 9.40984 0.741403 0
3  11.591 10.1369 0.77246 0
4  11.85 10.5652 0.6879 0
5  11.367 10.7255 0.568707 0
6  10.7779 10.7343 0.47399 0
7  9.17321 10.5113 0.455729 0
8  9.95733 10.442 0.403989 0
9  10.5542 10.4545 0.359293 0
10  10.058 10.4148 0.325544 0
11  9.43078 10.3254 0.307996 0
12  11.435 10.4178 0.295884 0
13  10.4188 10.4179 0.273124 0
14  11.2104 10.4745 0.259415 0
15  9.355 10.3999 0.252628 0
16  10.2905 10.393 0.236932 0
17  10.5842 10.4043 0.223261 0
18  10.6232 10.4165 0.211189 0
19  12.2035 10.5105 0.220024 0
20  10.1713 10.4935 0.209675 0
1  9.24592 9.24592 0 0
2  8.76332 9.00462 0.170626 0
3  7.95873 8.65599 0.306542 0
4  8.35043 8.5796 0.239235 0
5  8.14095 8.49187 0.206849 0
6  9.366 8.63756 0.217716 0
7  9.25509 8.72578 0.203705 0
8  8.23428 8.66434 0.187277 0
9  7.05799 8.48586 0.236704 0
10  7.54226 8.3915 0.231077 0
11  9.76287 8.51617 0.241369 0
12  8.50107 8.51491 0.221258 0
13  8.82056 8.53842 0.205484 0
14  8.80851 8.55771 0.19171 0
15  9.49928 8.62048 0.188926 0
16  8.36528 8.60453 0.177791 0
17  7.97597 8.56756 0.171134 0
18  8.28856 8.55206 0.162327 0
19  8.43348 8.54582 0.153903 0
20  9.61098 8.59908 0.15515 0
1  7.68268 7.68268 0 0
2  7.39106 7.53687 0.103102 0
3  7.54205 7.5386 0.068749 0
4  6.98998 7.40144 0.129489 0
5  7.52421 7.426 0.105893 0
6  8.245 7.5625 0.15269 0
7  7.18595 7.5087 0.140032 0
8  6.78491 7.41823 0.148914 0
9  7.07349 7.37993 0.137206 0
10  6.77948 7.31988 0.135991 0
11  7.59717 7.34509 0.125943 0
12  7.7855 7.38179 0.120676 0
13  7.64099 7.40173 0.113029 0
14  6.88958 7.36515 0.110717 0
15  6.7877 7.32665 0.109825 0
16  6.56797 7.27923 0.112733 0
17  8.45458 7.34837 0.125525 0
18  7.36862 7.3495 0.118556 0
19  7.01185 7.33172 0.113641 0
20  6.82823 7.30655 0.110712 0
1  6.40707 6.40707 0 0
2  6.2629 6.33498 0.0509736 0
3  5.97823 6.21607 0.10287 0
4  6.7623 6.35262 0.141205 0
5  6.60198 6.4025 0.121452 0
6  6.43304 6.40759 0.101316 0
7  6.30393 6.39278 0.0879181 0
8  6.46246 6.40149 0.0773586 0
9  6.36857 6.39783 0.0688496 0
10  6.20231 6.37828 0.0646814 0
11  6.35968 6.37659 0.0588234 0
12  6.65843 6.40008 0.0584224 0
13  6.03384 6.3719 0.0603396 0
14  6.88703 6.4087 0.0663059 0
15  5.92252 6.37629 0.0693564 0
16  6.68837 6.39579 0.0677089 0
17  6.1189 6.3795 0.0656559 0
18  6.50249 6.38634 0.0623629 0
19  6.5264 6.39371 0.0595147 0
20  6.24002 6.38602 0.0570329 0
1  5.74921 5.74921 0 0
2  5.91967 5.83444 0.0602661 0
3  5.3882 5.68569 0.127922 0
4  5.50213 5.6398 0.103847 0
5  5.55813 5.62347 0.0843527 0
6  5.11123 5.53809 0.104953 0
7  5.43353 5.52316 0.0910161 0
8  5.19189 5.48175 0.088559 0
9  5.41968 5.47485 0.0789872 0
10  5.5654 5.48391 0.0716055 0
11  5.3337 5.47025 0.0663852 0
12  5.68049 5.48777 0.0631227 0
13  5.79198 5.51117 0.0624541 0
14  5.38404 5.50209 0.0586495 0
15  5.32228 5.4901 0.0559513 0
16  6.05836 5.52562 0.0627218 0
17  5.82117 5.54301 0.0613944 0
18  6.22211 5.58073 0.0686034 0
19  5.32916 5.56749 0.0662581 0
20  5.21027 5.54963 0.0653083 0
1  5.01295 5.01295 0 0
2  5.20845 5.1107 0.0691218 0
3  4.98442 5.06861 0.0574869 0
4  5.2211 5.10673 0.0543044 0
5  4.74782 5.03495 0.0775207 0
6  4.94017 5.01915 0.0661905 0
7  4.93553 5.0072 0.0578025 0
8  5.26697 5.03968 0.0589966 0
9  5.30272 5.0689 0.0592403 0
10  4.90874 5.05289 0.055439 0
11  5.31158 5.0764 0.0551623 0
12  4.946 5.06554 0.0516247 0
13  4.77407 5.04312 0.052296 0
14  5.05473 5.04395 0.0485671 0
15  5.07095 5.04575 0.0453626 0
16  4.84099 5.03295 0.0442959 0
17  4.70655 5.01375 0.0456622 0
18  4.88817 5.00677 0.0436552 0
19  4.89905 5.0011 0.0417241 0
20  4.92748 4.99742 0.0397999 0
1  4.57291 4.57291 0 0
2  4.7245 4.6487 0.0535963 0
3  4.21107 4.50282 0.124354 0
4  4.39877 4.47681 0.0959473 0
5  4.14917 4.41128 0.0965757 0
6  3.8705 4.32115 0.115094 0
7  4.30638 4.31904 0.0986713 0
8  3.94014 4.27168 0.0970411 0
9  4.28167 4.27279 0.0862651 0
10  4.24553 4.27006 0.0776816 0
11  3.99141 4.24473 0.0746358 0
12  4.37263 4.25539 0.0691729 0
13  4.42513 4.26845 0.0650725 0
14  4.19352 4.26309 0.0606442 0
15  4.61751 4.28672 0.0610308 0
16  4.84359 4.32153 0.0664027 0
17  4.34784 4.32307 0.0625147 0
18  4.26476 4.31983 0.0591256 0
19  4.19736 4.31339 0.056364 0
20  4.44881 4.32016 0.053951 0
1  4.11467 4.11467 0 0
2  3.56312 3.83889 0.195003 0
3  4.1514 3.94306 0.155353 0
4  3.79052 3.90492 0.121105 0
5  3.73916 3.87177 0.10132 0
6  4.0768 3.90594 0.0900118 0
7  4.00121 3.91955 0.078175 0
8  4.17322 3.95126 0.0745567 0
9  3.88987 3.94444 0.066584 0
10  4.16874 3.96687 0.0635913 0
11  3.92108 3.96271 0.0579464 0
12  3.94641 3.96135 0.0531334 0
13  4.05406 3.96848 0.0495226 0
14  3.84447 3.95962 0.0467707 0
15  3.95372 3.95923 0.0436543 0
16  4.32511 3.9821 0.0465314 0
17  3.67471 3.96401 0.0471767 0
18  4.29536 3.98242 0.048013 0
19  3.82935 3.97437 0.046157 0
20  3.83402 3.96735 0.0443794 0
1  3.82984 3.82984 0 0
2  3.51223 3.67103 0.112293 0
3  3.6199 3.65399 0.0761445 0
4  3.55945 3.63036 0.0606655 0
5  3.89804 3.68389 0.0681784 0
6  3.56389 3.66389 0.0596769 0
7  3.16316 3.59236 0.0836804 0
8  3.72169 3.60852 0.0747656 0
9  3.80385 3.63023 0.069537 0
10  3.69569 3.63677 0.0628907 0
11  3.59987 3.63342 0.0572628 0
12  3.62207 3.63247 0.0524987 0
13  3.58477 3.6288 0.0485884 0
14  3.49316 3.61912 0.0460737 0
15  3.84231 3.634 0.0453413 0
16  3.90123 3.6507 0.0454798 0
17  3.53842 3.64409 0.0432815 0
18  3.52382 3.63741 0.0413895 0
19  3.56038 3.63336 0.0394092 0
20  3.61759 3.63257 0.0374466 0
1  3.04492 3.04492 0 0
2  3.11455 3.07974 0.0246199 0
3  3.15495 3.10481 0.0262371 0
4  3.08457 3.09975 0.0201594 0
5  3.28969 3.13774 0.0376118 0
6  3.34874 3.1729 0.0448665 0
7  3.26646 3.18627 0.0403986 0
8  3.27389 3.19722 0.0368035 0
9  3.22414 3.20021 0.0328356 0
10  3.20572 3.20076 0.0295566 0
11  3.41925 3.22063 0.0328728 0
12  3.26542 3.22436 0.0303446 0
13  3.30633 3.23067 0.0286581 0
14  3.15765 3.22545 0.0270814 0
15  3.33702 3.23289 0.0262776 0
16  3.17043 3.22898 0.0249235 0
17  3.38557 3.2382 0.0251018 0
18  3.10227 3.23064 0.0248171 0
19  3.34659 3.23675 0.0242496 0
20  3.1942 3.23462 0.0231303 0
1  2.90413 2.90413 0 0
2  3.02114 2.96263 0.0413678 0
3  3.01657 2.98061 0.0312414 0
4  2.8877 2.95738 0.0308811 0
5  3.04931 2.97577 0.0296777 0
6  3.0335 2.98539 0.0262449 0
7  2.91445 2.97526 0.0243742 0
8  2.9745 2.97516 0.0213276 0
9  3.14142 2.99364 0.0257439 0
10  2.91685 2.98596 0.0242878 0
11  2.99593 2.98686 0.0220967 0
12  3.03407 2.9908 0.0206025 0
13  3.13981 3.00226 0.0219761 0
14  2.90285 2.99516 0.0215229 0
15  3.02731 2.9973 0.0201945 0
16  2.92263 2.99264 0.0194641 0
17  3.07844 2.99768 0.0189623 0
18  2.97973 2.99669 0.0179351 0
19  3.02314 2.99808 0.0170451 0
20  2.92766 2.99456 0.0165525 0
1  2.71581 2.71581 0 0
2  2.71383 2.71482 0.00070028 0
3  2.67252 2.70072 0.011523 0
4  2.72086 2.70576 0.00967995 0
5  2.81302 2.72721 0.0206909 0
6  2.83782 2.74564 0.0240935 0
7  2.79897 2.75326 0.0218229 0
8  2.76831 2.75514 0.019176 0
9  2.88297 2.76934 0.0216761 0
10  2.8868 2.78109 0.0224663 0
11  2.71851 2.7754 0.021132 0
12  2.7607 2.77418 0.0194065 0
13  2.85069 2.78006 0.0187849 0
14  3.04199 2.79877 0.0250858 0
15  2.81392 2.79978 0.0234338 0
16  2.65156 2.79052 0.0237296 0
17  2.85662 2.79441 0.0226501 0
18  2.862 2.79816 0.0217008 0
19  2.73369 2.79477 0.0208222 0
20  2.73721 2.79189 0.019979 0
1  2.42741 2.42741 0 0
2  2.56686 2.49714 0.0493051 0
3  2.60395 2.53274 0.0438807 0
4  2.60922 2.55186 0.036841 0
5  2.55543 2.55257 0.0294797 0
6  2.61207 2.56249 0.0261814 0
7  2.44962 2.54637 0.0269528 0
8  2.62694 2.55644 0.0253958 0
9  2.47684 2.54759 0.0240647 0
10  2.40695 2.53353 0.0254383 0
11  2.61099 2.54057 0.0240807 0
12  2.46639 2.53439 0.0228536 0
13  2.48054 2.53025 0.0214677 0
14  2.47214 2.5261 0.0203316 0
15  2.48766 2.52353 0.019137 0
16  2.39486 2.51549 0.0195578 0
17  2.48509 2.5137 0.0184889 0
18  2.49225 2.51251 0.0175001 0
19  2.53041 2.51345 0.0166044 0
20  2.71507 2.52354 0.0185839 0
1  2.44733 2.44733 0 0
2  2.44778 2.44756 0.000160582 0
3  2.37244 2.42252 0.0204447 0
4  2.53894 2.45162 0.0295042 0
5  2.47797 2.45689 0.0240693 0
6  2.35358 2.43967 0.0254827 0
7  2.41467 2.4361 0.0220912 0
8  2.31449 2.4209 0.0239965 0
9  2.3268 2.41045 0.0234979 0
10  2.28929 2.39833 0.02407 0
11  2.32411 2.39158 0.0228079 0
12  2.4767 2.39868 0.0219825 0
13  2.26696 2.38854 0.0225056 0
14  2.33693 2.38486 0.0211978 0
15  2.26289 2.37673 0.0212871 0
16  2.40873 2.37873 0.0200504 0
17  2.30338 2.37429 0.0193547 0
18  2.43422 2.37762 0.0185636 0
19  2.28423 2.37271 0.0182258 0
20  2.34169 2.37116 0.0173803 0
1  2.02723 2.02723 0 0
2  2.20502 2.11613 0.0628583 0
3  2.13335 2.12187 0.0421669 0
4  2.21862 2.14606 0.0379336 0
5  2.17972 2.15279 0.0309385 0
6  2.26226 2.17104 0.0306937 0
7  2.15565 2.16884 0.0263875 0
8  2.13092 2.1641 0.0235109 0
9  2.17426 2.16523 0.0209257 0
10  2.28772 2.17748 0.0221297 0
11  2.19996 2.17952 0.0202121 0
12  2.15963 2.17786 0.0185956 0
13  2.18705 2.17857 0.0171786 0
14  2.16866 2.17786 0.0159661 0
15  2.20408 2.17961 0.0149971 0
16  2.20503 2.1812 0.0141437 0
17  2.42935 2.1958 0.0194356 0
18  2.16034 2.19383 0.0184554 0
19  2.2344 2.19596 0.0176071 0
20  2.28592 2.20046 0.0172918 0
1  1.96141 1.96141 0 0
2  2.03658 1.99899 0.0265769 0
3  2.00869 2.00223 0.0179136 0
4  2.0803 2.02174 0.0215918 0
5  2.10893 2.03918 0.0232723 0
6  2.04512 2.04017 0.0194146 0
7  1.97113 2.03031 0.0189816 0
8  2.02687 2.02988 0.0166138 0
9  2.03625 2.03058 0.0147829 0
10  2.09468 2.03699 0.0146283 0
11  1.96437 2.03039 0.0147132 0
12  2.14141 2.03964 0.0161355 0
13  2.00257 2.03679 0.0151441 0
14  2.00104 2.03424 0.0142761 0
15  2.03535 2.03431 0.0133246 0
16  2.0939 2.03804 0.0130018 0
17  2.10893 2.04221 0.0128884 0
18  2.04073 2.04212 0.0121726 0
19  2.00966 2.04042 0.0116513 0
20  2.02674 2.03973 0.0110888 0
1  1.80586 1.80586 0 0
2  1.98214 1.894 0.0623219 0
3  1.93 1.906 0.0426879 0
4  2.01478 1.9332 0.0397453 0
5  1.9276 1.93208 0.031812 0
6  1.83488 1.91588 0.0303553 0
7  1.79166 1.89813 0.0307716 0
8  2.03308 1.915 0.0312079 0
9  1.97685 1.92187 0.0284868 0
10  1.77085 1.90677 0.0293699 0
11  1.859 1.90243 0.0270191 0
12  1.81411 1.89507 0.0257505 0
13  1.86735 1.89294 0.0238578 0
14  1.84173 1.88928 0.0224323 0
15  1.82066 1.8847 0.0213981 0
16  1.869 1.88372 0.0200832 0
17  1.9056 1.88501 0.0189431 0
18  1.83447 1.8822 0.0180975 0
19  1.83103 1.87951 0.0173443 0
20  1.87273 1.87917 0.0164804 0
1  1.74431 1.74431 0 0
2  1.76816 1.75623 0.00843356 0
3  1.79653 1.76966 0.0123235 0
4  1.77179 1.7702 0.00925416 0
5  1.9212 1.8004 0.0280081 0
6  1.70607 1.78468 0.0273996 0
7  1.77933 1.78391 0.023496 0
8  1.63636 1.76547 0.0268392 0
9  1.72383 1.76084 0.0242526 0
10  1.77733 1.76249 0.0218833 0
11  1.76394 1.76262 0.0198943 0
12  1.806 1.76624 0.018562 0
13  1.92364 1.77834 0.0207102 0
14  1.79678 1.77966 0.0192727 0
15  1.72212 1.77582 0.0183657 0
16  1.7376 1.77344 0.0173725 0
17  1.76411 1.77289 0.0163593 0
18  1.84751 1.77703 0.0159671 0
19  1.74245 1.77521 0.0152301 0
20  1.76111 1.77451 0.0144849 0
1  1.64733 1.64733 0 0
2  1.80423 1.72578 0.0554702 0
3  1.65655 1.7027 0.0415035 0
4  1.72585 1.70849 0.0315284 0
5  1.66065 1.69892 0.0266348 0
6  1.77045 1.71084 0.0247202 0
7  1.74882 1.71627 0.021776 0
8  1.75543 1.72116 0.0195965 0
9  1.66487 1.71491 0.0183902 0
10  1.76177 1.7196 0.0171378 0
11  1.66512 1.71464 0.0162798 0
12  1.68095 1.71184 0.0151634 0
13  1.64352 1.70658 0.0148797 0
14  1.69714 1.70591 0.0138321 0
15  1.68495 1.70451 0.0129803 0
16  1.56912 1.69605 0.0146701 0
17  1.657 1.69375 0.0139859 0
18  1.68363 1.69319 0.0132202 0
19  1.61798 1.68923 0.0131035 0
20  1.69117 1.68933 0.0124487 0
1  1.53572 1.53572 0 0
2  1.63939 1.58756 0.0366549 0
3  1.56638 1.5805 0.0251069 0
4  1.65698 1.59962 0.0250754 0
5  1.59078 1.59785 0.0201226 0
6  1.57542 1.59411 0.0171125 0
7  1.5503 1.58785 0.015771 0
8  1.6063 1.59016 0.0139671 0
9  1.64251 1.59598 0.0135726 0
10  1.5322 1.5896 0.0136317 0
11  1.65568 1.59561 0.0136523 0
12  1.64184 1.59946 0.0130469 0
13  1.47299 1.58973 0.015245 0
14  1.6171 1.59169 0.0142808 0
15  1.5915 1.59167 0.0133288 0
16  1.55722 1.58952 0.0126685 0
17  1.66271 1.59383 0.0126337 0
18  1.56469 1.59221 0.012035 0
19  1.57236 1.59116 0.0114469 0
20  1.59387 1.5913 0.0108753 0
1  1.43998 1.43998 0 0
2  1.51164 1.47581 0.0253353 0
3  1.52392 1.49185 0.0213722 0
4  1.54088 1.50411 0.0192258 0
5  1.62561 1.52841 0.0266267 0
6  1.53356 1.52926 0.0222027 0
7  1.47467 1.52147 0.0203547 0
8  1.46041 1.51383 0.0191878 0
9  1.53193 1.51584 0.0171608 0
10  1.4208 1.50634 0.0178839 0
11  1.47923 1.50388 0.0164271 0
12  1.52268 1.50544 0.0151327 0
13  1.48992 1.50425 0.0140157 0
14  1.49074 1.50328 0.0130478 0
15  1.48597 1.50213 0.0122289 0
16  1.51419 1.50288 0.0114877 0
17  1.55308 1.50584 0.0111851 0
18  1.51418 1.5063 0.0105733 0
19  1.46197 1.50397 0.010271 0
20  1.60056 1.5088 0.0108337 0
1  1.53015 1.53015 0 0
2  1.40222 1.46618 0.0452287 0
3  1.36962 1.434 0.0399975 0
4  1.45961 1.4404 0.0305062 0
5  1.49047 1.45041 0.0259967 0
6  1.39062 1.44045 0.0234964 0
7  1.51207 1.45068 0.0222565 0
8  1.38193 1.44209 0.0210683 0
9  1.47395 1.44563 0.0190225 0
10  1.34258 1.43532 0.0197145 0
11  1.48233 1.4396 0.0183796 0
12  1.46885 1.44203 0.0170089 0
13  1.47762 1.44477 0.0159192 0
14  1.40694 1.44207 0.0150098 0
15  1.41757 1.44044 0.0140977 0
16  1.39183 1.4374 0.01354 0
17  1.40574 1.43553 0.012871 0
18  1.38903 1.43295 0.0124125 0
19  1.38688 1.43053 0.0119937 0
20  1.40308 1.42915 0.0114723 0
1  1.33412 1.33412 0 0
2  1.35259 1.34335 0.00653225 0
3  1.3225 1.3364 0.00715479 0
4  1.3731 1.34558 0.00958779 0
5  1.33392 1.34324 0.00794859 0
6  1.4265 1.35712 0.0142937 0
7  1.35605 1.35697 0.0122525 0
8  1.3487 1.35593 0.0107644 0
9  1.32372 1.35236 0.0101459 0
10  1.30221 1.34734 0.0102961 0
11  1.41233 1.35325 0.0109244 0
12  1.35546 1.35343 0.0100156 0
13  1.37586 1.35516 0.00939253 0
14  1.28026 1.34981 0.0101312 0
15  1.33548 1.34885 0.00950072 0
16  1.33763 1.34815 0.00893279 0
17  1.3856 1.35035 0.00867464 0
18  1.36143 1.35097 0.00821452 0
19  1.38103 1.35255 0.00793309 0
20  1.30909 1.35038 0.00782839 0
