1  0.082356 0.082356 0 1
2  0.203164 0.14276 0.0427121 1
3  -0.199788 0.0285773 0.0974813 1
4  0.29458 0.095078 0.0930697 1
5  -0.12444 0.0511744 0.0841765 1
6  0.163468 0.06989 0.0721977 1
7  -0.401896 0.002492 0.0878815 1
8  0.58954 0.075873 0.103076 1
9  0.463344 0.118925 0.100212 1
10  0.860772 0.19311 0.1144 1
11  -0.561332 0.124524 0.122851 1
12  -0.680452 0.057443 0.129641 1
13  -0.126536 0.0432908 0.120438 1
14  0.289696 0.0608911 0.113114 1
15  -0.302644 0.0366555 0.108138 1
16  -0.81056 -0.0162955 0.113606 1
17  0.178136 -0.00485835 0.107498 1
18  0.279056 0.0109147 0.102676 1
19  -0.281068 -0.00445284 0.0984158 1
20  -0.19866 -0.0141632 0.0939728 1
1  -0.268624 -0.268624 0 1
2  -0.252836 -0.26073 0.0055819 1
3  -0.069904 -0.197121 0.0520694 1
4  -0.093224 -0.171147 0.0450673 1
5  -0.148 -0.166518 0.0362908 1
6  -0.427948 -0.210089 0.0499668 1
7  0.085076 -0.167923 0.0579509 1
8  0.179848 -0.124452 0.064998 1
9  -0.13616 -0.125752 0.057789 1
10  0.446556 -0.0685216 0.0751857 1
11  -0.026832 -0.0647316 0.0684461 1
12  -0.55776 -0.105817 0.0740537 1
13  -0.666656 -0.148959 0.0799421 1
14  -0.173268 -0.150695 0.0742508 1
15  0.51968 -0.106003 0.0816503 1
16  0.061328 -0.0955452 0.0772141 1
17  -0.677444 -0.129775 0.0798997 1
18  -0.15734 -0.131306 0.0754755 1
19  -0.392792 -0.145068 0.072747 1
20  -0.270656 -0.151348 0.0693801 1
1  0.009344 0.009344 0 1
2  0.11724 0.063292 0.038147 1
3  -0.049052 0.025844 0.03977 1
4  0.105296 0.045707 0.0344323 1
5  0.472832 0.131132 0.0812202 1
6  0.174348 0.138335 0.0680021 1
7  0.141164 0.138739 0.0582887 1
8  0.301928 0.159138 0.0544551 1
9  -0.218432 0.117185 0.0625094 1
10  0.17542 0.123009 0.0565291 1
11  -0.17566 0.0958571 0.0575425 1
12  -0.1328 0.0768023 0.0558131 1
13  0.255356 0.0905372 0.0531829 1
14  -0.0654 0.0793989 0.0505371 1
15  -0.045204 0.071092 0.0478458 1
16  -0.011004 0.065961 0.0451297 1
17  -0.131044 0.0543725 0.0439377 1
18  -0.043196 0.048952 0.0418297 1
19  -0.066816 0.0428589 0.0400695 1
20  0.0164 0.041536 0.0380878 1
1  0.256068 0.256068 0 1
2  -0.080056 0.088006 0.118838 1
3  -0.120508 0.0185013 0.0974537 1
4  -0.073096 -0.004398 0.0757329 1
5  0.272072 0.050896 0.078209 1
6  -0.001916 0.042094 0.0656676 1
7  0.09578 0.0497634 0.0567326 1
8  -0.085652 0.0328365 0.0521051 1
9  -0.077236 0.0206062 0.0477294 1
10  -0.226092 -0.0040636 0.0489183 1
11  0.13254 0.00835491 0.0460205 1
12  -0.095692 -0.000315667 0.0429945 1
13  0.000732 -0.000235077 0.0396873 1
14  -0.102888 -0.00756743 0.0375237 1
15  -0.056236 -0.010812 0.0351621 1
16  -0.164012 -0.020387 0.0342434 1
17  0.0926 -0.0137407 0.0328677 1
18  0.032352 -0.01118 0.0311413 1
19  0.17332 -0.00146947 0.0309793 1
20  -0.138336 -0.0083128 0.0301767 1
1  0.07624 0.07624 0 1
2  -0.064568 0.005836 0.0497831 1
3  0.040884 0.0175187 0.0345324 1
4  -0.034684 0.004468 0.028258 1
5  0.131004 0.0297752 0.0319908 1
6  -0.287836 -0.02316 0.0551889 1
7  0.034836 -0.0148749 0.0479226 1
8  0.013364 -0.011345 0.0420621 1
9  -0.021448 -0.0124676 0.0374035 1
10  -0.177872 -0.029008 0.0371408 1
11  0.035504 -0.0231433 0.0342242 1
12  -0.213068 -0.0389703 0.0348402 1
13  -0.070336 -0.0413831 0.0322436 1
14  0.07592 -0.0330043 0.03101 1
15  -0.156144 -0.0412136 0.0300097 1
16  0.004556 -0.038353 0.0282701 1
17  0.129512 -0.0284786 0.0282791 1
18  -0.143264 -0.0348556 0.0274176 1
19  0.0464 -0.0305789 0.026306 1
20  0.126936 -0.0227032 0.0261431 1
1  0.104956 0.104956 0 1
2  -0.080564 0.012196 0.0655912 1
3  0.200856 0.0750827 0.0674432 1
4  0.1902 0.103862 0.0563894 1
5  -0.041832 0.0747232 0.052099 1
6  0.038112 0.0686213 0.0437717 1
7  -0.057376 0.0506217 0.041053 1
8  -0.018504 0.041981 0.0368195 1
9  0.112396 0.0498049 0.0335494 1
10  0.077648 0.0525892 0.0303098 1
11  -0.10836 0.0379575 0.0308847 1
12  -0.009052 0.03404 0.0285584 1
13  0.012716 0.0323997 0.0264086 1
14  0.025024 0.0318729 0.0245276 1
15  -0.0464 0.0266547 0.0234409 1
16  -0.083564 0.019766 0.0229657 1
17  0.096164 0.02426 0.0220501 1
18  -0.009432 0.0223882 0.0209044 1
19  0.091376 0.0260192 0.0201171 1
20  0.06124 0.0277802 0.0191881 1
1  0.08352 0.08352 0 1
2  0.006592 0.045056 0.0271982 1
3  -0.172252 -0.02738 0.0618608 1
4  0.125244 0.010776 0.0569602 1
5  -0.006688 0.0072832 0.0456751 1
6  -0.034924 0.000248667 0.0386005 1
7  -0.07578 -0.0106126 0.0345804 1
8  -0.049824 -0.015514 0.0306033 1
9  -0.12348 -0.0275102 0.0294604 1
10  -0.023444 -0.0271036 0.0265172 1
11  -0.09972 -0.0337051 0.0249147 1
12  0.000816 -0.0308283 0.023004 1
13  -0.045232 -0.0319363 0.0212611 1
14  0.04264 -0.0266094 0.0203989 1
15  -0.087028 -0.0306373 0.0194325 1
16  -0.059144 -0.032419 0.0182995 1
17  0.0906 -0.0251826 0.0185989 1
18  0.005012 -0.0235051 0.0176411 1
19  0.042932 -0.0200084 0.0170557 1
20  -0.024476 -0.0202318 0.0162043 1
1  0.020772 0.020772 0 1
2  0.063516 0.042144 0.0151123 1
3  0.06492 0.049736 0.0118291 1
4  0.023844 0.043263 0.0104945 1
5  -0.09598 0.0154144 0.0262854 1
6  0.041512 0.019764 0.0222615 1
7  0.047944 0.0237897 0.0194418 1
8  0.080248 0.030847 0.0182476 1
9  -0.039488 0.023032 0.0178151 1
10  0.042224 0.0249512 0.0161367 1
11  -0.065276 0.0167487 0.0166242 1
12  0.088176 0.022701 0.0162696 1
13  0.019528 0.0224569 0.0150199 1
14  0.007064 0.0213574 0.0139873 1
15  0.104184 0.0268792 0.0141026 1
16  0.018768 0.0263723 0.0132303 1
17  0.000536 0.0248525 0.0125391 1
18  0.07916 0.0278696 0.0122 1
19  -0.045252 0.0240211 0.0121498 1
20  -0.000672 0.0227864 0.0116048 1
1  0.038996 0.038996 0 1
2  0.00462 0.021808 0.0121538 1
3  -0.037648 0.00198933 0.0180971 1
4  0.059756 0.016431 0.0184565 1
5  -0.026328 0.0078792 0.0166288 1
6  -0.032872 0.00108733 0.0151811 1
7  0.040824 0.006764 0.0140337 1
8  -0.017628 0.003715 0.0126063 1
9  0.067972 0.0108547 0.013072 1
10  0.022332 0.0120024 0.0118151 1
11  -0.011908 0.00982873 0.0109391 1
12  0.01478 0.0102413 0.0100353 1
13  -0.041672 0.006248 0.0100264 1
14  -0.027828 0.003814 0.00960116 1
15  0.006472 0.0039912 0.00896272 1
16  -0.011704 0.00301025 0.00845606 1
17  0.094816 0.00841059 0.00952828 1
18  -0.01872 0.00690333 0.00911737 1
19  -0.014012 0.00580253 0.00870371 1
20  0.016896 0.0063572 0.00828618 1
1  -0.016784 -0.016784 0 1
2  -0.014916 -0.01585 0.000660438 1
3  0.040456 0.00291867 0.0153309 1
4  0.034544 0.010825 0.0133825 1
5  -0.038804 0.0008992 0.0139081 1
6  0.002956 0.001242 0.0115943 1
7  0.083924 0.0130537 0.0147766 1
8  -0.057528 0.004231 0.015339 1
9  0.095444 0.0143658 0.0166495 1
10  -0.032976 0.0096316 0.0156431 1
11  -0.007312 0.00809127 0.0142966 1
12  0.05158 0.0117153 0.0135568 1
13  0.011196 0.0116754 0.012514 1
14  0.039636 0.0136726 0.0117785 1
15  -0.01708 0.0116224 0.0111702 1
16  0.017536 0.011992 0.0104782 1
17  0.0151 0.0121748 0.00986344 1
18  -0.068572 0.00768889 0.0102851 1
19  0.021368 0.00840884 0.00976896 1
20  -0.0644 0.0047684 0.0099357 1
1  -0.046192 -0.046192 0 1
2  0.036464 -0.004864 0.0292233 1
3  0.019572 0.00328133 0.0205861 1
4  0.06164 0.017871 0.0199505 1
5  -0.018744 0.010548 0.0172521 1
6  0.016616 0.0115593 0.0144064 1
7  0.020988 0.0129063 0.0124112 1
8  -0.001808 0.011067 0.0109952 1
9  0.05598 0.0160573 0.010847 1
10  -0.01344 0.0131076 0.0101555 1
11  0.008184 0.01266 0.00924211 1
12  -0.008568 0.010891 0.00863958 1
13  0.031056 0.0124422 0.00811305 1
14  -0.000816 0.0114951 0.00758861 1
15  0.007356 0.0112192 0.00708772 1
16  -0.020812 0.00921725 0.00692169 1
17  0.036052 0.0107958 0.00669211 1
18  0.025688 0.0116231 0.00637126 1
19  0.02198 0.0121682 0.00605921 1
20  -0.042708 0.0094244 0.00634716 1
1  0.051104 0.051104 0 1
2  0.005432 0.028268 0.0161475 1
3  0.017668 0.0247347 0.0111449 1
4  -0.00148 0.018181 0.0101035 1
5  -0.015352 0.0114744 0.0100655 1
6  -0.011492 0.00764667 0.00908661 1
7  -0.006816 0.00558057 0.00801998 1
8  -0.024692 0.0017965 0.00785967 1
9  -0.029676 -0.00170044 0.00772523 1
10  0.038612 0.0023308 0.00793511 1
11  0.037324 0.005512 0.00782548 1
12  0.049972 0.009217 0.00800251 1
13  0.02178 0.0101834 0.00744505 1
14  -0.019596 0.00805629 0.00721072 1
15  0.031772 0.00963733 0.00690117 1
16  0.02512 0.010605 0.00653733 1
17  -0.00896 0.00945412 0.00625327 1
18  0.015312 0.00977956 0.00591433 1
19  0.011048 0.00984632 0.00560342 1
20  -0.006496 0.0090292 0.0053825 1
1  0.00708 0.00708 0 1
2  0.026108 0.016594 0.00672741 1
3  0.038088 0.0237587 0.00737132 1
4  0.00244 0.018429 0.00720196 1
5  0.020336 0.0188104 0.00577166 1
6  0.010608 0.0174433 0.00496898 1
7  0.012368 0.0167183 0.0043117 1
8  0.075048 0.0240095 0.00779424 1
9  0.011932 0.0226676 0.00704278 1
10  -0.007752 0.0196256 0.00696454 1
11  0.056908 0.0230149 0.00710843 1
12  -0.00304 0.0208437 0.00683962 1
13  0.010504 0.0200483 0.00635957 1
14  -0.009724 0.0179217 0.00625077 1
15  0.041732 0.0195091 0.00603224 1
16  0.008288 0.0188078 0.00569585 1
17  0.029572 0.0194409 0.00539588 1
18  -0.066524 0.0146651 0.00689287 1
19  0.025136 0.0152162 0.00655208 1
20  -0.010328 0.013939 0.00634774 1
1  0.017728 0.017728 0 1
2  0.0007 0.009214 0.00602031 1
3  0.00322 0.007216 0.00433242 1
4  -0.03338 -0.002933 0.00937068 1
5  0.003432 -0.00166 0.00758252 1
6  0.027596 0.003216 0.00772914 1
7  -0.006556 0.00182 0.00674987 1
8  0.006516 0.002407 0.00593161 1
9  0.012908 0.00357378 0.00538607 1
10  -0.010244 0.002192 0.00502158 1
11  0.006352 0.00257018 0.00457929 1
12  0.02932 0.00479933 0.0047091 1
13  0.005752 0.00487262 0.00434743 1
14  -0.014864 0.00346286 0.00425934 1
15  0.01216 0.00404267 0.00401466 1
16  0.03 0.005665 0.00407838 1
17  0.038988 0.00762518 0.00428371 1
18  0.028684 0.00879511 0.00420245 1
19  0.006576 0.00867832 0.0039829 1
20  0.005964 0.0085426 0.00378606 1
1  -0.002832 -0.002832 0 1
2  -0.010008 -0.00642 0.0025371 1
3  0.032456 0.00653867 0.010715 1
4  0.046148 0.016441 0.0117526 1
5  -0.004048 0.0123432 0.0100912 1
6  0.000948 0.010444 0.00858622 1
7  0.030996 0.01338 0.00784555 1
8  0.003584 0.0121555 0.00695975 1
9  0.036924 0.0149076 0.00670853 1
10  0.030932 0.01651 0.00622612 1
11  -0.02354 0.0128691 0.00663988 1
12  0.048304 0.015822 0.00671112 1
13  -0.013532 0.013564 0.00656376 1
14  -0.008308 0.0120017 0.00627809 1
15  0.018988 0.0124675 0.0058768 1
16  0.019824 0.0129273 0.00552746 1
17  0.059044 0.01564 0.00583011 1
18  0.0475 0.01741 0.00576865 1
19  0.011568 0.0171025 0.00547322 1
20  0.03708 0.0181014 0.00528992 1
1  -0.007976 -0.007976 0 1
2  -0.014072 -0.011024 0.00215526 1
3  0.004792 -0.005752 0.00453804 1
4  0.0179 0.000161 0.00614872 1
5  0.002608 0.0006504 0.00493841 1
6  0.00816 0.001902 0.004271 1
7  0.004352 0.002252 0.00367517 1
8  0.022668 0.004804 0.00400498 1
9  0.028444 0.00743067 0.00433661 1
10  0.011912 0.0078788 0.00392604 1
11  0.03088 0.00996982 0.00408822 1
12  0.043776 0.012787 0.00461727 1
13  -0.005544 0.0113769 0.00447223 1
14  -0.01146 0.00974571 0.00444031 1
15  0.002952 0.0092928 0.00416733 1
16  -0.000372 0.00868875 0.0039504 1
17  -0.007984 0.007708 0.00383784 1
18  -0.01268 0.00657533 0.00378808 1
19  0.056936 0.00922589 0.00441979 1
20  -0.023392 0.007595 0.00448963 1
1  0.000928 0.000928 0 1
2  0.007096 0.004012 0.00218072 1
3  0.040492 0.016172 0.0100345 1
4  0.02016 0.017169 0.00757522 1
5  -0.00538 0.0126592 0.00727986 1
6  0.007476 0.0117953 0.00611759 1
7  0.033112 0.0148406 0.00595353 1
8  0.00612 0.0137505 0.0053082 1
9  0.03682 0.0163138 0.00530129 1
10  0.004008 0.0150832 0.00491191 1
11  0.004136 0.014088 0.00456508 1
12  0.033864 0.015736 0.00447224 1
13  0.013468 0.0155615 0.00413162 1
14  0.00646 0.0149114 0.00388731 1
15  0.017444 0.0150803 0.00363183 1
16  0.00548 0.0144803 0.00345405 1
17  0.024832 0.0150892 0.0033041 1
18  0.009036 0.0147529 0.00313761 1
19  0.003332 0.0141518 0.0030295 1
20  0.016108 0.0142496 0.00287961 1
1  0.001776 0.001776 0 1
2  0.026072 0.013924 0.00858993 1
3  0.016164 0.0146707 0.00575898 1
4  0.024192 0.017051 0.00478595 1
5  0.004376 0.014516 0.00444976 1
6  0.024268 0.0161413 0.00399396 1
7  0.005132 0.0145686 0.00372019 1
8  0.025484 0.015933 0.00349644 1
9  0.01182 0.015476 0.00313767 1
10  0.009504 0.0148788 0.00288017 1
11  0.024856 0.0157858 0.00275746 1
12  -0.006964 0.01389 0.00311187 1
13  0.013376 0.0138505 0.00287275 1
14  -0.00964 0.0121726 0.0031193 1
15  -0.000104 0.0113541 0.00301681 1
16  0.007804 0.0111322 0.00283641 1
17  0.04484 0.0131151 0.00329041 1
18  0.006168 0.0127291 0.00313016 1
19  0.035796 0.0139432 0.00319219 1
20  0.008028 0.0136474 0.00304625 1
1  0.009312 0.009312 0 1
2  0.007172 0.008242 0.000756604 1
3  0.013976 0.0101533 0.00164009 1
4  0.028644 0.014776 0.00418806 1
5  0.000772 0.0119752 0.00418343 1
6  0.00934 0.011536 0.00350917 1
7  0.002564 0.0102543 0.00323347 1
8  0.0291 0.01261 0.00358617 1
9  0.006104 0.0118871 0.00325975 1
10  0.004712 0.0111696 0.0030117 1
11  0.016268 0.0116331 0.00277335 1
12  -0.008564 0.00995 0.00300993 1
13  0.016108 0.0104237 0.00281543 1
14  0.000328 0.00970257 0.0027051 1
15  0.028144 0.010932 0.00279019 1
16  0.028364 0.0120215 0.0028205 1
17  0.005268 0.0116242 0.00268242 1
18  0.011304 0.0116064 0.00253346 1
19  -0.002668 0.0108552 0.00250904 1
20  0.016152 0.01112 0.00239753 1
1  -0.015252 -0.015252 0 1
2  0.02548 0.005114 0.0144009 1
3  0.006436 0.00555467 0.00960736 1
4  -0.002488 0.003544 0.00741294 1
5  0.008268 0.0044888 0.00599026 1
6  0.013468 0.00598533 0.00517544 1
7  0.010132 0.00657771 0.00446987 1
8  0.03902 0.010633 0.00544855 1
9  -0.00162 0.00927156 0.00501036 1
10  0.016952 0.0100396 0.00456781 1
11  0.00024 0.00914873 0.00423854 1
12  0.011484 0.00934333 0.00388979 1
13  -0.008348 0.00798246 0.00382123 1
14  0.021756 0.00896629 0.00367275 1
15  -0.00226 0.00821787 0.00350332 1
16  0.035608 0.00992975 0.00367892 1
17  0.038376 0.0116031 0.00382417 1
18  0.027868 0.0125067 0.00371694 1
19  0.022088 0.0130109 0.00355535 1
20  -0.003476 0.0121866 0.00347184 1
1  0.00574 0.00574 0 1
2  0.0161 0.01092 0.00366281 1
3  0.010268 0.0107027 0.00244831 1
4  0.013044 0.011288 0.00190492 1
5  0.022952 0.0136208 0.00258379 1
6  0.010152 0.0130427 0.00221689 1
7  0.032968 0.0158891 0.00324895 1
8  0.004724 0.0144935 0.00312826 1
9  0.025264 0.0156902 0.00300086 1
10  0.016452 0.0157664 0.00270174 1
11  0.01212 0.0154349 0.00247638 1
12  0.011764 0.015129 0.00228884 1
13  0.01484 0.0151068 0.00211288 1
14  0.006472 0.01449 0.00205 1
15  0.034972 0.0158555 0.00232402 1
16  0.00482 0.0151657 0.00227882 1
17  -0.002268 0.0141402 0.00236429 1
18  -0.000928 0.0133031 0.00237652 1
19  0.021576 0.0137385 0.00229098 1
20  0.036092 0.0148562 0.00243384 1
1  0.008056 0.008056 0 1
2  0.017012 0.012534 0.00316642 1
3  0.008304 0.011124 0.00240448 1
4  0.012044 0.011354 0.00181432 1
5  0.0197 0.0130232 0.00208224 1
6  0.000428 0.010924 0.00258517 1
7  0.01426 0.0114006 0.00225936 1
8  0.015964 0.011971 0.00204769 1
9  0.007704 0.0114969 0.00187425 1
10  0.022436 0.0125908 0.00198049 1
11  0.030556 0.014224 0.00238043 1
12  0.000188 0.0130543 0.00245266 1
13  0.020148 0.0136 0.0023239 1
14  0.010904 0.0134074 0.00216587 1
15  0.030068 0.0145181 0.00228862 1
16  0.021304 0.0149422 0.00218453 1
17  0.019704 0.0152224 0.00207391 1
18  -0.002028 0.014264 0.00216884 1
19  0.02138 0.0146385 0.00208678 1
20  0.000252 0.0139192 0.00210277 1
1  0.01854 0.01854 0 1
2  0.011212 0.014876 0.00259084 1
3  0.016364 0.015372 0.00177407 1
4  0.015568 0.015421 0.00133123 1
5  0.007304 0.0137976 0.0018007 1
6  0.0214 0.0150647 0.00189463 1
7  0.013644 0.0148617 0.00163481 1
8  0.000532 0.0130705 0.00220309 1
9  0.003504 0.0120076 0.00219983 1
10  0.024164 0.0132232 0.00229125 1
11  0.00916 0.0128538 0.00211252 1
12  0.011484 0.0127397 0.00193955 1
13  0.012616 0.0127302 0.00179038 1
14  0.017264 0.013054 0.00169153 1
15  0.010072 0.0128552 0.0015904 1
16  0.005072 0.0123687 0.00156363 1
17  0.008324 0.0121308 0.00148964 1
18  0.01218 0.0121336 0.00140689 1
19  0.02052 0.0125749 0.00140037 1
20  0.023332 0.0131128 0.00142991 1
1  -0.003728 -0.003728 0 1
2  0.01832 0.007296 0.00779515 1
3  0.007284 0.007292 0.00519676 1
4  0.024024 0.011475 0.00532111 1
5  0.029444 0.0150688 0.00533417 1
6  0.02376 0.0165173 0.00463766 1
7  0.01924 0.0169063 0.00399141 1
8  0.008708 0.0158815 0.00362165 1
9  0.023384 0.0167151 0.00331379 1
10  0.0206 0.0171036 0.0030051 1
11  0.00682 0.0161687 0.00287365 1
12  0.012016 0.0158227 0.00265494 1
13  0.023508 0.0164138 0.00251567 1
14  0.01284 0.0161586 0.00234889 1
15  0.017648 0.0162579 0.0021944 1
16  0.017092 0.01631 0.00205787 1
17  0.009548 0.0159122 0.00197488 1
18  -0.001216 0.0149607 0.00208183 1
19  0.008244 0.0146072 0.00200205 1
20  0.015536 0.0146536 0.00190249 1
1  0.0173 0.0173 0 1
2  0.0224 0.01985 0.00180312 1
3  0.005828 0.015176 0.00400115 1
4  0.003164 0.012173 0.00397098 1
5  0.0037 0.0104784 0.00351984 1
6  -0.004056 0.008056 0.00367338 1
7  0.02258 0.0101309 0.00368833 1
8  0.01908 0.0112495 0.00339269 1
9  0.00308 0.0103418 0.0031348 1
10  0.009456 0.0102532 0.00282257 1
11  0.025928 0.0116782 0.00290348 1
12  -0.00244 0.0105017 0.00289008 1
13  0.01928 0.0111769 0.00274552 1
14  0.004964 0.0107331 0.00258503 1
15  0.026704 0.0117979 0.00262281 1
16  0.021084 0.0123783 0.00252228 1
17  0.001128 0.0117165 0.0024592 1
18  0.001616 0.0111553 0.00238574 1
19  0.017284 0.0114779 0.00228187 1
20  0.006768 0.0112424 0.0021799 1
1  0.010296 0.010296 0 1
2  0.010748 0.010522 0.000159806 1
3  0.004608 0.00855067 0.00161311 1
4  0.00772 0.008343 0.00122313 1
5  0.013336 0.0093416 0.00132485 1
6  0.007192 0.00898333 0.00115146 1
7  0.012476 0.00948229 0.00108972 1
8  0.009644 0.0095025 0.000953695 1
9  0.0194 0.0106022 0.00133927 1
10  0.010956 0.0106376 0.00120581 1
11  -0.009924 0.00876836 0.00209238 1
12  0.014296 0.009229 0.00196806 1
13  0.01066 0.00933908 0.00181975 1
14  0.017232 0.00990286 0.00177495 1
15  0.027132 0.0110515 0.00199393 1
16  0.005248 0.0106887 0.00190201 1
17  0.022032 0.011356 0.00190358 1
18  0.006528 0.0110878 0.00181662 1
19  0.016 0.0113463 0.00173931 1
20  0.003552 0.0109566 0.00169544 1
1  -0.003328 -0.003328 0 1
2  0.019444 0.008058 0.00805112 1
3  0.012516 0.009544 0.00550284 1
4  0.015836 0.011117 0.00434614 1
5  0.008968 0.0106872 0.0034981 1
6  0.016192 0.0116047 0.00303301 1
7  0.017116 0.012392 0.00269998 1
8  0.004512 0.011407 0.0025358 1
9  0.021976 0.0125813 0.00251128 1
10  0.026164 0.0139396 0.00260167 1
11  0.00226 0.0128778 0.00257271 1
12  0.014292 0.0129957 0.00236102 1
13  0.028324 0.0141748 0.00245624 1
14  0.015636 0.0142791 0.00228301 1
15  0.021552 0.014764 0.00218169 1
16  0.01346 0.0146825 0.00204686 1
17  0.007532 0.0142619 0.0019692 1
18  0.010848 0.0140722 0.00186891 1
19  0.010072 0.0138617 0.00178236 1
20  0.014908 0.013914 0.00169401 1
1  0.017728 0.017728 0 1
2  0.016296 0.017012 0.000506288 1
3  0.027936 0.0206533 0.00299223 1
4  0.009308 0.017817 0.00332715 1
5  0.00368 0.0149896 0.00367153 1
6  0.021876 0.0161373 0.00323403 1
7  0.020456 0.0167543 0.00283026 1
8  0.024916 0.0177745 0.00265399 1
9  0.002628 0.0160916 0.00284306 1
10  0.01392 0.0158744 0.00256703 1
11  0.018008 0.0160684 0.00234098 1
12  0.017992 0.0162287 0.00215138 1
13  0.007008 0.0155194 0.00209956 1
14  0.028536 0.0164491 0.0021456 1
15  0.015624 0.0163941 0.00200326 1
16  0.00744 0.0158345 0.00195467 1
17  0.020068 0.0160835 0.00185548 1
18  -0.005464 0.0148864 0.0021034 1
19  0.012632 0.0147678 0.00199604 1
20  0.001344 0.0140966 0.00200592 1
1  0.017888 0.017888 0 1
2  0.01936 0.018624 0.000520431 1
3  0.022996 0.0200813 0.00123946 1
4  0.01098 0.017806 0.00217876 1
5  0.023328 0.0189104 0.00200346 1
6  -0.000776 0.0156293 0.00342907 1
7  0.01352 0.015328 0.00295242 1
8  0.02244 0.016217 0.00271391 1
9  0.005304 0.0150044 0.00266954 1
10  0.005064 0.0140104 0.00258103 1
11  0.025716 0.0150745 0.00255637 1
12  0.013708 0.0149607 0.00234587 1
13  0.004472 0.0141538 0.00229998 1
14  0.019044 0.0145031 0.00216206 1
15  0.00944 0.0141656 0.0020441 1
16  0.00288 0.0134603 0.00203441 1
17  0.019652 0.0138245 0.00194706 1
18  0.011732 0.0137082 0.00184236 1
19  0.013108 0.0136766 0.00174567 1
20  0.005968 0.0132912 0.0017004 1
1  0.010036 0.010036 0 1
2  0.027288 0.018662 0.0060995 1
3  0.013528 0.0169507 0.00429971 1
4  0.018168 0.017255 0.00323554 1
5  0.005428 0.0148896 0.00334306 1
6  0.009996 0.014074 0.00288366 1
7  0.004292 0.0126766 0.00278983 1
8  0.021308 0.0137555 0.00264151 1
9  0.02392 0.0148849 0.00257817 1
10  0.000272 0.0134236 0.00270293 1
11  0.0066 0.0128033 0.00252739 1
12  0.008756 0.012466 0.00233917 1
13  -0.005432 0.0110892 0.00253219 1
14  0.01466 0.0113443 0.00236413 1
15  0.017704 0.0117683 0.00224422 1
16  0.00934 0.0116165 0.00210908 1
17  0.02012 0.0121167 0.00204347 1
18  0.015264 0.0122916 0.00193741 1
19  -0.00438 0.0114141 0.00202441 1
20  0.008796 0.0112832 0.00192742 1
1  0.005856 0.005856 0 1
2  0.018548 0.012202 0.0044873 1
3  0.006636 0.0103467 0.00335322 1
4  0.010216 0.010314 0.00251508 1
5  0.000772 0.0084056 0.00263856 1
6  0.007012 0.00817333 0.002209 1
7  0.023292 0.0103331 0.00275381 1
8  0.00838 0.010089 0.00242038 1
9  0.015744 0.0107173 0.00223152 1
10  0.00698 0.0103436 0.00203942 1
11  0.00848 0.0101742 0.00186104 1
12  0.013736 0.010471 0.00172946 1
13  0.011344 0.0105382 0.00159773 1
14  0.004604 0.0101143 0.0015388 1
15  0.005236 0.00978907 0.00147018 1
16  0.013524 0.0100225 0.00139671 1
17  0.001296 0.00950918 0.00140571 1
18  0.011964 0.00964556 0.00133422 1
19  0.013592 0.00985326 0.00128006 1
20  0.008216 0.0097714 0.00121867 1
1  0.137528 0.137528 0 0
2  -0.196556 -0.029514 0.118117 0
3  0.2055 0.048824 0.101449 0
4  -0.868432 -0.18049 0.212668 0
5  -0.007424 -0.145877 0.172929 0
6  -0.062156 -0.131923 0.144669 0
7  -0.157308 -0.13555 0.124047 0
8  0.0097 -0.117393 0.109862 0
9  0.070656 -0.0964991 0.0996224 0
10  0.340644 -0.0527848 0.0987866 0
11  -0.644096 -0.10654 0.103403 0
12  0.019568 -0.0960313 0.0953182 0
13  0.791172 -0.0277849 0.109731 0
14  -0.320736 -0.04871 0.103869 0
15  -0.615684 -0.0865083 0.103594 0
16  -0.054888 -0.084532 0.0971379 0
17  -0.496008 -0.108736 0.0943913 0
18  -0.336504 -0.12139 0.0899915 0
19  -0.119444 -0.121288 0.0852552 0
20  -0.167576 -0.123602 0.0810239 0
1  -0.248956 -0.248956 0 0
2  0.48734 0.119192 0.26032 0
3  -0.430732 -0.064116 0.229172 0
4  0.276804 0.021114 0.187057 0
5  -0.166048 -0.0163184 0.153345 0
6  -0.367864 -0.0749093 0.13853 0
7  0.012008 -0.0624926 0.119295 0
8  -0.198976 -0.079553 0.105596 0
9  -0.533608 -0.130004 0.105227 0
10  0.040008 -0.113002 0.0960679 0
11  0.321988 -0.0734578 0.0951258 0
12  -0.128852 -0.078074 0.0873106 0
13  -0.037416 -0.0749465 0.0806504 0
14  -0.646912 -0.115801 0.084607 0
15  0.044628 -0.105106 0.0796397 0
16  -0.03674 -0.100833 0.0747767 0
17  -0.144608 -0.103408 0.0704224 0
18  0.089128 -0.0927116 0.0673175 0
19  0.038884 -0.0857855 0.0641298 0
20  -0.452312 -0.104112 0.0634879 0
1  0.16532 0.16532 0 0
2  0.135188 0.150254 0.0106533 0
3  -0.195004 0.035168 0.0942353 0
4  -0.055032 0.012618 0.0733249 0
5  -0.125408 -0.0149872 0.0636445 0
6  0.141408 0.0110787 0.0581303 0
7  -0.293556 -0.0324406 0.064078 0
8  0.080964 -0.018265 0.0576149 0
9  0.340352 0.0215813 0.0635146 0
10  0.315756 0.0509988 0.0636119 0
11  0.052448 0.0511305 0.0578292 0
12  -0.238864 0.0269643 0.0578395 0
13  0.027676 0.0270191 0.0533903 0
14  -0.00934 0.024422 0.0496399 0
15  -0.014744 0.0218109 0.0463991 0
16  0.079188 0.025397 0.0436376 0
17  -0.257788 0.00873906 0.0441357 0
18  -0.126532 0.001224 0.0423187 0
19  -0.265372 -0.0128074 0.0423537 0
20  -0.29322 -0.026828 0.0424934 0
1  0.035396 0.035396 0 0
2  0.180524 0.10796 0.0513105 0
3  0.018744 0.0782213 0.0419489 0
4  0.1434 0.094516 0.0344815 0
5  -0.166876 0.0422376 0.0542897 0
6  0.040164 0.041892 0.0452425 0
7  -0.229912 0.00306286 0.0528786 0
8  -0.143492 -0.0152565 0.0493402 0
9  0.06686 -0.00613244 0.0446936 0
10  -0.081752 -0.0136944 0.0408589 0
11  0.064616 -0.00657527 0.0377596 0
12  0.271852 0.016627 0.0411283 0
13  -0.148124 0.00395385 0.0398694 0
14  0.239736 0.0207954 0.0404225 0
15  -0.126436 0.01098 0.0389011 0
16  0.012924 0.0111015 0.0364699 0
17  -0.023164 0.00908588 0.0343803 0
18  -0.13286 0.0012 0.0333624 0
19  0.095364 0.006156 0.0319725 0
20  0.047032 0.0081998 0.0304391 0
1  -0.069552 -0.069552 0 0
2  0.209992 0.07022 0.0988337 0
3  0.104176 0.0815387 0.0665341 0
4  0.06446 0.077269 0.0500374 0
5  0.00138 0.0620912 0.0422692 0
6  0.06796 0.0630693 0.0352357 0
7  0.073904 0.0646171 0.030236 0
8  0.072924 0.0656555 0.0264743 0
9  -0.063344 0.0513222 0.0271368 0
10  -0.042256 0.0419644 0.0259865 0
11  0.048084 0.0425207 0.0236301 0
12  0.145248 0.0510813 0.0231597 0
13  0.077068 0.0530803 0.0214643 0
14  0.140552 0.0593283 0.0208206 0
15  -0.04396 0.0524424 0.0205397 0
16  -0.151424 0.0397008 0.0228691 0
17  0.113124 0.0440198 0.0219279 0
18  -0.006288 0.0412249 0.020887 0
19  -0.0117 0.0384394 0.0199726 0
20  0.041328 0.0385838 0.0189745 0
1  0.08558 0.08558 0 0
2  0.1218 0.10369 0.0128057 0
3  0.066868 0.091416 0.013165 0
4  0.064292 0.084635 0.0114881 0
5  -0.000928 0.0675224 0.0178532 0
6  0.155644 0.0822093 0.0200275 0
7  0.076848 0.0814434 0.0171811 0
8  -0.025176 0.068116 0.01953 0
9  -0.102788 0.0491267 0.0249379 0
10  0.033004 0.0475144 0.0224962 0
11  0.126232 0.0546705 0.0215592 0
12  0.1256 0.0605813 0.0205569 0
13  -0.031224 0.0535194 0.0201522 0
14  -0.071088 0.0446189 0.0205846 0
15  -0.063052 0.0374408 0.0204255 0
16  -0.0034 0.0348883 0.0193078 0
17  -0.008112 0.0323588 0.018337 0
18  0.010364 0.0311369 0.0173589 0
19  0.017972 0.030444 0.0164591 0
20  0.05488 0.0316658 0.0156814 0
1  0.001232 0.001232 0 0
2  0.092244 0.046738 0.0321776 0
3  -0.016184 0.025764 0.027449 0
4  0.066604 0.035974 0.0224053 0
5  -0.026856 0.023408 0.0211566 0
6  0.13608 0.0421867 0.0245907 0
7  0.12354 0.0538086 0.0236652 0
8  0.007772 0.048054 0.0213953 0
9  0.126732 0.056796 0.0207272 0
10  0.005544 0.0516708 0.0192777 0
11  0.008532 0.0477491 0.0179197 0
12  0.01358 0.0449017 0.016651 0
13  -0.173524 0.0280997 0.0222898 0
14  0.020976 0.0275909 0.0207034 0
15  0.043048 0.0286213 0.0193488 0
16  0.03504 0.0290225 0.0181437 0
17  -0.051684 0.0242751 0.0176866 0
18  0.056344 0.0260567 0.0167935 0
19  -0.03002 0.0231053 0.0161669 0
20  -0.051084 0.0193958 0.0157784 0
1  -0.01944 -0.01944 0 0
2  0.033328 0.006944 0.0186563 0
3  0.0981 0.0373293 0.0277526 0
4  0.013272 0.031315 0.0214562 0
5  0.033904 0.0318328 0.0171712 0
6  -0.024196 0.0224947 0.0166561 0
7  0.05838 0.0276211 0.0150449 0
8  -0.019664 0.0217105 0.0142782 0
9  -0.018124 0.0172844 0.0133601 0
10  0.032104 0.0187664 0.012106 0
11  -0.035808 0.0138051 0.0119791 0
12  -0.04796 0.008658 0.0120359 0
13  0.003052 0.00822677 0.0111178 0
14  -0.022912 0.00600257 0.0105438 0
15  -0.024096 0.003996 0.01003 0
16  0.01724 0.00482375 0.00943721 0
17  -0.024752 0.003084 0.00904102 0
18  -0.000128 0.00290556 0.0085405 0
19  -0.091096 -0.00204189 0.00941559 0
20  0.055512 0.0008358 0.00937425 0
1  0.019732 0.019732 0 0
2  -0.004352 0.00769 0.00851498 0
3  0.017468 0.0109493 0.00626949 0
4  -0.028688 0.00104 0.0097855 0
5  -0.019228 -0.0030136 0.00862724 0
6  -0.017224 -0.005382 0.00750742 0
7  0.018092 -0.00202857 0.00714474 0
8  0.071432 0.007154 0.0106237 0
9  -0.026712 0.00339111 0.0100877 0
10  -0.007704 0.0022816 0.00913974 0
11  0.019884 0.00388182 0.00844778 0
12  -0.037748 0.000412667 0.00842606 0
13  0.015972 0.00160954 0.00786245 0
14  -0.073936 -0.00378657 0.00896328 0
15  0.009908 -0.0028736 0.0084121 0
16  0.053528 0.0006515 0.00859326 0
17  -0.0899 -0.00467506 0.00959767 0
18  0.021864 -0.00320067 0.00917702 0
19  -0.058484 -0.00611032 0.00914365 0
20  -0.008612 -0.0062354 0.00868733 0
1  -0.030204 -0.030204 0 0
2  -0.018264 -0.024234 0.00422143 0
3  0.012884 -0.0118613 0.0104869 0
4  -0.00334 -0.009731 0.00807867 0
5  0.053784 0.002972 0.0130714 0
6  0.005412 0.00337867 0.0108992 0
7  0.04422 0.00921314 0.0107914 0
8  0.007232 0.0089655 0.00944531 0
9  0.035892 0.0119573 0.008857 0
10  0.046676 0.0154292 0.00862497 0
11  0.015544 0.0154396 0.00784089 0
12  0.033888 0.016977 0.00733665 0
13  -0.036972 0.0128271 0.00785882 0
14  0.006316 0.012362 0.00731122 0
15  -0.025024 0.0098696 0.00723618 0
16  0.015928 0.0102482 0.00679382 0
17  -0.00876 0.00913012 0.00648554 0
18  -0.04254 0.00625956 0.00673059 0
19  -0.030696 0.00431453 0.00665145 0
20  -0.01216 0.0034908 0.00636968 0
1  0.003308 0.003308 0 0
2  -0.010076 -0.003384 0.00473196 0
3  0.012688 0.00197333 0.00539312 0
4  -0.023508 -0.004397 0.0068408 0
5  0.039696 0.0044216 0.00960021 0
6  -0.014796 0.00121867 0.00851773 0
7  0.0094 0.00238743 0.00738066 0
8  0.04516 0.007734 0.00816819 0
9  -0.016396 0.00505289 0.00768806 0
10  -0.05216 -0.0006684 0.00879408 0
11  0.01902 0.00112145 0.00817473 0
12  0.021636 0.002831 0.00767018 0
13  0.026388 0.00464308 0.00729107 0
14  0.010856 0.00508686 0.00678378 0
15  0.0111 0.00548773 0.00634336 0
16  -0.014212 0.0042565 0.00606521 0
17  0.022408 0.00532424 0.00580166 0
18  0.005392 0.005328 0.00547934 0
19  -0.01096 0.00447074 0.00525759 0
20  -0.039932 0.0022506 0.00544332 0
1  -0.012908 -0.012908 0 0
2  0.000352 -0.006278 0.00468812 0
3  -0.00258 -0.00504533 0.00328347 0
4  -0.013792 -0.007232 0.00310653 0
5  0.034264 0.0010672 0.00782801 0
6  0.008452 0.002298 0.00661939 0
7  -0.006984 0.000972 0.00580506 0
8  0.013084 0.002486 0.00527316 0
9  -0.028456 -0.000952 0.00569885 0
10  0.015032 0.0006464 0.00534843 0
11  -0.010328 -0.000351273 0.00495438 0
12  0.02174 0.00148967 0.00487155 0
13  -0.012424 0.000419385 0.00461289 0
14  -0.018968 -0.000965429 0.00448645 0
15  0.03194 0.00122827 0.00469312 0
16  -0.016384 0.0001275 0.00452705 0
17  -0.013052 -0.000647765 0.00432663 0
18  -0.009776 -0.00115489 0.00411588 0
19  0.056924 0.00190189 0.00490472 0
20  -0.023544 0.0006296 0.00482168 0
1  0.010016 0.010016 0 0
2  0.012272 0.011144 0.000797616 0
3  0.010872 0.0110533 0.000536873 0
4  -0.01274 0.005105 0.00516712 0
5  0.018556 0.0077952 0.00478301 0
6  -0.003416 0.00592667 0.00433549 0
7  0.014972 0.00721886 0.00390395 0
8  0.01072 0.0076565 0.0034404 0
9  0.003728 0.00722 0.0030857 0
10  0.0104 0.007538 0.00279347 0
11  -0.013588 0.00561745 0.00313087 0
12  -0.00248 0.00494267 0.00294178 0
13  -0.009728 0.00381415 0.00292395 0
14  0.012072 0.004404 0.00277395 0
15  0.011868 0.0049016 0.00263327 0
16  0.034644 0.0067605 0.00305516 0
17  0.00304 0.00654165 0.00288327 0
18  0.005128 0.00646311 0.00272416 0
19  -0.033304 0.00437011 0.00328794 0
20  0.003724 0.0043378 0.0031237 0
1  0.013716 0.013716 0 0
2  -0.01776 -0.002022 0.0111284 0
3  0.012524 0.00282667 0.00840917 0
4  -0.01262 -0.001035 0.0071387 0
5  -0.011372 -0.0031024 0.00600286 0
6  0.017108 0.000266 0.00587188 0
7  0.001228 0.000403429 0.00503465 0
8  -0.008424 -0.0007 0.00452462 0
9  -0.017924 -0.00261378 0.00440808 0
10  -0.00846 -0.0031984 0.00400585 0
11  -0.006752 -0.00352145 0.00365468 0
12  -0.001676 -0.00336767 0.00335336 0
13  0.039536 -6.73846e-05 0.00443121 0
14  -0.005732 -0.000472 0.00413312 0
15  0.013068 0.000430667 0.00395492 0
16  0.00336 0.00061375 0.00371198 0
17  -0.000796 0.000530824 0.00349455 0
18  0.038244 0.002626 0.00387796 0
19  -0.017164 0.00158442 0.00381117 0
20  0.014168 0.0022136 0.00367218 0
1  -0.013364 -0.013364 0 0
2  0.01694 0.001788 0.0107141 0
3  0.002592 0.002056 0.00714607 0
4  0.01586 0.005507 0.00613652 0
5  -0.013244 0.0017568 0.00594572 0
6  0.052764 0.010258 0.00920734 0
7  -0.009496 0.007436 0.00831323 0
8  0.023888 0.0094925 0.00752414 0
9  0.02038 0.0107022 0.00678468 0
10  0.045452 0.0141772 0.00693929 0
11  -0.010676 0.0119178 0.00666612 0
12  0.04462 0.014643 0.00664434 0
13  0.012468 0.0144757 0.00613535 0
14  0.013308 0.0143923 0.00569767 0
15  -0.013868 0.0125083 0.00562069 0
16  -0.016728 0.010681 0.00555849 0
17  0.017292 0.0110699 0.00524511 0
18  0.031864 0.0122251 0.00507934 0
19  -0.009924 0.0110594 0.00494397 0
20  -0.017724 0.0096202 0.00490176 0
1  -0.02242 -0.02242 0 0
2  -0.00092 -0.01167 0.0076014 0
3  0.022164 -0.000392 0.0105108 0
4  -0.010336 -0.002878 0.00817178 0
5  -0.01536 -0.0053744 0.00690822 0
6  0.005372 -0.00358333 0.00598453 0
7  -0.016404 -0.00541486 0.00540259 0
8  0.028184 -0.001215 0.00614663 0
9  -0.005192 -0.00165689 0.00547953 0
10  -0.013056 -0.0027968 0.00504875 0
11  0.000492 -0.00249782 0.00459862 0
12  0.008772 -0.00155867 0.00431023 0
13  0.015764 -0.000226154 0.00417958 0
14  0.003588 4.62857e-05 0.00388991 0
15  0.015392 0.00106933 0.00376271 0
16  0.026756 0.00267475 0.00385484 0
17  0.026252 0.00406165 0.00386954 0
18  -0.007736 0.00340622 0.00370966 0
19  0.00488 0.00348379 0.00351522 0
20  0.002428 0.003431 0.00333986 0
1  -0.006968 -0.006968 0 0
2  0.007744 0.000388 0.00520148 0
3  -0.013444 -0.00422267 0.00511828 0
4  -0.015908 -0.007144 0.00459743 0
5  0.022604 -0.0011944 0.00646881 0
6  -0.004812 -0.00179733 0.0054187 0
7  -0.006608 -0.00248457 0.00468797 0
8  0.021604 0.0005265 0.00497589 0
9  0.017628 0.00242667 0.00477205 0
10  -0.002088 0.0019752 0.00431615 0
11  0.020536 0.00366255 0.00424079 0
12  -0.00758 0.00272567 0.00398954 0
13  0.003576 0.00279108 0.00368319 0
14  0.004404 0.00290629 0.0034219 0
15  0.006164 0.00312347 0.00320066 0
16  0.007696 0.00340925 0.00301335 0
17  0.00938 0.00376047 0.00285649 0
18  0.017468 0.004522 0.00279746 0
19  0.0218 0.00543137 0.00279413 0
20  -0.002324 0.0050436 0.00268119 0
1  -0.017536 -0.017536 0 0
2  0.005964 -0.005786 0.0083085 0
3  -0.009644 -0.007072 0.00563765 0
4  0.011124 -0.002523 0.0057791 0
5  -0.018236 -0.0056656 0.00541068 0
6  -0.006996 -0.00588733 0.00451344 0
7  0.020896 -0.00206114 0.00524547 0
8  0.023976 0.0011935 0.0055077 0
9  0.025876 0.003936 0.00553659 0
10  -0.001944 0.003348 0.00501405 0
11  0.022012 0.00504473 0.0048368 0
12  0.010524 0.00550133 0.00445523 0
13  -0.00074 0.00502123 0.00413831 0
14  0.027568 0.00663171 0.00414426 0
15  -0.000308 0.00616907 0.00389371 0
16  -0.001104 0.0057145 0.00367679 0
17  0.001992 0.00549553 0.00346703 0
18  -0.007948 0.00474867 0.00335389 0
19  -0.015088 0.00370463 0.00333592 0
20  -0.001992 0.0034198 0.00318126 0
1  0.003752 0.003752 0 0
2  0.009744 0.006748 0.00211849 0
3  0.001448 0.00498133 0.00201876 0
4  0.0055 0.005111 0.00151823 0
5  0.034432 0.0109752 0.00538389 0
6  0.016252 0.0118547 0.00455784 0
7  0.0212 0.0131897 0.00409758 0
8  0.0016 0.011741 0.00383294 0
9  -0.00794 0.00955422 0.0039823 0
10  -0.00222 0.0083768 0.0037541 0
11  -0.0056 0.00710618 0.00362146 0
12  -0.008316 0.005821 0.00354038 0
13  0.003344 0.00563046 0.00327317 0
14  0.004676 0.00556229 0.00304008 0
15  -0.007008 0.00472427 0.00295065 0
16  0.021172 0.00575225 0.00293986 0
17  -0.002924 0.00524188 0.00281088 0
18  -0.00948 0.004424 0.00277115 0
19  0.006116 0.00451305 0.00262673 0
20  0.026576 0.0056162 0.00271718 0
1  0.011048 0.011048 0 0
2  0.011912 0.01148 0.00030547 0
3  0.004292 0.009084 0.0019669 0
4  0.017668 0.01123 0.00237279 0
5  0.014316 0.0118472 0.00197687 0
6  0.0109 0.0116893 0.00165369 0
7  0.003536 0.0105246 0.00178101 0
8  0.009184 0.010357 0.00156625 0
9  0.020344 0.0114667 0.0017415 0
10  0.00826 0.011146 0.0015966 0
11  0.001328 0.0102535 0.00168254 0
12  0.007964 0.0100627 0.00155311 0
13  0.003928 0.00959077 0.00150362 0
14  -0.00832 0.00831143 0.00186259 0
15  -0.02692 0.00596267 0.00285849 0
16  0.013268 0.00641925 0.00271606 0
17  -0.007756 0.00558541 0.00268123 0
18  0.018916 0.006326 0.00263257 0
19  0.007264 0.00637537 0.00249447 0
20  0.009576 0.0065354 0.00237488 0
1  0.00998 0.00998 0 0
2  0.00484 0.00741 0.00181726 0
3  0.007208 0.00734267 0.00121276 0
4  0.004156 0.006546 0.00114163 0
5  -0.00462 0.0043128 0.00219633 0
6  -0.019696 0.000311333 0.00408571 0
7  0.009812 0.00166857 0.00372065 0
8  0.020708 0.0040485 0.00394395 0
9  -0.000804 0.00350933 0.0035424 0
10  0.026344 0.0057928 0.0038545 0
11  0.002228 0.00546873 0.00351768 0
12  0.006636 0.005566 0.00322589 0
13  0.029888 0.00743692 0.00347823 0
14  0.005816 0.00732114 0.00323171 0
15  -0.015808 0.0057792 0.00336406 0
16  0.00476 0.0057155 0.00315441 0
17  -0.005804 0.00503788 0.00304077 0
18  -0.014992 0.00392511 0.0030687 0
19  0.01326 0.00441642 0.00294626 0
20  -0.001484 0.0041214 0.00281367 0
1  0.013768 0.013768 0 0
2  0.00074 0.007254 0.00460609 0
3  -0.01216 0.000782667 0.00611131 0
4  0.00488 0.001807 0.00466854 0
5  0.015128 0.0044712 0.00443028 0
6  -0.007564 0.00246533 0.00412105 0
7  -0.00428 0.00150171 0.00364324 0
8  0.017472 0.003498 0.0036945 0
9  0.013952 0.00465956 0.00346178 0
10  0.010044 0.005198 0.0031572 0
11  0.006328 0.00530073 0.00287186 0
12  0.004924 0.00526933 0.00263271 0
13  0.005624 0.00529662 0.00243033 0
14  0.005384 0.00530286 0.00225674 0
15  0.02136 0.00637333 0.00234649 0
16  0.009408 0.006563 0.00220748 0
17  0.0021 0.00630047 0.00209318 0
18  0.021532 0.00714667 0.00214112 0
19  0.018424 0.00774021 0.00210909 0
20  0.00694 0.0077002 0.00200402 0
1  0.026532 0.026532 0 0
2  0.007672 0.017102 0.00666802 0
3  0.003588 0.0125973 0.00576967 0
4  0.001948 0.009935 0.00490318 0
5  0.004648 0.0088776 0.00403495 0
6  0.009072 0.00891 0.00336259 0
7  0.0034 0.00812286 0.00297292 0
8  -0.009752 0.0058885 0.00333693 0
9  0.004024 0.00568133 0.00297258 0
10  0.006192 0.0057324 0.00267576 0
11  0.004904 0.00565709 0.00243357 0
12  0.010164 0.00603267 0.00225957 0
13  -0.010304 0.004776 0.00241 0
14  -0.004396 0.00412086 0.0023252 0
15  0.0003 0.00386613 0.0021841 0
16  -0.011672 0.002895 0.00225317 0
17  0.01188 0.00342353 0.00218174 0
18  0.007484 0.00364911 0.00207216 0
19  0.023512 0.00469453 0.00221114 0
20  0.015192 0.0052194 0.00216198 0
1  -0.000884 -0.000884 0 0
2  -0.004288 -0.002586 0.0012035 0
3  0.00678 0.000536 0.00267239 0
4  0.012532 0.003535 0.00328065 0
5  -0.002152 0.0023976 0.00281479 0
6  0.00226 0.00237467 0.00234575 0
7  -0.005884 0.00119486 0.00228819 0
8  0.017384 0.0032185 0.00275534 0
9  0.001988 0.00308178 0.00245258 0
10  0.006172 0.0033908 0.00222671 0
11  0.004552 0.00349636 0.00202678 0
12  0.0006 0.003255 0.0018722 0
13  0.007916 0.00361354 0.00176218 0
14  0.002708 0.00354886 0.0016375 0
15  0.008256 0.00386267 0.00155811 0
16  0.019324 0.004829 0.00173469 0
17  -0.005992 0.00419247 0.00174553 0
18  0.01458 0.00476956 0.00174134 0
19  0.005144 0.00478926 0.0016498 0
20  0.002892 0.0046944 0.00157004 0
1  0.007168 0.007168 0 0
2  -0.00222 0.002474 0.00331916 0
3  0.015772 0.00690667 0.0042421 0
4  0.00646 0.006795 0.00318304 0
5  0.001236 0.0056832 0.00273372 0
6  0.004484 0.00548333 0.00228539 0
7  -0.001812 0.00444114 0.00218365 0
8  -0.00044 0.003831 0.00199411 0
9  0.01554 0.005132 0.00215556 0
10  0.010012 0.00562 0.00199448 0
11  0.005712 0.00562836 0.00181318 0
12  -0.004596 0.00477633 0.00185148 0
13  0.004472 0.00475292 0.00170921 0
14  0.017608 0.00567114 0.0018171 0
15  0.005008 0.00562693 0.0016965 0
16  -0.006812 0.0048495 0.00175961 0
17  0.006784 0.00496329 0.00165978 0
18  0.000404 0.00471 0.00158677 0
19  0.009484 0.00496126 0.00152302 0
20  0.009608 0.0051936 0.00146449 0
1  0.008308 0.008308 0 0
2  -0.002276 0.003016 0.00374201 0
3  0.022508 0.00951333 0.00586233 0
4  -0.001556 0.006746 0.0050075 0
5  0.008328 0.0070624 0.00401598 0
6  0.014468 0.00829667 0.00353123 0
7  0.000676 0.007208 0.00319017 0
8  0.000428 0.0063605 0.00290179 0
9  0.008596 0.00660889 0.00258998 0
10  0.022416 0.0081896 0.00277169 0
11  0.01404 0.00872145 0.00257024 0
12  0.011808 0.00897867 0.00236889 0
13  0.012928 0.00928246 0.00220606 0
14  -0.001452 0.00851571 0.00217766 0
15  -0.003452 0.00771787 0.00217373 0
16  0.001644 0.00733825 0.00207075 0
17  0.01856 0.00799835 0.00205146 0
18  0.002 0.00766511 0.00196437 0
19  0.003748 0.00745895 0.00187177 0
20  -0.00494 0.006839 0.00187804 0
1  -0.007268 -0.007268 0 0
2  0.017236 0.004984 0.00866347 0
3  0.004616 0.00486133 0.00577652 0
4  0.012712 0.006824 0.00465388 0
5  -3.6e-05 0.005452 0.00392013 0
6  0.017712 0.00749533 0.0037618 0
7  -0.001648 0.00618914 0.00344372 0
8  -0.000388 0.005367 0.00310984 0
9  0.021628 0.00717378 0.00324701 0
10  0.002592 0.0067156 0.00295446 0
11  0.00258 0.00633964 0.00270969 0
12  0.005268 0.00625033 0.00248535 0
13  0.009032 0.00646431 0.00230337 0
14  0.014612 0.00704629 0.00221114 0
15  0.007352 0.00706667 0.00206382 0
16  0.011192 0.0073245 0.00195087 0
17  -0.004796 0.00661153 0.00196208 0
18  0.003512 0.00643933 0.00186061 0
19  0.016416 0.00696442 0.00183529 0
20  0.017176 0.007475 0.00181315 0
1  0.002664 0.002664 0 0
2  0.012724 0.007694 0.00355675 0
3  0.012268 0.00921867 0.00267809 0
4  0.002052 0.007427 0.00253809 0
5  0.0161 0.0091616 0.00255536 0
6  0.004188 0.00833267 0.00225992 0
7  0.001276 0.00732457 0.0021502 0
8  0.008536 0.007476 0.00188675 0
9  0.006628 0.00738178 0.00167946 0
10  0.009432 0.0075868 0.00152398 0
11  -0.004276 0.00650836 0.00172532 0
12  0.003116 0.00622567 0.00160453 0
13  0.000404 0.00577785 0.00154233 0
14  0.00196 0.00550514 0.00145608 0
15  0.012632 0.00598027 0.00143443 0
16  0.002204 0.00574425 0.00136406 0
17  0.015028 0.00629035 0.00138884 0
18  0.00988 0.00648978 0.00132592 0
19  0.002392 0.00627411 0.00127356 0
20  -0.002852 0.0058178 0.00128903 0
1  0.00796 0.00796 0 0
2  0.00272 0.00534 0.00185262 0
3  0.015668 0.00878267 0.0030703 0
4  0.0147 0.010262 0.00263512 0
5  0.01056 0.0103216 0.00210877 0
6  -0.00416 0.007908 0.00281828 0
7  0.014496 0.00884914 0.00256801 0
8  0.01614 0.0097605 0.00240329 0
9  0.011436 0.00994667 0.00214345 0
10  0.00162 0.009114 0.00208458 0
11  -0.004096 0.00791309 0.00221413 0
12  0.00674 0.00781533 0.00203177 0
13  0.002964 0.00744215 0.00190945 0
14  0.009536 0.00759171 0.00177891 0
15  0.00794 0.00761493 0.00166046 0
16  0.009592 0.0077385 0.00156128 0
17  -0.001416 0.0072 0.00155954 0
18  0.01688 0.00773778 0.00156287 0
19  0.00226 0.00744947 0.00150697 0
20  0.01908 0.008031 0.00153974 0
1  0.006788 0.006788 0 0
2  0.013768 0.010278 0.0024678 0
3  0.003684 0.00808 0.00243464 0
4  -0.004048 0.005048 0.00319828 0
5  0.0174 0.0075184 0.00338066 0
6  0.012052 0.008274 0.00290043 0
7  -0.001832 0.00683029 0.00282261 0
8  0.010844 0.007332 0.00251398 0
9  -0.004088 0.00606311 0.00253473 0
10  -0.001396 0.0053172 0.00238849 0
11  0.014836 0.00618255 0.00232282 0
12  -0.00354 0.00537233 0.00226616 0
13  -0.001556 0.00483938 0.00215359 0
14  0.004784 0.00483543 0.00199977 0
15  0.008 0.0050464 0.00187755 0
16  0.00426 0.00499725 0.00176084 0
17  0.008552 0.00520635 0.00166963 0
18  0.006408 0.00527311 0.00157821 0
19  0.00174 0.00508716 0.00150606 0
20  0.009048 0.0052852 0.00144372 0
1  0.010032 0.010032 0 0
2  0.013724 0.011878 0.00130532 0
3  0.006288 0.0100147 0.0017527 0
4  0.0074 0.009361 0.00143123 0
5  0.005836 0.008656 0.00130714 0
6  0.012848 0.00935467 0.00126227 0
7  0.006804 0.00899029 0.00113332 0
8  0.001764 0.008087 0.00130281 0
9  -0.00098 0.00707956 0.00149775 0
10  0.00078 0.0064496 0.00147452 0
11  0.01292 0.00703782 0.00145307 0
12  0.00782 0.007103 0.00133344 0
13  0.004884 0.00693231 0.00124174 0
14  -0.003792 0.00616629 0.00136909 0
15  -0.015512 0.00472107 0.00189268 0
16  0.01078 0.00509975 0.00181187 0
17  -0.000656 0.00476118 0.00173664 0
18  0.007972 0.00493956 0.00164929 0
19  0.008268 0.00511474 0.00157176 0
20  -0.007452 0.0044864 0.00161389 0
1  0.082356 0.082356 0 1
2  0.203164 0.14276 0.0427121 1
3  -0.199788 0.0285773 0.0974813 1
4  0.29458 0.095078 0.0930697 1
5  -0.12444 0.0511744 0.0841765 1
6  0.163468 0.06989 0.0721977 1
7  -0.401896 0.002492 0.0878815 1
8  0.58954 0.075873 0.103076 1
9  0.463344 0.118925 0.100212 1
10  0.860772 0.19311 0.1144 1
11  -0.561332 0.124524 0.122851 1
12  -0.680452 0.057443 0.129641 1
13  -0.126536 0.0432908 0.120438 1
14  0.289696 0.0608911 0.113114 1
15  -0.302644 0.0366555 0.108138 1
16  -0.81056 -0.0162955 0.113606 1
17  0.178136 -0.00485835 0.107498 1
18  0.279056 0.0109147 0.102676 1
19  -0.281068 -0.00445284 0.0984158 1
20  -0.19866 -0.0141632 0.0939728 1
1  -0.268624 -0.268624 0 1
2  -0.252836 -0.26073 0.0055819 1
3  -0.069904 -0.197121 0.0520694 1
4  -0.093224 -0.171147 0.0450673 1
5  -0.148 -0.166518 0.0362908 1
6  -0.427948 -0.210089 0.0499668 1
7  0.085076 -0.167923 0.0579509 1
8  0.179848 -0.124452 0.064998 1
9  -0.13616 -0.125752 0.057789 1
10  0.446556 -0.0685216 0.0751857 1
11  -0.026832 -0.0647316 0.0684461 1
12  -0.55776 -0.105817 0.0740537 1
13  -0.666656 -0.148959 0.0799421 1
14  -0.173268 -0.150695 0.0742508 1
15  0.51968 -0.106003 0.0816503 1
16  0.061328 -0.0955452 0.0772141 1
17  -0.677444 -0.129775 0.0798997 1
18  -0.15734 -0.131306 0.0754755 1
19  -0.392792 -0.145068 0.072747 1
20  -0.270656 -0.151348 0.0693801 1
1  0.009344 0.009344 0 1
2  0.11724 0.063292 0.038147 1
3  -0.049052 0.025844 0.03977 1
4  0.105296 0.045707 0.0344323 1
5  0.472832 0.131132 0.0812202 1
6  0.174348 0.138335 0.0680021 1
7  0.141164 0.138739 0.0582887 1
8  0.301928 0.159138 0.0544551 1
9  -0.218432 0.117185 0.0625094 1
10  0.17542 0.123009 0.0565291 1
11  -0.17566 0.0958571 0.0575425 1
12  -0.1328 0.0768023 0.0558131 1
13  0.255356 0.0905372 0.0531829 1
14  -0.0654 0.0793989 0.0505371 1
15  -0.045204 0.071092 0.0478458 1
16  -0.011004 0.065961 0.0451297 1
17  -0.131044 0.0543725 0.0439377 1
18  -0.043196 0.048952 0.0418297 1
19  -0.066816 0.0428589 0.0400695 1
20  0.0164 0.041536 0.0380878 1
1  0.256068 0.256068 0 1
2  -0.080056 0.088006 0.118838 1
3  -0.120508 0.0185013 0.0974537 1
4  -0.073096 -0.004398 0.0757329 1
5  0.272072 0.050896 0.078209 1
6  -0.001916 0.042094 0.0656676 1
7  0.09578 0.0497634 0.0567326 1
8  -0.085652 0.0328365 0.0521051 1
9  -0.077236 0.0206062 0.0477294 1
10  -0.226092 -0.0040636 0.0489183 1
11  0.13254 0.00835491 0.0460205 1
12  -0.095692 -0.000315667 0.0429945 1
13  0.000732 -0.000235077 0.0396873 1
14  -0.102888 -0.00756743 0.0375237 1
15  -0.056236 -0.010812 0.0351621 1
16  -0.164012 -0.020387 0.0342434 1
17  0.0926 -0.0137407 0.0328677 1
18  0.032352 -0.01118 0.0311413 1
19  0.17332 -0.00146947 0.0309793 1
20  -0.138336 -0.0083128 0.0301767 1
1  0.07624 0.07624 0 1
2  -0.064568 0.005836 0.0497831 1
3  0.040884 0.0175187 0.0345324 1
4  -0.034684 0.004468 0.028258 1
5  0.131004 0.0297752 0.0319908 1
6  -0.287836 -0.02316 0.0551889 1
7  0.034836 -0.0148749 0.0479226 1
8  0.013364 -0.011345 0.0420621 1
9  -0.021448 -0.0124676 0.0374035 1
10  -0.177872 -0.029008 0.0371408 1
11  0.035504 -0.0231433 0.0342242 1
12  -0.213068 -0.0389703 0.0348402 1
13  -0.070336 -0.0413831 0.0322436 1
14  0.07592 -0.0330043 0.03101 1
15  -0.156144 -0.0412136 0.0300097 1
16  0.004556 -0.038353 0.0282701 1
17  0.129512 -0.0284786 0.0282791 1
18  -0.143264 -0.0348556 0.0274176 1
19  0.0464 -0.0305789 0.026306 1
20  0.126936 -0.0227032 0.0261431 1
1  0.104956 0.104956 0 1
2  -0.080564 0.012196 0.0655912 1
3  0.200856 0.0750827 0.0674432 1
4  0.1902 0.103862 0.0563894 1
5  -0.041832 0.0747232 0.052099 1
6  0.038112 0.0686213 0.0437717 1
7  -0.057376 0.0506217 0.041053 1
8  -0.018504 0.041981 0.0368195 1
9  0.112396 0.0498049 0.0335494 1
10  0.077648 0.0525892 0.0303098 1
11  -0.10836 0.0379575 0.0308847 1
12  -0.009052 0.03404 0.0285584 1
13  0.012716 0.0323997 0.0264086 1
14  0.025024 0.0318729 0.0245276 1
15  -0.0464 0.0266547 0.0234409 1
16  -0.083564 0.019766 0.0229657 1
17  0.096164 0.02426 0.0220501 1
18  -0.009432 0.0223882 0.0209044 1
19  0.091376 0.0260192 0.0201171 1
20  0.06124 0.0277802 0.0191881 1
1  0.08352 0.08352 0 1
2  0.006592 0.045056 0.0271982 1
3  -0.172252 -0.02738 0.0618608 1
4  0.125244 0.010776 0.0569602 1
5  -0.006688 0.0072832 0.0456751 1
6  -0.034924 0.000248667 0.0386005 1
7  -0.07578 -0.0106126 0.0345804 1
8  -0.049824 -0.015514 0.0306033 1
9  -0.12348 -0.0275102 0.0294604 1
10  -0.023444 -0.0271036 0.0265172 1
11  -0.09972 -0.0337051 0.0249147 1
12  0.000816 -0.0308283 0.023004 1
13  -0.045232 -0.0319363 0.0212611 1
14  0.04264 -0.0266094 0.0203989 1
15  -0.087028 -0.0306373 0.0194325 1
16  -0.059144 -0.032419 0.0182995 1
17  0.0906 -0.0251826 0.0185989 1
18  0.005012 -0.0235051 0.0176411 1
19  0.042932 -0.0200084 0.0170557 1
20  -0.024476 -0.0202318 0.0162043 1
1  0.020772 0.020772 0 1
2  0.063516 0.042144 0.0151123 1
3  0.06492 0.049736 0.0118291 1
4  0.023844 0.043263 0.0104945 1
5  -0.09598 0.0154144 0.0262854 1
6  0.041512 0.019764 0.0222615 1
7  0.047944 0.0237897 0.0194418 1
8  0.080248 0.030847 0.0182476 1
9  -0.039488 0.023032 0.0178151 1
10  0.042224 0.0249512 0.0161367 1
11  -0.065276 0.0167487 0.0166242 1
12  0.088176 0.022701 0.0162696 1
13  0.019528 0.0224569 0.0150199 1
14  0.007064 0.0213574 0.0139873 1
15  0.104184 0.0268792 0.0141026 1
16  0.018768 0.0263723 0.0132303 1
17  0.000536 0.0248525 0.0125391 1
18  0.07916 0.0278696 0.0122 1
19  -0.045252 0.0240211 0.0121498 1
20  -0.000672 0.0227864 0.0116048 1
1  0.038996 0.038996 0 1
2  0.00462 0.021808 0.0121538 1
3  -0.037648 0.00198933 0.0180971 1
4  0.059756 0.016431 0.0184565 1
5  -0.026328 0.0078792 0.0166288 1
6  -0.032872 0.00108733 0.0151811 1
7  0.040824 0.006764 0.0140337 1
8  -0.017628 0.003715 0.0126063 1
9  0.067972 0.0108547 0.013072 1
10  0.022332 0.0120024 0.0118151 1
11  -0.011908 0.00982873 0.0109391 1
12  0.01478 0.0102413 0.0100353 1
13  -0.041672 0.006248 0.0100264 1
14  -0.027828 0.003814 0.00960116 1
15  0.006472 0.0039912 0.00896272 1
16  -0.011704 0.00301025 0.00845606 1
17  0.094816 0.00841059 0.00952828 1
18  -0.01872 0.00690333 0.00911737 1
19  -0.014012 0.00580253 0.00870371 1
20  0.016896 0.0063572 0.00828618 1
1  -0.016784 -0.016784 0 1
2  -0.014916 -0.01585 0.000660438 1
3  0.040456 0.00291867 0.0153309 1
4  0.034544 0.010825 0.0133825 1
5  -0.038804 0.0008992 0.0139081 1
6  0.002956 0.001242 0.0115943 1
7  0.083924 0.0130537 0.0147766 1
8  -0.057528 0.004231 0.015339 1
9  0.095444 0.0143658 0.0166495 1
10  -0.032976 0.0096316 0.0156431 1
11  -0.007312 0.00809127 0.0142966 1
12  0.05158 0.0117153 0.0135568 1
13  0.011196 0.0116754 0.012514 1
14  0.039636 0.0136726 0.0117785 1
15  -0.01708 0.0116224 0.0111702 1
16  0.017536 0.011992 0.0104782 1
17  0.0151 0.0121748 0.00986344 1
18  -0.068572 0.00768889 0.0102851 1
19  0.021368 0.00840884 0.00976896 1
20  -0.0644 0.0047684 0.0099357 1
1  -0.046192 -0.046192 0 1
2  0.036464 -0.004864 0.0292233 1
3  0.019572 0.00328133 0.0205861 1
4  0.06164 0.017871 0.0199505 1
5  -0.018744 0.010548 0.0172521 1
6  0.016616 0.0115593 0.0144064 1
7  0.020988 0.0129063 0.0124112 1
8  -0.001808 0.011067 0.0109952 1
9  0.05598 0.0160573 0.010847 1
10  -0.01344 0.0131076 0.0101555 1
11  0.008184 0.01266 0.00924211 1
12  -0.008568 0.010891 0.00863958 1
13  0.031056 0.0124422 0.00811305 1
14  -0.000816 0.0114951 0.00758861 1
15  0.007356 0.0112192 0.00708772 1
16  -0.020812 0.00921725 0.00692169 1
17  0.036052 0.0107958 0.00669211 1
18  0.025688 0.0116231 0.00637126 1
19  0.02198 0.0121682 0.00605921 1
20  -0.042708 0.0094244 0.00634716 1
1  0.051104 0.051104 0 1
2  0.005432 0.028268 0.0161475 1
3  0.017668 0.0247347 0.0111449 1
4  -0.00148 0.018181 0.0101035 1
5  -0.015352 0.0114744 0.0100655 1
6  -0.011492 0.00764667 0.00908661 1
7  -0.006816 0.00558057 0.00801998 1
8  -0.024692 0.0017965 0.00785967 1
9  -0.029676 -0.00170044 0.00772523 1
10  0.038612 0.0023308 0.00793511 1
11  0.037324 0.005512 0.00782548 1
12  0.049972 0.009217 0.00800251 1
13  0.02178 0.0101834 0.00744505 1
14  -0.019596 0.00805629 0.00721072 1
15  0.031772 0.00963733 0.00690117 1
16  0.02512 0.010605 0.00653733 1
17  -0.00896 0.00945412 0.00625327 1
18  0.015312 0.00977956 0.00591433 1
19  0.011048 0.00984632 0.00560342 1
20  -0.006496 0.0090292 0.0053825 1
1  0.00708 0.00708 0 1
2  0.026108 0.016594 0.00672741 1
3  0.038088 0.0237587 0.00737132 1
4  0.00244 0.018429 0.00720196 1
5  0.020336 0.0188104 0.00577166 1
6  0.010608 0.0174433 0.00496898 1
7  0.012368 0.0167183 0.0043117 1
8  0.075048 0.0240095 0.00779424 1
9  0.011932 0.0226676 0.00704278 1
10  -0.007752 0.0196256 0.00696454 1
11  0.056908 0.0230149 0.00710843 1
12  -0.00304 0.0208437 0.00683962 1
13  0.010504 0.0200483 0.00635957 1
14  -0.009724 0.0179217 0.00625077 1
15  0.041732 0.0195091 0.00603224 1
16  0.008288 0.0188078 0.00569585 1
17  0.029572 0.0194409 0.00539588 1
18  -0.066524 0.0146651 0.00689287 1
19  0.025136 0.0152162 0.00655208 1
20  -0.010328 0.013939 0.00634774 1
1  0.017728 0.017728 0 1
2  0.0007 0.009214 0.00602031 1
3  0.00322 0.007216 0.00433242 1
4  -0.03338 -0.002933 0.00937068 1
5  0.003432 -0.00166 0.00758252 1
6  0.027596 0.003216 0.00772914 1
7  -0.006556 0.00182 0.00674987 1
8  0.006516 0.002407 0.00593161 1
9  0.012908 0.00357378 0.00538607 1
10  -0.010244 0.002192 0.00502158 1
11  0.006352 0.00257018 0.00457929 1
12  0.02932 0.00479933 0.0047091 1
13  0.005752 0.00487262 0.00434743 1
14  -0.014864 0.00346286 0.00425934 1
15  0.01216 0.00404267 0.00401466 1
16  0.03 0.005665 0.00407838 1
17  0.038988 0.00762518 0.00428371 1
18  0.028684 0.00879511 0.00420245 1
19  0.006576 0.00867832 0.0039829 1
20  0.005964 0.0085426 0.00378606 1
1  -0.002832 -0.002832 0 1
2  -0.010008 -0.00642 0.0025371 1
3  0.032456 0.00653867 0.010715 1
4  0.046148 0.016441 0.0117526 1
5  -0.004048 0.0123432 0.0100912 1
6  0.000948 0.010444 0.00858622 1
7  0.030996 0.01338 0.00784555 1
8  0.003584 0.0121555 0.00695975 1
9  0.036924 0.0149076 0.00670853 1
10  0.030932 0.01651 0.00622612 1
11  -0.02354 0.0128691 0.00663988 1
12  0.048304 0.015822 0.00671112 1
13  -0.013532 0.013564 0.00656376 1
14  -0.008308 0.0120017 0.00627809 1
15  0.018988 0.0124675 0.0058768 1
16  0.019824 0.0129273 0.00552746 1
17  0.059044 0.01564 0.00583011 1
18  0.0475 0.01741 0.00576865 1
19  0.011568 0.0171025 0.00547322 1
20  0.03708 0.0181014 0.00528992 1
1  -0.007976 -0.007976 0 1
2  -0.014072 -0.011024 0.00215526 1
3  0.004792 -0.005752 0.00453804 1
4  0.0179 0.000161 0.00614872 1
5  0.002608 0.0006504 0.00493841 1
6  0.00816 0.001902 0.004271 1
7  0.004352 0.002252 0.00367517 1
8  0.022668 0.004804 0.00400498 1
9  0.028444 0.00743067 0.00433661 1
10  0.011912 0.0078788 0.00392604 1
11  0.03088 0.00996982 0.00408822 1
12  0.043776 0.012787 0.00461727 1
13  -0.005544 0.0113769 0.00447223 1
14  -0.01146 0.00974571 0.00444031 1
15  0.002952 0.0092928 0.00416733 1
16  -0.000372 0.00868875 0.0039504 1
17  -0.007984 0.007708 0.00383784 1
18  -0.01268 0.00657533 0.00378808 1
19  0.056936 0.00922589 0.00441979 1
20  -0.023392 0.007595 0.00448963 1
1  0.000928 0.000928 0 1
2  0.007096 0.004012 0.00218072 1
3  0.040492 0.016172 0.0100345 1
4  0.02016 0.017169 0.00757522 1
5  -0.00538 0.0126592 0.00727986 1
6  0.007476 0.0117953 0.00611759 1
7  0.033112 0.0148406 0.00595353 1
8  0.00612 0.0137505 0.0053082 1
9  0.03682 0.0163138 0.00530129 1
10  0.004008 0.0150832 0.00491191 1
11  0.004136 0.014088 0.00456508 1
12  0.033864 0.015736 0.00447224 1
13  0.013468 0.0155615 0.00413162 1
14  0.00646 0.0149114 0.00388731 1
15  0.017444 0.0150803 0.00363183 1
16  0.00548 0.0144803 0.00345405 1
17  0.024832 0.0150892 0.0033041 1
18  0.009036 0.0147529 0.00313761 1
19  0.003332 0.0141518 0.0030295 1
20  0.016108 0.0142496 0.00287961 1
1  0.001776 0.001776 0 1
2  0.026072 0.013924 0.00858993 1
3  0.016164 0.0146707 0.00575898 1
4  0.024192 0.017051 0.00478595 1
5  0.004376 0.014516 0.00444976 1
6  0.024268 0.0161413 0.00399396 1
7  0.005132 0.0145686 0.00372019 1
8  0.025484 0.015933 0.00349644 1
9  0.01182 0.015476 0.00313767 1
10  0.009504 0.0148788 0.00288017 1
11  0.024856 0.0157858 0.00275746 1
12  -0.006964 0.01389 0.00311187 1
13  0.013376 0.0138505 0.00287275 1
14  -0.00964 0.0121726 0.0031193 1
15  -0.000104 0.0113541 0.00301681 1
16  0.007804 0.0111322 0.00283641 1
17  0.04484 0.0131151 0.00329041 1
18  0.006168 0.0127291 0.00313016 1
19  0.035796 0.0139432 0.00319219 1
20  0.008028 0.0136474 0.00304625 1
1  0.009312 0.009312 0 1
2  0.007172 0.008242 0.000756604 1
3  0.013976 0.0101533 0.00164009 1
4  0.028644 0.014776 0.00418806 1
5  0.000772 0.0119752 0.00418343 1
6  0.00934 0.011536 0.00350917 1
7  0.002564 0.0102543 0.00323347 1
8  0.0291 0.01261 0.00358617 1
9  0.006104 0.0118871 0.00325975 1
10  0.004712 0.0111696 0.0030117 1
11  0.016268 0.0116331 0.00277335 1
12  -0.008564 0.00995 0.00300993 1
13  0.016108 0.0104237 0.00281543 1
14  0.000328 0.00970257 0.0027051 1
15  0.028144 0.010932 0.00279019 1
16  0.028364 0.0120215 0.0028205 1
17  0.005268 0.0116242 0.00268242 1
18  0.011304 0.0116064 0.00253346 1
19  -0.002668 0.0108552 0.00250904 1
20  0.016152 0.01112 0.00239753 1
1  -0.015252 -0.015252 0 1
2  0.02548 0.005114 0.0144009 1
3  0.006436 0.00555467 0.00960736 1
4  -0.002488 0.003544 0.00741294 1
5  0.008268 0.0044888 0.00599026 1
6  0.013468 0.00598533 0.00517544 1
7  0.010132 0.00657771 0.00446987 1
8  0.03902 0.010633 0.00544855 1
9  -0.00162 0.00927156 0.00501036 1
10  0.016952 0.0100396 0.00456781 1
11  0.00024 0.00914873 0.00423854 1
12  0.011484 0.00934333 0.00388979 1
13  -0.008348 0.00798246 0.00382123 1
14  0.021756 0.00896629 0.00367275 1
15  -0.00226 0.00821787 0.00350332 1
16  0.035608 0.00992975 0.00367892 1
17  0.038376 0.0116031 0.00382417 1
18  0.027868 0.0125067 0.00371694 1
19  0.022088 0.0130109 0.00355535 1
20  -0.003476 0.0121866 0.00347184 1
1  0.00574 0.00574 0 1
2  0.0161 0.01092 0.00366281 1
3  0.010268 0.0107027 0.00244831 1
4  0.013044 0.011288 0.00190492 1
5  0.022952 0.0136208 0.00258379 1
6  0.010152 0.0130427 0.00221689 1
7  0.032968 0.0158891 0.00324895 1
8  0.004724 0.0144935 0.00312826 1
9  0.025264 0.0156902 0.00300086 1
10  0.016452 0.0157664 0.00270174 1
11  0.01212 0.0154349 0.00247638 1
12  0.011764 0.015129 0.00228884 1
13  0.01484 0.0151068 0.00211288 1
14  0.006472 0.01449 0.00205 1
15  0.034972 0.0158555 0.00232402 1
16  0.00482 0.0151657 0.00227882 1
17  -0.002268 0.0141402 0.00236429 1
18  -0.000928 0.0133031 0.00237652 1
19  0.021576 0.0137385 0.00229098 1
20  0.036092 0.0148562 0.00243384 1
1  0.008056 0.008056 0 1
2  0.017012 0.012534 0.00316642 1
3  0.008304 0.011124 0.00240448 1
4  0.012044 0.011354 0.00181432 1
5  0.0197 0.0130232 0.00208224 1
6  0.000428 0.010924 0.00258517 1
7  0.01426 0.0114006 0.00225936 1
8  0.015964 0.011971 0.00204769 1
9  0.007704 0.0114969 0.00187425 1
10  0.022436 0.0125908 0.00198049 1
11  0.030556 0.014224 0.00238043 1
12  0.000188 0.0130543 0.00245266 1
13  0.020148 0.0136 0.0023239 1
14  0.010904 0.0134074 0.00216587 1
15  0.030068 0.0145181 0.00228862 1
16  0.021304 0.0149422 0.00218453 1
17  0.019704 0.0152224 0.00207391 1
18  -0.002028 0.014264 0.00216884 1
19  0.02138 0.0146385 0.00208678 1
20  0.000252 0.0139192 0.00210277 1
1  0.01854 0.01854 0 1
2  0.011212 0.014876 0.00259084 1
3  0.016364 0.015372 0.00177407 1
4  0.015568 0.015421 0.00133123 1
5  0.007304 0.0137976 0.0018007 1
6  0.0214 0.0150647 0.00189463 1
7  0.013644 0.0148617 0.00163481 1
8  0.000532 0.0130705 0.00220309 1
9  0.003504 0.0120076 0.00219983 1
10  0.024164 0.0132232 0.00229125 1
11  0.00916 0.0128538 0.00211252 1
12  0.011484 0.0127397 0.00193955 1
13  0.012616 0.0127302 0.00179038 1
14  0.017264 0.013054 0.00169153 1
15  0.010072 0.0128552 0.0015904 1
16  0.005072 0.0123687 0.00156363 1
17  0.008324 0.0121308 0.00148964 1
18  0.01218 0.0121336 0.00140689 1
19  0.02052 0.0125749 0.00140037 1
20  0.023332 0.0131128 0.00142991 1
1  -0.003728 -0.003728 0 1
2  0.01832 0.007296 0.00779515 1
3  0.007284 0.007292 0.00519676 1
4  0.024024 0.011475 0.00532111 1
5  0.029444 0.0150688 0.00533417 1
6  0.02376 0.0165173 0.00463766 1
7  0.01924 0.0169063 0.00399141 1
8  0.008708 0.0158815 0.00362165 1
9  0.023384 0.0167151 0.00331379 1
10  0.0206 0.0171036 0.0030051 1
11  0.00682 0.0161687 0.00287365 1
12  0.012016 0.0158227 0.00265494 1
13  0.023508 0.0164138 0.00251567 1
14  0.01284 0.0161586 0.00234889 1
15  0.017648 0.0162579 0.0021944 1
16  0.017092 0.01631 0.00205787 1
17  0.009548 0.0159122 0.00197488 1
18  -0.001216 0.0149607 0.00208183 1
19  0.008244 0.0146072 0.00200205 1
20  0.015536 0.0146536 0.00190249 1
1  0.0173 0.0173 0 1
2  0.0224 0.01985 0.00180312 1
3  0.005828 0.015176 0.00400115 1
4  0.003164 0.012173 0.00397098 1
5  0.0037 0.0104784 0.00351984 1
6  -0.004056 0.008056 0.00367338 1
7  0.02258 0.0101309 0.00368833 1
8  0.01908 0.0112495 0.00339269 1
9  0.00308 0.0103418 0.0031348 1
10  0.009456 0.0102532 0.00282257 1
11  0.025928 0.0116782 0.00290348 1
12  -0.00244 0.0105017 0.00289008 1
13  0.01928 0.0111769 0.00274552 1
14  0.004964 0.0107331 0.00258503 1
15  0.026704 0.0117979 0.00262281 1
16  0.021084 0.0123783 0.00252228 1
17  0.001128 0.0117165 0.0024592 1
18  0.001616 0.0111553 0.00238574 1
19  0.017284 0.0114779 0.00228187 1
20  0.006768 0.0112424 0.0021799 1
1  0.010296 0.010296 0 1
2  0.010748 0.010522 0.000159806 1
3  0.004608 0.00855067 0.00161311 1
4  0.00772 0.008343 0.00122313 1
5  0.013336 0.0093416 0.00132485 1
6  0.007192 0.00898333 0.00115146 1
7  0.012476 0.00948229 0.00108972 1
8  0.009644 0.0095025 0.000953695 1
9  0.0194 0.0106022 0.00133927 1
10  0.010956 0.0106376 0.00120581 1
11  -0.009924 0.00876836 0.00209238 1
12  0.014296 0.009229 0.00196806 1
13  0.01066 0.00933908 0.00181975 1
14  0.017232 0.00990286 0.00177495 1
15  0.027132 0.0110515 0.00199393 1
16  0.005248 0.0106887 0.00190201 1
17  0.022032 0.011356 0.00190358 1
18  0.006528 0.0110878 0.00181662 1
19  0.016 0.0113463 0.00173931 1
20  0.003552 0.0109566 0.00169544 1
1  -0.003328 -0.003328 0 1
2  0.019444 0.008058 0.00805112 1
3  0.012516 0.009544 0.00550284 1
4  0.015836 0.011117 0.00434614 1
5  0.008968 0.0106872 0.0034981 1
6  0.016192 0.0116047 0.00303301 1
7  0.017116 0.012392 0.00269998 1
8  0.004512 0.011407 0.0025358 1
9  0.021976 0.0125813 0.00251128 1
10  0.026164 0.0139396 0.00260167 1
11  0.00226 0.0128778 0.00257271 1
12  0.014292 0.0129957 0.00236102 1
13  0.028324 0.0141748 0.00245624 1
14  0.015636 0.0142791 0.00228301 1
15  0.021552 0.014764 0.00218169 1
16  0.01346 0.0146825 0.00204686 1
17  0.007532 0.0142619 0.0019692 1
18  0.010848 0.0140722 0.00186891 1
19  0.010072 0.0138617 0.00178236 1
20  0.014908 0.013914 0.00169401 1
1  0.017728 0.017728 0 1
2  0.016296 0.017012 0.000506288 1
3  0.027936 0.0206533 0.00299223 1
4  0.009308 0.017817 0.00332715 1
5  0.00368 0.0149896 0.00367153 1
6  0.021876 0.0161373 0.00323403 1
7  0.020456 0.0167543 0.00283026 1
8  0.024916 0.0177745 0.00265399 1
9  0.002628 0.0160916 0.00284306 1
10  0.01392 0.0158744 0.00256703 1
11  0.018008 0.0160684 0.00234098 1
12  0.017992 0.0162287 0.00215138 1
13  0.007008 0.0155194 0.00209956 1
14  0.028536 0.0164491 0.0021456 1
15  0.015624 0.0163941 0.00200326 1
16  0.00744 0.0158345 0.00195467 1
17  0.020068 0.0160835 0.00185548 1
18  -0.005464 0.0148864 0.0021034 1
19  0.012632 0.0147678 0.00199604 1
20  0.001344 0.0140966 0.00200592 1
1  0.017888 0.017888 0 1
2  0.01936 0.018624 0.000520431 1
3  0.022996 0.0200813 0.00123946 1
4  0.01098 0.017806 0.00217876 1
5  0.023328 0.0189104 0.00200346 1
6  -0.000776 0.0156293 0.00342907 1
7  0.01352 0.015328 0.00295242 1
8  0.02244 0.016217 0.00271391 1
9  0.005304 0.0150044 0.00266954 1
10  0.005064 0.0140104 0.00258103 1
11  0.025716 0.0150745 0.00255637 1
12  0.013708 0.0149607 0.00234587 1
13  0.004472 0.0141538 0.00229998 1
14  0.019044 0.0145031 0.00216206 1
15  0.00944 0.0141656 0.0020441 1
16  0.00288 0.0134603 0.00203441 1
17  0.019652 0.0138245 0.00194706 1
18  0.011732 0.0137082 0.00184236 1
19  0.013108 0.0136766 0.00174567 1
20  0.005968 0.0132912 0.0017004 1
1  0.010036 0.010036 0 1
2  0.027288 0.018662 0.0060995 1
3  0.013528 0.0169507 0.00429971 1
4  0.018168 0.017255 0.00323554 1
5  0.005428 0.0148896 0.00334306 1
6  0.009996 0.014074 0.00288366 1
7  0.004292 0.0126766 0.00278983 1
8  0.021308 0.0137555 0.00264151 1
9  0.02392 0.0148849 0.00257817 1
10  0.000272 0.0134236 0.00270293 1
11  0.0066 0.0128033 0.00252739 1
12  0.008756 0.012466 0.00233917 1
13  -0.005432 0.0110892 0.00253219 1
14  0.01466 0.0113443 0.00236413 1
15  0.017704 0.0117683 0.00224422 1
16  0.00934 0.0116165 0.00210908 1
17  0.02012 0.0121167 0.00204347 1
18  0.015264 0.0122916 0.00193741 1
19  -0.00438 0.0114141 0.00202441 1
20  0.008796 0.0112832 0.00192742 1
1  0.005856 0.005856 0 1
2  0.018548 0.012202 0.0044873 1
3  0.006636 0.0103467 0.00335322 1
4  0.010216 0.010314 0.00251508 1
5  0.000772 0.0084056 0.00263856 1
6  0.007012 0.00817333 0.002209 1
7  0.023292 0.0103331 0.00275381 1
8  0.00838 0.010089 0.00242038 1
9  0.015744 0.0107173 0.00223152 1
10  0.00698 0.0103436 0.00203942 1
11  0.00848 0.0101742 0.00186104 1
12  0.013736 0.010471 0.00172946 1
13  0.011344 0.0105382 0.00159773 1
14  0.004604 0.0101143 0.0015388 1
15  0.005236 0.00978907 0.00147018 1
16  0.013524 0.0100225 0.00139671 1
17  0.001296 0.00950918 0.00140571 1
18  0.011964 0.00964556 0.00133422 1
19  0.013592 0.00985326 0.00128006 1
20  0.008216 0.0097714 0.00121867 1
1  0.137528 0.137528 0 0
2  -0.196556 -0.029514 0.118117 0
3  0.2055 0.048824 0.101449 0
4  -0.868432 -0.18049 0.212668 0
5  -0.007424 -0.145877 0.172929 0
6  -0.062156 -0.131923 0.144669 0
7  -0.157308 -0.13555 0.124047 0
8  0.0097 -0.117393 0.109862 0
9  0.070656 -0.0964991 0.0996224 0
10  0.340644 -0.0527848 0.0987866 0
11  -0.644096 -0.10654 0.103403 0
12  0.019568 -0.0960313 0.0953182 0
13  0.791172 -0.0277849 0.109731 0
14  -0.320736 -0.04871 0.103869 0
15  -0.615684 -0.0865083 0.103594 0
16  -0.054888 -0.084532 0.0971379 0
17  -0.496008 -0.108736 0.0943913 0
18  -0.336504 -0.12139 0.0899915 0
19  -0.119444 -0.121288 0.0852552 0
20  -0.167576 -0.123602 0.0810239 0
1  -0.248956 -0.248956 0 0
2  0.48734 0.119192 0.26032 0
3  -0.430732 -0.064116 0.229172 0
4  0.276804 0.021114 0.187057 0
5  -0.166048 -0.0163184 0.153345 0
6  -0.367864 -0.0749093 0.13853 0
7  0.012008 -0.0624926 0.119295 0
8  -0.198976 -0.079553 0.105596 0
9  -0.533608 -0.130004 0.105227 0
10  0.040008 -0.113002 0.0960679 0
11  0.321988 -0.0734578 0.0951258 0
12  -0.128852 -0.078074 0.0873106 0
13  -0.037416 -0.0749465 0.0806504 0
14  -0.646912 -0.115801 0.084607 0
15  0.044628 -0.105106 0.0796397 0
16  -0.03674 -0.100833 0.0747767 0
17  -0.144608 -0.103408 0.0704224 0
18  0.089128 -0.0927116 0.0673175 0
19  0.038884 -0.0857855 0.0641298 0
20  -0.452312 -0.104112 0.0634879 0
1  0.16532 0.16532 0 0
2  0.135188 0.150254 0.0106533 0
3  -0.195004 0.035168 0.0942353 0
4  -0.055032 0.012618 0.0733249 0
5  -0.125408 -0.0149872 0.0636445 0
6  0.141408 0.0110787 0.0581303 0
7  -0.293556 -0.0324406 0.064078 0
8  0.080964 -0.018265 0.0576149 0
9  0.340352 0.0215813 0.0635146 0
10  0.315756 0.0509988 0.0636119 0
11  0.052448 0.0511305 0.0578292 0
12  -0.238864 0.0269643 0.0578395 0
13  0.027676 0.0270191 0.0533903 0
14  -0.00934 0.024422 0.0496399 0
15  -0.014744 0.0218109 0.0463991 0
16  0.079188 0.025397 0.0436376 0
17  -0.257788 0.00873906 0.0441357 0
18  -0.126532 0.001224 0.0423187 0
19  -0.265372 -0.0128074 0.0423537 0
20  -0.29322 -0.026828 0.0424934 0
1  0.035396 0.035396 0 0
2  0.180524 0.10796 0.0513105 0
3  0.018744 0.0782213 0.0419489 0
4  0.1434 0.094516 0.0344815 0
5  -0.166876 0.0422376 0.0542897 0
6  0.040164 0.041892 0.0452425 0
7  -0.229912 0.00306286 0.0528786 0
8  -0.143492 -0.0152565 0.0493402 0
9  0.06686 -0.00613244 0.0446936 0
10  -0.081752 -0.0136944 0.0408589 0
11  0.064616 -0.00657527 0.0377596 0
12  0.271852 0.016627 0.0411283 0
13  -0.148124 0.00395385 0.0398694 0
14  0.239736 0.0207954 0.0404225 0
15  -0.126436 0.01098 0.0389011 0
16  0.012924 0.0111015 0.0364699 0
17  -0.023164 0.00908588 0.0343803 0
18  -0.13286 0.0012 0.0333624 0
19  0.095364 0.006156 0.0319725 0
20  0.047032 0.0081998 0.0304391 0
1  -0.069552 -0.069552 0 0
2  0.209992 0.07022 0.0988337 0
3  0.104176 0.0815387 0.0665341 0
4  0.06446 0.077269 0.0500374 0
5  0.00138 0.0620912 0.0422692 0
6  0.06796 0.0630693 0.0352357 0
7  0.073904 0.0646171 0.030236 0
8  0.072924 0.0656555 0.0264743 0
9  -0.063344 0.0513222 0.0271368 0
10  -0.042256 0.0419644 0.0259865 0
11  0.048084 0.0425207 0.0236301 0
12  0.145248 0.0510813 0.0231597 0
13  0.077068 0.0530803 0.0214643 0
14  0.140552 0.0593283 0.0208206 0
15  -0.04396 0.0524424 0.0205397 0
16  -0.151424 0.0397008 0.0228691 0
17  0.113124 0.0440198 0.0219279 0
18  -0.006288 0.0412249 0.020887 0
19  -0.0117 0.0384394 0.0199726 0
20  0.041328 0.0385838 0.0189745 0
1  0.08558 0.08558 0 0
2  0.1218 0.10369 0.0128057 0
3  0.066868 0.091416 0.013165 0
4  0.064292 0.084635 0.0114881 0
5  -0.000928 0.0675224 0.0178532 0
6  0.155644 0.0822093 0.0200275 0
7  0.076848 0.0814434 0.0171811 0
8  -0.025176 0.068116 0.01953 0
9  -0.102788 0.0491267 0.0249379 0
10  0.033004 0.0475144 0.0224962 0
11  0.126232 0.0546705 0.0215592 0
12  0.1256 0.0605813 0.0205569 0
13  -0.031224 0.0535194 0.0201522 0
14  -0.071088 0.0446189 0.0205846 0
15  -0.063052 0.0374408 0.0204255 0
16  -0.0034 0.0348883 0.0193078 0
17  -0.008112 0.0323588 0.018337 0
18  0.010364 0.0311369 0.0173589 0
19  0.017972 0.030444 0.0164591 0
20  0.05488 0.0316658 0.0156814 0
1  0.001232 0.001232 0 0
2  0.092244 0.046738 0.0321776 0
3  -0.016184 0.025764 0.027449 0
4  0.066604 0.035974 0.0224053 0
5  -0.026856 0.023408 0.0211566 0
6  0.13608 0.0421867 0.0245907 0
7  0.12354 0.0538086 0.0236652 0
8  0.007772 0.048054 0.0213953 0
9  0.126732 0.056796 0.0207272 0
10  0.005544 0.0516708 0.0192777 0
11  0.008532 0.0477491 0.0179197 0
12  0.01358 0.0449017 0.016651 0
13  -0.173524 0.0280997 0.0222898 0
14  0.020976 0.0275909 0.0207034 0
15  0.043048 0.0286213 0.0193488 0
16  0.03504 0.0290225 0.0181437 0
17  -0.051684 0.0242751 0.0176866 0
18  0.056344 0.0260567 0.0167935 0
19  -0.03002 0.0231053 0.0161669 0
20  -0.051084 0.0193958 0.0157784 0
1  -0.01944 -0.01944 0 0
2  0.033328 0.006944 0.0186563 0
3  0.0981 0.0373293 0.0277526 0
4  0.013272 0.031315 0.0214562 0
5  0.033904 0.0318328 0.0171712 0
6  -0.024196 0.0224947 0.0166561 0
7  0.05838 0.0276211 0.0150449 0
8  -0.019664 0.0217105 0.0142782 0
9  -0.018124 0.0172844 0.0133601 0
10  0.032104 0.0187664 0.012106 0
11  -0.035808 0.0138051 0.0119791 0
12  -0.04796 0.008658 0.0120359 0
13  0.003052 0.00822677 0.0111178 0
14  -0.022912 0.00600257 0.0105438 0
15  -0.024096 0.003996 0.01003 0
16  0.01724 0.00482375 0.00943721 0
17  -0.024752 0.003084 0.00904102 0
18  -0.000128 0.00290556 0.0085405 0
19  -0.091096 -0.00204189 0.00941559 0
20  0.055512 0.0008358 0.00937425 0
1  0.019732 0.019732 0 0
2  -0.004352 0.00769 0.00851498 0
3  0.017468 0.0109493 0.00626949 0
4  -0.028688 0.00104 0.0097855 0
5  -0.019228 -0.0030136 0.00862724 0
6  -0.017224 -0.005382 0.00750742 0
7  0.018092 -0.00202857 0.00714474 0
8  0.071432 0.007154 0.0106237 0
9  -0.026712 0.00339111 0.0100877 0
10  -0.007704 0.0022816 0.00913974 0
11  0.019884 0.00388182 0.00844778 0
12  -0.037748 0.000412667 0.00842606 0
13  0.015972 0.00160954 0.00786245 0
14  -0.073936 -0.00378657 0.00896328 0
15  0.009908 -0.0028736 0.0084121 0
16  0.053528 0.0006515 0.00859326 0
17  -0.0899 -0.00467506 0.00959767 0
18  0.021864 -0.00320067 0.00917702 0
19  -0.058484 -0.00611032 0.00914365 0
20  -0.008612 -0.0062354 0.00868733 0
1  -0.030204 -0.030204 0 0
2  -0.018264 -0.024234 0.00422143 0
3  0.012884 -0.0118613 0.0104869 0
4  -0.00334 -0.009731 0.00807867 0
5  0.053784 0.002972 0.0130714 0
6  0.005412 0.00337867 0.0108992 0
7  0.04422 0.00921314 0.0107914 0
8  0.007232 0.0089655 0.00944531 0
9  0.035892 0.0119573 0.008857 0
10  0.046676 0.0154292 0.00862497 0
11  0.015544 0.0154396 0.00784089 0
12  0.033888 0.016977 0.00733665 0
13  -0.036972 0.0128271 0.00785882 0
14  0.006316 0.012362 0.00731122 0
15  -0.025024 0.0098696 0.00723618 0
16  0.015928 0.0102482 0.00679382 0
17  -0.00876 0.00913012 0.00648554 0
18  -0.04254 0.00625956 0.00673059 0
19  -0.030696 0.00431453 0.00665145 0
20  -0.01216 0.0034908 0.00636968 0
1  0.003308 0.003308 0 0
2  -0.010076 -0.003384 0.00473196 0
3  0.012688 0.00197333 0.00539312 0
4  -0.023508 -0.004397 0.0068408 0
5  0.039696 0.0044216 0.00960021 0
6  -0.014796 0.00121867 0.00851773 0
7  0.0094 0.00238743 0.00738066 0
8  0.04516 0.007734 0.00816819 0
9  -0.016396 0.00505289 0.00768806 0
10  -0.05216 -0.0006684 0.00879408 0
11  0.01902 0.00112145 0.00817473 0
12  0.021636 0.002831 0.00767018 0
13  0.026388 0.00464308 0.00729107 0
14  0.010856 0.00508686 0.00678378 0
15  0.0111 0.00548773 0.00634336 0
16  -0.014212 0.0042565 0.00606521 0
17  0.022408 0.00532424 0.00580166 0
18  0.005392 0.005328 0.00547934 0
19  -0.01096 0.00447074 0.00525759 0
20  -0.039932 0.0022506 0.00544332 0
1  -0.012908 -0.012908 0 0
2  0.000352 -0.006278 0.00468812 0
3  -0.00258 -0.00504533 0.00328347 0
4  -0.013792 -0.007232 0.00310653 0
5  0.034264 0.0010672 0.00782801 0
6  0.008452 0.002298 0.00661939 0
7  -0.006984 0.000972 0.00580506 0
8  0.013084 0.002486 0.00527316 0
9  -0.028456 -0.000952 0.00569885 0
10  0.015032 0.0006464 0.00534843 0
11  -0.010328 -0.000351273 0.00495438 0
12  0.02174 0.00148967 0.00487155 0
13  -0.012424 0.000419385 0.00461289 0
14  -0.018968 -0.000965429 0.00448645 0
15  0.03194 0.00122827 0.00469312 0
16  -0.016384 0.0001275 0.00452705 0
17  -0.013052 -0.000647765 0.00432663 0
18  -0.009776 -0.00115489 0.00411588 0
19  0.056924 0.00190189 0.00490472 0
20  -0.023544 0.0006296 0.00482168 0
1  0.010016 0.010016 0 0
2  0.012272 0.011144 0.000797616 0
3  0.010872 0.0110533 0.000536873 0
4  -0.01274 0.005105 0.00516712 0
5  0.018556 0.0077952 0.00478301 0
6  -0.003416 0.00592667 0.00433549 0
7  0.014972 0.00721886 0.00390395 0
8  0.01072 0.0076565 0.0034404 0
9  0.003728 0.00722 0.0030857 0
10  0.0104 0.007538 0.00279347 0
11  -0.013588 0.00561745 0.00313087 0
12  -0.00248 0.00494267 0.00294178 0
13  -0.009728 0.00381415 0.00292395 0
14  0.012072 0.004404 0.00277395 0
15  0.011868 0.0049016 0.00263327 0
16  0.034644 0.0067605 0.00305516 0
17  0.00304 0.00654165 0.00288327 0
18  0.005128 0.00646311 0.00272416 0
19  -0.033304 0.00437011 0.00328794 0
20  0.003724 0.0043378 0.0031237 0
1  0.013716 0.013716 0 0
2  -0.01776 -0.002022 0.0111284 0
3  0.012524 0.00282667 0.00840917 0
4  -0.01262 -0.001035 0.0071387 0
5  -0.011372 -0.0031024 0.00600286 0
6  0.017108 0.000266 0.00587188 0
7  0.001228 0.000403429 0.00503465 0
8  -0.008424 -0.0007 0.00452462 0
9  -0.017924 -0.00261378 0.00440808 0
10  -0.00846 -0.0031984 0.00400585 0
11  -0.006752 -0.00352145 0.00365468 0
12  -0.001676 -0.00336767 0.00335336 0
13  0.039536 -6.73846e-05 0.00443121 0
14  -0.005732 -0.000472 0.00413312 0
15  0.013068 0.000430667 0.00395492 0
16  0.00336 0.00061375 0.00371198 0
17  -0.000796 0.000530824 0.00349455 0
18  0.038244 0.002626 0.00387796 0
19  -0.017164 0.00158442 0.00381117 0
20  0.014168 0.0022136 0.00367218 0
1  -0.013364 -0.013364 0 0
2  0.01694 0.001788 0.0107141 0
3  0.002592 0.002056 0.00714607 0
4  0.01586 0.005507 0.00613652 0
5  -0.013244 0.0017568 0.00594572 0
6  0.052764 0.010258 0.00920734 0
7  -0.009496 0.007436 0.00831323 0
8  0.023888 0.0094925 0.00752414 0
9  0.02038 0.0107022 0.00678468 0
10  0.045452 0.0141772 0.00693929 0
11  -0.010676 0.0119178 0.00666612 0
12  0.04462 0.014643 0.00664434 0
13  0.012468 0.0144757 0.00613535 0
14  0.013308 0.0143923 0.00569767 0
15  -0.013868 0.0125083 0.00562069 0
16  -0.016728 0.010681 0.00555849 0
17  0.017292 0.0110699 0.00524511 0
18  0.031864 0.0122251 0.00507934 0
19  -0.009924 0.0110594 0.00494397 0
20  -0.017724 0.0096202 0.00490176 0
1  -0.02242 -0.02242 0 0
2  -0.00092 -0.01167 0.0076014 0
3  0.022164 -0.000392 0.0105108 0
4  -0.010336 -0.002878 0.00817178 0
5  -0.01536 -0.0053744 0.00690822 0
6  0.005372 -0.00358333 0.00598453 0
7  -0.016404 -0.00541486 0.00540259 0
8  0.028184 -0.001215 0.00614663 0
9  -0.005192 -0.00165689 0.00547953 0
10  -0.013056 -0.0027968 0.00504875 0
11  0.000492 -0.00249782 0.00459862 0
12  0.008772 -0.00155867 0.00431023 0
13  0.015764 -0.000226154 0.00417958 0
14  0.003588 4.62857e-05 0.00388991 0
15  0.015392 0.00106933 0.00376271 0
16  0.026756 0.00267475 0.00385484 0
17  0.026252 0.00406165 0.00386954 0
18  -0.007736 0.00340622 0.00370966 0
19  0.00488 0.00348379 0.00351522 0
20  0.002428 0.003431 0.00333986 0
1  -0.006968 -0.006968 0 0
2  0.007744 0.000388 0.00520148 0
3  -0.013444 -0.00422267 0.00511828 0
4  -0.015908 -0.007144 0.00459743 0
5  0.022604 -0.0011944 0.00646881 0
6  -0.004812 -0.00179733 0.0054187 0
7  -0.006608 -0.00248457 0.00468797 0
8  0.021604 0.0005265 0.00497589 0
9  0.017628 0.00242667 0.00477205 0
10  -0.002088 0.0019752 0.00431615 0
11  0.020536 0.00366255 0.00424079 0
12  -0.00758 0.00272567 0.00398954 0
13  0.003576 0.00279108 0.00368319 0
14  0.004404 0.00290629 0.0034219 0
15  0.006164 0.00312347 0.00320066 0
16  0.007696 0.00340925 0.00301335 0
17  0.00938 0.00376047 0.00285649 0
18  0.017468 0.004522 0.00279746 0
19  0.0218 0.00543137 0.00279413 0
20  -0.002324 0.0050436 0.00268119 0
1  -0.017536 -0.017536 0 0
2  0.005964 -0.005786 0.0083085 0
3  -0.009644 -0.007072 0.00563765 0
4  0.011124 -0.002523 0.0057791 0
5  -0.018236 -0.0056656 0.00541068 0
6  -0.006996 -0.00588733 0.00451344 0
7  0.020896 -0.00206114 0.00524547 0
8  0.023976 0.0011935 0.0055077 0
9  0.025876 0.003936 0.00553659 0
10  -0.001944 0.003348 0.00501405 0
11  0.022012 0.00504473 0.0048368 0
12  0.010524 0.00550133 0.00445523 0
13  -0.00074 0.00502123 0.00413831 0
14  0.027568 0.00663171 0.00414426 0
15  -0.000308 0.00616907 0.00389371 0
16  -0.001104 0.0057145 0.00367679 0
17  0.001992 0.00549553 0.00346703 0
18  -0.007948 0.00474867 0.00335389 0
19  -0.015088 0.00370463 0.00333592 0
20  -0.001992 0.0034198 0.00318126 0
1  0.003752 0.003752 0 0
2  0.009744 0.006748 0.00211849 0
3  0.001448 0.00498133 0.00201876 0
4  0.0055 0.005111 0.00151823 0
5  0.034432 0.0109752 0.00538389 0
6  0.016252 0.0118547 0.00455784 0
7  0.0212 0.0131897 0.00409758 0
8  0.0016 0.011741 0.00383294 0
9  -0.00794 0.00955422 0.0039823 0
10  -0.00222 0.0083768 0.0037541 0
11  -0.0056 0.00710618 0.00362146 0
12  -0.008316 0.005821 0.00354038 0
13  0.003344 0.00563046 0.00327317 0
14  0.004676 0.00556229 0.00304008 0
15  -0.007008 0.00472427 0.00295065 0
16  0.021172 0.00575225 0.00293986 0
17  -0.002924 0.00524188 0.00281088 0
18  -0.00948 0.004424 0.00277115 0
19  0.006116 0.00451305 0.00262673 0
20  0.026576 0.0056162 0.00271718 0
1  0.011048 0.011048 0 0
2  0.011912 0.01148 0.00030547 0
3  0.004292 0.009084 0.0019669 0
4  0.017668 0.01123 0.00237279 0
5  0.014316 0.0118472 0.00197687 0
6  0.0109 0.0116893 0.00165369 0
7  0.003536 0.0105246 0.00178101 0
8  0.009184 0.010357 0.00156625 0
9  0.020344 0.0114667 0.0017415 0
10  0.00826 0.011146 0.0015966 0
11  0.001328 0.0102535 0.00168254 0
12  0.007964 0.0100627 0.00155311 0
13  0.003928 0.00959077 0.00150362 0
14  -0.00832 0.00831143 0.00186259 0
15  -0.02692 0.00596267 0.00285849 0
16  0.013268 0.00641925 0.00271606 0
17  -0.007756 0.00558541 0.00268123 0
18  0.018916 0.006326 0.00263257 0
19  0.007264 0.00637537 0.00249447 0
20  0.009576 0.0065354 0.00237488 0
1  0.00998 0.00998 0 0
2  0.00484 0.00741 0.00181726 0
3  0.007208 0.00734267 0.00121276 0
4  0.004156 0.006546 0.00114163 0
5  -0.00462 0.0043128 0.00219633 0
6  -0.019696 0.000311333 0.00408571 0
7  0.009812 0.00166857 0.00372065 0
8  0.020708 0.0040485 0.00394395 0
9  -0.000804 0.00350933 0.0035424 0
10  0.026344 0.0057928 0.0038545 0
11  0.002228 0.00546873 0.00351768 0
12  0.006636 0.005566 0.00322589 0
13  0.029888 0.00743692 0.00347823 0
14  0.005816 0.00732114 0.00323171 0
15  -0.015808 0.0057792 0.00336406 0
16  0.00476 0.0057155 0.00315441 0
17  -0.005804 0.00503788 0.00304077 0
18  -0.014992 0.00392511 0.0030687 0
19  0.01326 0.00441642 0.00294626 0
20  -0.001484 0.0041214 0.00281367 0
1  0.013768 0.013768 0 0
2  0.00074 0.007254 0.00460609 0
3  -0.01216 0.000782667 0.00611131 0
4  0.00488 0.001807 0.00466854 0
5  0.015128 0.0044712 0.00443028 0
6  -0.007564 0.00246533 0.00412105 0
7  -0.00428 0.00150171 0.00364324 0
8  0.017472 0.003498 0.0036945 0
9  0.013952 0.00465956 0.00346178 0
10  0.010044 0.005198 0.0031572 0
11  0.006328 0.00530073 0.00287186 0
12  0.004924 0.00526933 0.00263271 0
13  0.005624 0.00529662 0.00243033 0
14  0.005384 0.00530286 0.00225674 0
15  0.02136 0.00637333 0.00234649 0
16  0.009408 0.006563 0.00220748 0
17  0.0021 0.00630047 0.00209318 0
18  0.021532 0.00714667 0.00214112 0
19  0.018424 0.00774021 0.00210909 0
20  0.00694 0.0077002 0.00200402 0
1  0.026532 0.026532 0 0
2  0.007672 0.017102 0.00666802 0
3  0.003588 0.0125973 0.00576967 0
4  0.001948 0.009935 0.00490318 0
5  0.004648 0.0088776 0.00403495 0
6  0.009072 0.00891 0.00336259 0
7  0.0034 0.00812286 0.00297292 0
8  -0.009752 0.0058885 0.00333693 0
9  0.004024 0.00568133 0.00297258 0
10  0.006192 0.0057324 0.00267576 0
11  0.004904 0.00565709 0.00243357 0
12  0.010164 0.00603267 0.00225957 0
13  -0.010304 0.004776 0.00241 0
14  -0.004396 0.00412086 0.0023252 0
15  0.0003 0.00386613 0.0021841 0
16  -0.011672 0.002895 0.00225317 0
17  0.01188 0.00342353 0.00218174 0
18  0.007484 0.00364911 0.00207216 0
19  0.023512 0.00469453 0.00221114 0
20  0.015192 0.0052194 0.00216198 0
1  -0.000884 -0.000884 0 0
2  -0.004288 -0.002586 0.0012035 0
3  0.00678 0.000536 0.00267239 0
4  0.012532 0.003535 0.00328065 0
5  -0.002152 0.0023976 0.00281479 0
6  0.00226 0.00237467 0.00234575 0
7  -0.005884 0.00119486 0.00228819 0
8  0.017384 0.0032185 0.00275534 0
9  0.001988 0.00308178 0.00245258 0
10  0.006172 0.0033908 0.00222671 0
11  0.004552 0.00349636 0.00202678 0
12  0.0006 0.003255 0.0018722 0
13  0.007916 0.00361354 0.00176218 0
14  0.002708 0.00354886 0.0016375 0
15  0.008256 0.00386267 0.00155811 0
16  0.019324 0.004829 0.00173469 0
17  -0.005992 0.00419247 0.00174553 0
18  0.01458 0.00476956 0.00174134 0
19  0.005144 0.00478926 0.0016498 0
20  0.002892 0.0046944 0.00157004 0
1  0.007168 0.007168 0 0
2  -0.00222 0.002474 0.00331916 0
3  0.015772 0.00690667 0.0042421 0
4  0.00646 0.006795 0.00318304 0
5  0.001236 0.0056832 0.00273372 0
6  0.004484 0.00548333 0.00228539 0
7  -0.001812 0.00444114 0.00218365 0
8  -0.00044 0.003831 0.00199411 0
9  0.01554 0.005132 0.00215556 0
10  0.010012 0.00562 0.00199448 0
11  0.005712 0.00562836 0.00181318 0
12  -0.004596 0.00477633 0.00185148 0
13  0.004472 0.00475292 0.00170921 0
14  0.017608 0.00567114 0.0018171 0
15  0.005008 0.00562693 0.0016965 0
16  -0.006812 0.0048495 0.00175961 0
17  0.006784 0.00496329 0.00165978 0
18  0.000404 0.00471 0.00158677 0
19  0.009484 0.00496126 0.00152302 0
20  0.009608 0.0051936 0.00146449 0
1  0.008308 0.008308 0 0
2  -0.002276 0.003016 0.00374201 0
3  0.022508 0.00951333 0.00586233 0
4  -0.001556 0.006746 0.0050075 0
5  0.008328 0.0070624 0.00401598 0
6  0.014468 0.00829667 0.00353123 0
7  0.000676 0.007208 0.00319017 0
8  0.000428 0.0063605 0.00290179 0
9  0.008596 0.00660889 0.00258998 0
10  0.022416 0.0081896 0.00277169 0
11  0.01404 0.00872145 0.00257024 0
12  0.011808 0.00897867 0.00236889 0
13  0.012928 0.00928246 0.00220606 0
14  -0.001452 0.00851571 0.00217766 0
15  -0.003452 0.00771787 0.00217373 0
16  0.001644 0.00733825 0.00207075 0
17  0.01856 0.00799835 0.00205146 0
18  0.002 0.00766511 0.00196437 0
19  0.003748 0.00745895 0.00187177 0
20  -0.00494 0.006839 0.00187804 0
1  -0.007268 -0.007268 0 0
2  0.017236 0.004984 0.00866347 0
3  0.004616 0.00486133 0.00577652 0
4  0.012712 0.006824 0.00465388 0
5  -3.6e-05 0.005452 0.00392013 0
6  0.017712 0.00749533 0.0037618 0
7  -0.001648 0.00618914 0.00344372 0
8  -0.000388 0.005367 0.00310984 0
9  0.021628 0.00717378 0.00324701 0
10  0.002592 0.0067156 0.00295446 0
11  0.00258 0.00633964 0.00270969 0
12  0.005268 0.00625033 0.00248535 0
13  0.009032 0.00646431 0.00230337 0
14  0.014612 0.00704629 0.00221114 0
15  0.007352 0.00706667 0.00206382 0
16  0.011192 0.0073245 0.00195087 0
17  -0.004796 0.00661153 0.00196208 0
18  0.003512 0.00643933 0.00186061 0
19  0.016416 0.00696442 0.00183529 0
20  0.017176 0.007475 0.00181315 0
1  0.002664 0.002664 0 0
2  0.012724 0.007694 0.00355675 0
3  0.012268 0.00921867 0.00267809 0
4  0.002052 0.007427 0.00253809 0
5  0.0161 0.0091616 0.00255536 0
6  0.004188 0.00833267 0.00225992 0
7  0.001276 0.00732457 0.0021502 0
8  0.008536 0.007476 0.00188675 0
9  0.006628 0.00738178 0.00167946 0
10  0.009432 0.0075868 0.00152398 0
11  -0.004276 0.00650836 0.00172532 0
12  0.003116 0.00622567 0.00160453 0
13  0.000404 0.00577785 0.00154233 0
14  0.00196 0.00550514 0.00145608 0
15  0.012632 0.00598027 0.00143443 0
16  0.002204 0.00574425 0.00136406 0
17  0.015028 0.00629035 0.00138884 0
18  0.00988 0.00648978 0.00132592 0
19  0.002392 0.00627411 0.00127356 0
20  -0.002852 0.0058178 0.00128903 0
1  0.00796 0.00796 0 0
2  0.00272 0.00534 0.00185262 0
3  0.015668 0.00878267 0.0030703 0
4  0.0147 0.010262 0.00263512 0
5  0.01056 0.0103216 0.00210877 0
6  -0.00416 0.007908 0.00281828 0
7  0.014496 0.00884914 0.00256801 0
8  0.01614 0.0097605 0.00240329 0
9  0.011436 0.00994667 0.00214345 0
10  0.00162 0.009114 0.00208458 0
11  -0.004096 0.00791309 0.00221413 0
12  0.00674 0.00781533 0.00203177 0
13  0.002964 0.00744215 0.00190945 0
14  0.009536 0.00759171 0.00177891 0
15  0.00794 0.00761493 0.00166046 0
16  0.009592 0.0077385 0.00156128 0
17  -0.001416 0.0072 0.00155954 0
18  0.01688 0.00773778 0.00156287 0
19  0.00226 0.00744947 0.00150697 0
20  0.01908 0.008031 0.00153974 0
1  0.006788 0.006788 0 0
2  0.013768 0.010278 0.0024678 0
3  0.003684 0.00808 0.00243464 0
4  -0.004048 0.005048 0.00319828 0
5  0.0174 0.0075184 0.00338066 0
6  0.012052 0.008274 0.00290043 0
7  -0.001832 0.00683029 0.00282261 0
8  0.010844 0.007332 0.00251398 0
9  -0.004088 0.00606311 0.00253473 0
10  -0.001396 0.0053172 0.00238849 0
11  0.014836 0.00618255 0.00232282 0
12  -0.00354 0.00537233 0.00226616 0
13  -0.001556 0.00483938 0.00215359 0
14  0.004784 0.00483543 0.00199977 0
15  0.008 0.0050464 0.00187755 0
16  0.00426 0.00499725 0.00176084 0
17  0.008552 0.00520635 0.00166963 0
18  0.006408 0.00527311 0.00157821 0
19  0.00174 0.00508716 0.00150606 0
20  0.009048 0.0052852 0.00144372 0
1  0.010032 0.010032 0 0
2  0.013724 0.011878 0.00130532 0
3  0.006288 0.0100147 0.0017527 0
4  0.0074 0.009361 0.00143123 0
5  0.005836 0.008656 0.00130714 0
6  0.012848 0.00935467 0.00126227 0
7  0.006804 0.00899029 0.00113332 0
8  0.001764 0.008087 0.00130281 0
9  -0.00098 0.00707956 0.00149775 0
10  0.00078 0.0064496 0.00147452 0
11  0.01292 0.00703782 0.00145307 0
12  0.00782 0.007103 0.00133344 0
13  0.004884 0.00693231 0.00124174 0
14  -0.003792 0.00616629 0.00136909 0
15  -0.015512 0.00472107 0.00189268 0
16  0.01078 0.00509975 0.00181187 0
17  -0.000656 0.00476118 0.00173664 0
18  0.007972 0.00493956 0.00164929 0
19  0.008268 0.00511474 0.00157176 0
20  -0.007452 0.0044864 0.00161389 0
