-0.417587 0.456858 0.219327
-0.232587 -0.410463 0.315184
-0.408558 -0.368356 -0.309469
-0.210394 -0.376101 -0.443661
-0.346533 0.320194 0.389162
0.0172464 -0.319443 0.497512
0.00299031 -0.470613 -0.211029
0.255939 -0.468741 -0.244023
0.10692 -0.488375 -0.414448
0.34166 -0.282844 0.385694
0.209014 -0.24664 -0.481376
-0.407191 -0.477504 -0.491138
-0.420512 -0.328073 0.293459
-0.363908 0.193549 -0.428384
-0.461525 0.000367414 -0.45137
-0.4658 -0.228595 -0.48068
-0.270716 -0.2145 0.436589
-0.0768836 -0.0855964 -0.429885
-0.224527 -0.0133442 -0.30487
-0.0600763 -0.295297 -0.298818
0.300398 -0.0462074 0.416159
0.453442 0.118562 0.421324
0.329321 -0.0820587 -0.372837
0.364508 -0.344682 -0.396271
0.444622 0.21694 -0.335618
-0.282042 0.384874 -0.419066
-0.387522 0.321834 -0.244392
-0.419235 0.107737 -0.223201
-0.138166 0.14063 -0.432344
-0.0803489 0.375172 -0.353618
-0.228127 0.217366 -0.25177
0.0671987 0.155124 -0.405096
0.128707 -0.0550173 -0.489174
0.26491 0.341725 -0.370222
0.128599 0.372156 -0.19815
0.283228 0.126677 -0.443642
0.48581 -0.470052 -0.116886
-0.194317 -0.365473 -0.0506517
-0.457667 -0.102521 0.133111
-0.323245 0.461569 -0.0436562
-0.221666 -0.475326 -0.253094
-0.0143821 -0.283626 -0.0959037
-0.197643 -0.475983 0.126361
0.0360002 -0.481802 0.049687
0.452624 0.43728 -0.318002
0.32417 -0.297487 -0.169907
0.157374 -0.241167 0.0322063
0.285314 -0.399502 0.00827454
0.403315 -0.214966 0.00230744
-0.484471 -0.130818 -0.284737
0.392091 0.0159254 0.0105658
-0.20219 -0.111294 -0.0508281
-0.257307 -0.222905 -0.30093
0.145957 -0.0135889 -0.282908
-0.0696555 -0.11359 -0.214981
0.048953 -0.0146187 -0.0405325
0.153304 -0.220298 -0.290245
0.25344 -0.0930739 -0.0888897
0.0406203 0.0331116 0.224509
0.250344 -0.0626589 0.118062
0.395689 0.0384037 -0.194006
0.480158 0.227771 -0.0834565
0.398006 0.380399 0.0552197
-0.411465 -0.0732971 -0.0768834
-0.0332122 0.111831 -0.224105
-0.119948 0.377307 -0.146871
-0.307895 0.173024 -0.0652252
0.0570252 0.208316 -0.062504
0.24192 0.17287 -0.238867
0.342213 0.348501 -0.150728
0.167482 0.352351 0.0292481
0.270606 0.179211 -0.0448673
-0.386435 -0.259994 -0.100763
-0.231438 -0.279864 0.161065
0.36547 -0.226535 0.196364
-0.453235 -0.397615 0.0668918
-0.174765 0.402743 0.285263
0.163925 -0.374627 0.181903
-0.0553824 -0.354833 0.290727
-0.0475272 0.488146 0.454563
0.0965517 0.446686 0.296799
0.365084 -0.477528 0.210528
0.195936 -0.413163 0.387764
0.389183 -0.488137 0.441465
-0.423526 -0.0926231 0.343845
-0.176774 0.14631 0.316228
0.473032 0.348936 -0.487216
-0.214656 -0.093938 0.248352
-0.00841904 -0.186257 0.110384
-0.30979 0.268437 0.118643
-0.264824 0.0187738 0.452197
-0.0501538 -0.146569 0.357337
0.178144 -0.166644 0.285509
0.173822 0.151772 0.152041
0.176977 0.118761 0.345491
0.404981 -0.00411714 0.254277
0.422566 0.179887 0.131774
-0.270344 0.0538495 0.119882
0.456121 0.301732 0.318474
-0.405094 0.148261 0.26593
-0.0672932 0.103319 0.0727285
-0.0804489 0.341227 0.0521668
-0.136414 0.305837 0.44969
-0.021463 0.0620864 0.432507
0.0170794 0.242642 0.297004
0.264645 0.323331 0.219255
0.0671796 0.315812 0.488915
0.283489 0.292673 0.432124
