1  -3.82866 -3.82866 0
2  -3.83082 -3.82974 0.000763559
3  -3.82549 -3.82833 0.00126335
4  -3.82846 -3.82836 0.000947932
5  -3.82262 -3.82721 0.00127555
6  -3.82403 -3.82668 0.00116807
7  -3.82269 -3.82611 0.00113191
8  -3.82517 -3.82599 0.000996564
9  -3.82623 -3.82602 0.000886173
10  -3.82622 -3.82604 0.000797795
11  -3.82641 -3.82607 0.000725994
12  -3.82613 -3.82608 0.000665508
13  -3.82829 -3.82625 0.000635663
14  -3.82862 -3.82642 0.000612421
15  -3.82868 -3.82657 0.000589864
16  -3.82489 -3.82646 0.000562234
17  -3.82808 -3.82656 0.000537152
18  -3.82497 -3.82647 0.000514492
19  -3.82559 -3.82642 0.000489482
20  -3.82735 -3.82647 0.00046721
21  -3.82798 -3.82654 0.000450468
22  -3.82716 -3.82657 0.000430854
23  -3.82388 -3.82645 0.000427699
24  -3.82661 -3.82646 0.000409928
25  -3.82708 -3.82648 0.000394276
26  -3.82785 -3.82654 0.000382577
27  -3.82607 -3.82652 0.000368795
28  -3.82515 -3.82647 0.000358839
29  -3.82482 -3.82641 0.000350933
30  -3.82548 -3.82638 0.000340597
31  -3.8283 -3.82644 0.000335195
32  -3.82671 -3.82645 0.000324823
33  -3.82756 -3.82649 0.000316718
34  -3.82693 -3.8265 0.000307672
35  -3.8259 -3.82648 0.000299361
36  -3.82885 -3.82655 0.000298179
37  -3.82587 -3.82653 0.000290675
38  -3.8248 -3.82648 0.000286579
39  -3.82729 -3.82651 0.000279982
40  -3.82768 -3.82653 0.00027451
41  -3.83028 -3.82663 0.000282577
42  -3.82693 -3.82663 0.00027594
43  -3.82647 -3.82663 0.000269548
44  -3.82655 -3.82663 0.000263428
45  -3.82663 -3.82663 0.000257574
46  -3.82754 -3.82665 0.000252745
47  -3.82742 -3.82666 0.000247899
48  -3.82809 -3.82669 0.000244516
49  -3.82787 -3.82672 0.000240694
50  -3.82828 -3.82675 0.000237895
51  -3.82593 -3.82673 0.00023377
52  -3.82691 -3.82674 0.0002293
53  -3.8267 -3.82674 0.000224974
54  -3.82265 -3.82666 0.000233156
55  -3.82314 -3.8266 0.000237546
56  -3.82808 -3.82662 0.000234781
57  -3.82976 -3.82668 0.00023704
58  -3.82602 -3.82667 0.000233222
59  -3.8263 -3.82666 0.000229353
60  -3.8274 -3.82667 0.000225865
61  -3.82631 -3.82667 0.000222241
62  -3.82772 -3.82668 0.000219302
63  -3.82726 -3.82669 0.000216015
64  -3.82687 -3.8267 0.000212657
65  -3.82743 -3.82671 0.000209687
66  -3.82569 -3.82669 0.000207079
67  -3.82375 -3.82665 0.000208596
68  -3.82691 -3.82665 0.000205564
69  -3.82548 -3.82663 0.000203287
70  -3.82607 -3.82663 0.000200543
71  -3.82459 -3.8266 0.000199768
72  -3.8284 -3.82662 0.000198557
73  -3.8255 -3.82661 0.000196427
74  -3.82445 -3.82658 0.000195928
75  -3.82458 -3.82655 0.000195119
76  -3.8258 -3.82654 0.000192805
77  -3.8291 -3.82657 0.000193148
78  -3.82487 -3.82655 0.000191897
79  -3.82741 -3.82656 0.000189771
80  -3.82756 -3.82658 0.000187804
81  -3.82678 -3.82658 0.000185502
82  -3.82759 -3.82659 0.000183647
83  -3.82907 -3.82662 0.000183844
84  -3.82647 -3.82662 0.000181664
85  -3.82448 -3.82659 0.000181266
86  -3.82888 -3.82662 0.000181103
87  -3.82796 -3.82664 0.000179671
88  -3.82594 -3.82663 0.000177801
89  -3.82422 -3.8266 0.000177853
90  -3.82532 -3.82659 0.000176445
91  -3.82825 -3.8266 0.00017545
92  -3.82668 -3.82661 0.000173546
93  -3.82314 -3.82657 0.000175635
94  -3.82624 -3.82656 0.000173802
95  -3.82462 -3.82654 0.00017317
96  -3.82372 -3.82651 0.000173853
97  -3.82649 -3.82651 0.000172061
98  -3.82594 -3.82651 0.000170405
99  -3.82637 -3.82651 0.000168689
100  -3.82675 -3.82651 0.00016702
