1  -5.22716 -5.22716 0
2  -5.22295 -5.22506 0.0014901
3  -5.16209 -5.20407 0.0171671
4  -5.20564 -5.20446 0.0128798
5  -5.16624 -5.19682 0.0123662
6  -5.19339 -5.19624 0.0103183
7  -5.13065 -5.18687 0.0123887
8  -5.15137 -5.18244 0.0116078
9  -5.16408 -5.1804 0.0104957
10  -5.20168 -5.18253 0.00965951
11  -5.14855 -5.17944 0.00926215
12  -5.17101 -5.17873 0.00851685
13  -5.20193 -5.18052 0.00804645
14  -5.20265 -5.1821 0.00762544
15  -5.19908 -5.18323 0.00720059
16  -5.21415 -5.18516 0.00700512
17  -5.20662 -5.18643 0.00670581
18  -5.19925 -5.18714 0.00637101
19  -5.17643 -5.18658 0.00606056
20  -5.18772 -5.18663 0.0057578
21  -5.19418 -5.18699 0.00549483
22  -5.23512 -5.18918 0.00566386
23  -5.20318 -5.18979 0.00545023
24  -5.20473 -5.19041 0.00525859
25  -5.18904 -5.19036 0.00504853
26  -5.19868 -5.19068 0.00486449
27  -5.2124 -5.19148 0.00475041
28  -5.16004 -5.19036 0.0047116
29  -5.19746 -5.1906 0.0045555
30  -5.2044 -5.19106 0.00442681
31  -5.17421 -5.19052 0.00431727
32  -5.22153 -5.19149 0.00428976
33  -5.20871 -5.19201 0.00419139
34  -5.20866 -5.1925 0.00409662
35  -5.22879 -5.19354 0.00410872
36  -5.20653 -5.1939 0.00401041
37  -5.19513 -5.19393 0.00390215
38  -5.17501 -5.19343 0.00383112
39  -5.20414 -5.19371 0.00374271
40  -5.23239 -5.19468 0.00377198
41  -5.25398 -5.19612 0.00394759
42  -5.17961 -5.19573 0.00387313
43  -5.21328 -5.19614 0.0038045
44  -5.17706 -5.1957 0.00374265
45  -5.20346 -5.19588 0.00366345
46  -5.22975 -5.19661 0.00365707
47  -5.19831 -5.19665 0.00357944
48  -5.20423 -5.19681 0.00350835
49  -5.27286 -5.19836 0.00376448
50  -5.22211 -5.19883 0.00371905
51  -5.18785 -5.19862 0.00365236
52  -5.19825 -5.19861 0.00358213
53  -5.19715 -5.19858 0.00351465
54  -5.1565 -5.1978 0.00353491
55  -5.16452 -5.1972 0.00352204
56  -5.21715 -5.19756 0.00347713
57  -5.24768 -5.19843 0.00352559
58  -5.19333 -5.19835 0.0034659
59  -5.20487 -5.19846 0.00340892
60  -5.1837 -5.19821 0.00336097
61  -5.14457 -5.19733 0.00341897
62  -5.19027 -5.19722 0.00336572
63  -5.20099 -5.19728 0.00331283
64  -5.20987 -5.19747 0.00326691
65  -5.19657 -5.19746 0.00321668
66  -5.18686 -5.1973 0.00317195
67  -5.21023 -5.19749 0.00313047
68  -5.21351 -5.19773 0.00309329
69  -5.12494 -5.19667 0.00322331
70  -5.25796 -5.19755 0.00329404
71  -5.13407 -5.19665 0.0033668
72  -5.21734 -5.19694 0.00333227
73  -5.18644 -5.1968 0.00328973
74  -5.16845 -5.19642 0.0032675
75  -5.20968 -5.19659 0.00322871
76  -5.17761 -5.19634 0.00319588
77  -5.18804 -5.19623 0.00315619
78  -5.17163 -5.19592 0.00313144
79  -5.18932 -5.19584 0.00309292
80  -5.1692 -5.1955 0.00307212
81  -5.17857 -5.19529 0.0030413
82  -5.19481 -5.19529 0.00300422
83  -5.1983 -5.19532 0.00296824
84  -5.19303 -5.1953 0.00293303
85  -5.18807 -5.19521 0.00289976
86  -5.21666 -5.19546 0.00287674
87  -5.15856 -5.19504 0.00287477
88  -5.20635 -5.19517 0.00284498
89  -5.17236 -5.19491 0.00282453
90  -5.18763 -5.19483 0.0027943
91  -5.24753 -5.19541 0.00282299
92  -5.22467 -5.19573 0.00281016
93  -5.20762 -5.19585 0.00278285
94  -5.19236 -5.19582 0.0027535
95  -5.20012 -5.19586 0.00272488
96  -5.19238 -5.19583 0.00269674
97  -5.18539 -5.19572 0.00267109
98  -5.21203 -5.19588 0.00264901
99  -5.15976 -5.19552 0.00264727
100  -5.21169 -5.19568 0.00262573
