1  0.932335 0.932335 0
2  0.928086 0.93021 0.00150244
3  0.891063 0.917161 0.0107017
4  0.918123 0.917402 0.00802897
5  0.895741 0.913069 0.00750136
6  0.912909 0.913043 0.00625118
7  0.871976 0.907176 0.00762957
8  0.884137 0.904296 0.00719891
9  0.891904 0.902919 0.00652939
10  0.916971 0.904324 0.00602574
11  0.881422 0.902242 0.00582657
12  0.896593 0.901772 0.00536001
13  0.915762 0.902848 0.00505458
14  0.916022 0.903789 0.00478034
15  0.9136 0.904443 0.00450617
16  0.926176 0.905801 0.00442453
17  0.919028 0.906579 0.00423212
18  0.916188 0.907113 0.00403053
19  0.900562 0.906768 0.00383311
20  0.906913 0.906776 0.00364147
21  0.9108 0.906967 0.0034731
22  0.938645 0.908407 0.00360137
23  0.919535 0.908891 0.00347713
24  0.918749 0.909302 0.00335643
25  0.907972 0.909248 0.00322259
26  0.913886 0.909427 0.00310358
27  0.924222 0.909975 0.00303662
28  0.889925 0.909259 0.00301141
29  0.915094 0.90946 0.00291429
30  0.919278 0.909787 0.00283546
31  0.897269 0.909383 0.0027726
32  0.929882 0.910024 0.00275896
33  0.920764 0.910349 0.00269448
34  0.921154 0.910667 0.00263391
35  0.935265 0.91137 0.00265075
36  0.918452 0.911567 0.00258441
37  0.912836 0.911601 0.00251479
38  0.900139 0.911299 0.00246663
39  0.917899 0.911469 0.00240919
40  0.936472 0.912094 0.0024287
41  0.949136 0.912997 0.00253193
42  0.901788 0.91273 0.00248568
43  0.924535 0.913005 0.00244298
44  0.900341 0.912717 0.00240436
45  0.91789 0.912832 0.00235367
46  0.934802 0.91331 0.00235046
47  0.913927 0.913323 0.00230049
48  0.917424 0.913408 0.00225415
49  0.963331 0.914427 0.0024275
50  0.929224 0.914723 0.00239692
51  0.907944 0.91459 0.0023536
52  0.914226 0.914583 0.00230835
53  0.913637 0.914565 0.00226487
54  0.889231 0.914096 0.002271
55  0.894257 0.913735 0.00225817
56  0.926048 0.913955 0.00222852
57  0.945281 0.914505 0.00225617
58  0.911537 0.914454 0.00221785
59  0.919046 0.914531 0.00218163
60  0.904197 0.914359 0.00215206
61  0.878842 0.913777 0.00219413
62  0.908371 0.91369 0.00216047
63  0.915819 0.913724 0.00212644
64  0.922 0.913853 0.00209715
65  0.912756 0.913836 0.00206495
66  0.907447 0.913739 0.00203593
67  0.924322 0.913897 0.00201166
68  0.924401 0.914052 0.001988
69  0.86631 0.91336 0.00207611
70  0.954597 0.913949 0.00212839
71  0.872989 0.913372 0.00217519
72  0.925962 0.913547 0.002152
73  0.907294 0.913461 0.00212422
74  0.896002 0.913225 0.00210858
75  0.923398 0.913361 0.00208482
76  0.901209 0.913201 0.00206351
77  0.905956 0.913107 0.00203886
78  0.89784 0.912911 0.00202209
79  0.907944 0.912848 0.00199747
80  0.89443 0.912618 0.00198573
81  0.901197 0.912477 0.00196621
82  0.91148 0.912465 0.00194227
83  0.912821 0.912469 0.00191887
84  0.911041 0.912452 0.0018961
85  0.90906 0.912412 0.00187422
86  0.925182 0.912561 0.0018583
87  0.887069 0.912268 0.00185989
88  0.920269 0.912359 0.00184098
89  0.898759 0.912206 0.00182662
90  0.908204 0.912161 0.00180687
91  0.94619 0.912535 0.0018253
92  0.931989 0.912747 0.00181766
93  0.922989 0.912857 0.00180145
94  0.910753 0.912835 0.00178243
95  0.917001 0.912878 0.0017642
96  0.912443 0.912874 0.00174583
97  0.905933 0.912802 0.0017293
98  0.924061 0.912917 0.00171547
99  0.888925 0.912675 0.00171517
100  0.923291 0.912781 0.0017013
