1  1.3985 1.3985 0
2  1.39213 1.39532 0.00225365
3  1.33659 1.37574 0.0160525
4  1.37718 1.3761 0.0120435
5  1.34361 1.3696 0.011252
6  1.36936 1.36956 0.00937677
7  1.30796 1.36076 0.0114444
8  1.32621 1.35644 0.0107984
9  1.33786 1.35438 0.00979408
10  1.37546 1.35649 0.00903862
11  1.32213 1.35336 0.00873985
12  1.34489 1.35266 0.00804001
13  1.37364 1.35427 0.00758188
14  1.37403 1.35568 0.0071705
15  1.3704 1.35666 0.00675926
16  1.38926 1.3587 0.00663679
17  1.37854 1.35987 0.00634817
18  1.37428 1.36067 0.00604579
19  1.35084 1.36015 0.00574967
20  1.36037 1.36016 0.0054622
21  1.3662 1.36045 0.00520965
22  1.40797 1.36261 0.00540205
23  1.3793 1.36334 0.0052157
24  1.37812 1.36395 0.00503464
25  1.36196 1.36387 0.00483389
26  1.37083 1.36414 0.00465537
27  1.38633 1.36496 0.00455493
28  1.33489 1.36389 0.00451712
29  1.37264 1.36419 0.00437143
30  1.37892 1.36468 0.00425319
31  1.3459 1.36408 0.0041589
32  1.39482 1.36504 0.00413844
33  1.38115 1.36552 0.00404172
34  1.38173 1.366 0.00395086
35  1.4029 1.36706 0.00397613
36  1.37768 1.36735 0.00387662
37  1.36925 1.3674 0.00377218
38  1.35021 1.36695 0.00369995
39  1.37685 1.3672 0.00361378
40  1.40471 1.36814 0.00364304
41  1.4237 1.3695 0.0037979
42  1.35268 1.3691 0.00372852
43  1.3868 1.36951 0.00366447
44  1.35051 1.36908 0.00360653
45  1.37683 1.36925 0.00353051
46  1.4022 1.36996 0.0035257
47  1.37089 1.36998 0.00345074
48  1.37614 1.37011 0.00338123
49  1.445 1.37164 0.00364125
50  1.39384 1.37208 0.00359538
51  1.36192 1.37189 0.00353041
52  1.37134 1.37187 0.00346253
53  1.37046 1.37185 0.0033973
54  1.33385 1.37114 0.00340649
55  1.34139 1.3706 0.00338726
56  1.38907 1.37093 0.00334279
57  1.41792 1.37176 0.00338426
58  1.36731 1.37168 0.00332678
59  1.37857 1.3718 0.00327244
60  1.3563 1.37154 0.00322809
61  1.31826 1.37067 0.00329119
62  1.36256 1.37053 0.00324071
63  1.37373 1.37059 0.00318966
64  1.383 1.37078 0.00314572
65  1.36913 1.37075 0.00309742
66  1.36117 1.37061 0.0030539
67  1.38648 1.37085 0.00301749
68  1.3866 1.37108 0.002982
69  1.29946 1.37004 0.00311416
70  1.4319 1.37092 0.00319258
71  1.30948 1.37006 0.00326278
72  1.38894 1.37032 0.00322799
73  1.36094 1.37019 0.00318633
74  1.344 1.36984 0.00316286
75  1.3851 1.37004 0.00312723
76  1.35181 1.3698 0.00309527
77  1.35893 1.36966 0.00305828
78  1.34676 1.36937 0.00303313
79  1.36192 1.36927 0.00299621
80  1.34165 1.36893 0.00297859
81  1.3518 1.36872 0.00294931
82  1.36722 1.3687 0.0029134
83  1.36923 1.3687 0.00287831
84  1.36656 1.36868 0.00284416
85  1.36359 1.36862 0.00281133
86  1.38777 1.36884 0.00278745
87  1.3306 1.3684 0.00278984
88  1.3804 1.36854 0.00276147
89  1.34814 1.36831 0.00273994
90  1.36231 1.36824 0.0027103
91  1.41928 1.3688 0.00273795
92  1.39798 1.36912 0.0027265
93  1.38448 1.36929 0.00270218
94  1.36613 1.36925 0.00267364
95  1.3755 1.36932 0.00264631
96  1.36866 1.36931 0.00261875
97  1.3589 1.3692 0.00259395
98  1.38609 1.36938 0.0025732
99  1.33339 1.36901 0.00257276
100  1.38494 1.36917 0.00255195
