0.101417 0 0.152125 0 -0.534725 0 -0.3826 0
0.102807 0.00139079 0.154211 0.00208619 -0.520649 0.0140762 -0.366437 0.0161624
0.104046 0.00147632 0.156069 0.00221448 -0.513368 0.0109112 -0.357298 0.0130612
0.107179 0.0033022 0.160769 0.00495331 -0.510582 0.00820286 -0.349814 0.0118878
0.107177 0.00255788 0.160766 0.00383681 -0.508639 0.00664455 -0.347873 0.00941055
0.108655 0.00255858 0.162983 0.00383787 -0.509751 0.00553817 -0.346769 0.00776264
0.108203 0.0022091 0.162305 0.00331364 -0.509194 0.00471365 -0.346889 0.00656174
0.108912 0.00204004 0.163367 0.00306006 -0.509797 0.00412637 -0.346429 0.00570121
0.109118 0.00181098 0.163677 0.00271647 -0.510142 0.00365547 -0.346465 0.00502812
0.10901 0.0016234 0.163515 0.0024351 -0.510583 0.00329916 -0.347068 0.00453758
0.108615 0.00152062 0.162922 0.00228093 -0.509026 0.00336614 -0.346103 0.00421628
0.108937 0.00142501 0.163406 0.00213751 -0.508041 0.00322688 -0.344635 0.00411945
0.109508 0.00142979 0.164262 0.00214468 -0.507989 0.00296875 -0.343727 0.00389665
0.1095 0.00132375 0.164249 0.00198563 -0.508124 0.00275184 -0.343874 0.00361062
0.109675 0.00124475 0.164512 0.00186713 -0.508486 0.00258735 -0.343974 0.00336278
0.109485 0.00117968 0.164228 0.00176952 -0.508236 0.00243315 -0.344008 0.00314577
0.109808 0.00115421 0.164713 0.00173132 -0.508483 0.00229886 -0.343771 0.00296445
0.109697 0.00109392 0.164545 0.00164088 -0.509206 0.0022846 -0.344661 0.00293319
0.109714 0.00103489 0.164571 0.00155234 -0.509366 0.00216696 -0.344795 0.00277775
0.109292 0.0010689 0.163937 0.00160335 -0.508659 0.0021739 -0.344722 0.00263622
0.1096 0.00106247 0.1644 0.00159371 -0.508219 0.00211406 -0.343819 0.002665
0.109783 0.00102939 0.164674 0.00154408 -0.508576 0.00204695 -0.343902 0.00254231
0.109631 0.000995233 0.164447 0.00149285 -0.508668 0.00195813 -0.344222 0.00245026
0.109853 0.000978387 0.16478 0.00146758 -0.509076 0.00191866 -0.344297 0.00234715
0.109713 0.000948827 0.16457 0.00142324 -0.509379 0.00186498 -0.344809 0.00230888
0.109742 0.000912078 0.164614 0.00136812 -0.509524 0.00179769 -0.34491 0.0022206
0.10975 0.000877682 0.164625 0.00131652 -0.509599 0.00173145 -0.344974 0.00213771
0.109682 0.00084849 0.164523 0.00127273 -0.509508 0.00167093 -0.344985 0.00205998
0.109769 0.000823311 0.164654 0.00123497 -0.509476 0.00161261 -0.344822 0.00199434
0.109625 0.000808354 0.164437 0.00121253 -0.50933 0.00156478 -0.344892 0.00192798
0.109771 0.000795403 0.164657 0.0011931 -0.509243 0.00151596 -0.344586 0.00188975
0.109838 0.000773069 0.164758 0.0011596 -0.509463 0.00148426 -0.344705 0.00183364
0.109742 0.000755456 0.164613 0.00113318 -0.509478 0.00143865 -0.344865 0.00178436
0.10967 0.000736452 0.164505 0.00110468 -0.509268 0.00141137 -0.344763 0.00173405
0.109725 0.0007172 0.164587 0.0010758 -0.508778 0.00145548 -0.344191 0.00177843
0.109802 0.000701288 0.164703 0.00105193 -0.508498 0.00144181 -0.343795 0.00177303
0.109677 0.000693476 0.164515 0.00104021 -0.50803 0.00147857 -0.343515 0.00174717
0.109687 0.000675052 0.16453 0.00101258 -0.507554 0.00151559 -0.343024 0.00176978
0.109604 0.000662637 0.164407 0.000993955 -0.50672 0.00169569 -0.342313 0.00186468
0.10974 0.000659951 0.16461 0.000989926 -0.506288 0.00170829 -0.341678 0.00192537
0.109797 0.000646151 0.164695 0.000969227 -0.506099 0.00167684 -0.341403 0.0018978
0.110008 0.000664838 0.165011 0.000997257 -0.506171 0.00163805 -0.34116 0.00186795
0.109869 0.000663851 0.164803 0.000995776 -0.506182 0.00159954 -0.341379 0.00183707
0.109905 0.000649574 0.164857 0.000974361 -0.506228 0.00156343 -0.341371 0.00179485
0.109863 0.000636305 0.164795 0.000954457 -0.506207 0.00152843 -0.341412 0.001755
0.109873 0.000622385 0.164809 0.000933578 -0.506234 0.00149506 -0.341425 0.00171647
0.109791 0.00061446 0.164686 0.000921691 -0.506108 0.00146835 -0.341421 0.00167955
0.109802 0.000601619 0.164702 0.000902429 -0.505799 0.00147015 -0.341097 0.00167592
0.109763 0.000590455 0.164645 0.000885682 -0.505481 0.00147463 -0.340836 0.001662
0.109856 0.000585875 0.164784 0.000878812 -0.505481 0.00144484 -0.340697 0.0016343
0.109702 0.000594533 0.164553 0.000891799 -0.505241 0.00143646 -0.340688 0.00160196
0.109752 0.000585149 0.164628 0.000877723 -0.504963 0.00143574 -0.340334 0.00161011
0.109672 0.000579542 0.164508 0.000869313 -0.504649 0.00144282 -0.340141 0.00159123
0.109713 0.000570155 0.164569 0.000855232 -0.504273 0.0014651 -0.339703 0.00162164
0.109764 0.000562025 0.164646 0.000843037 -0.504142 0.00144415 -0.339496 0.00160535
0.109768 0.00055191 0.164652 0.000827866 -0.504131 0.00141817 -0.33948 0.00157651
0.109734 0.000543191 0.164601 0.000814786 -0.50405 0.00139543 -0.339449 0.00154891
0.109772 0.000535085 0.164658 0.000802628 -0.504099 0.00137204 -0.339442 0.00152199
0.109778 0.000525972 0.164667 0.000788958 -0.504062 0.00134912 -0.339395 0.0014967
0.109733 0.000519036 0.1646 0.000778553 -0.503983 0.00132877 -0.339383 0.00147159
0.109708 0.000511077 0.164562 0.000766616 -0.503807 0.0013186 -0.339245 0.00145385
0.109788 0.00050907 0.164682 0.000763605 -0.503818 0.00129721 -0.339136 0.00143435
0.109761 0.000501668 0.164641 0.000752502 -0.503779 0.00127703 -0.339138 0.0014114
0.109779 0.000494106 0.164669 0.000741159 -0.503803 0.00125714 -0.339134 0.00138917
0.109759 0.000486845 0.164639 0.000730268 -0.503731 0.00123972 -0.339092 0.00136828
0.109748 0.000479556 0.164621 0.000719334 -0.503616 0.0012262 -0.338995 0.00135091
0.109783 0.000473681 0.164675 0.000710522 -0.503559 0.00120911 -0.338884 0.00133518
0.109756 0.000467481 0.164633 0.000701221 -0.503394 0.00120262 -0.33876 0.00132122
0.10978 0.0004613 0.16467 0.00069195 -0.503246 0.00119416 -0.338576 0.00131482
0.109826 0.000456978 0.164739 0.000685468 -0.503221 0.00117724 -0.338483 0.0012993
0.109785 0.000452332 0.164678 0.000678498 -0.503155 0.00116244 -0.338477 0.00128088
0.109764 0.000446532 0.164645 0.000669798 -0.503112 0.00114697 -0.338467 0.001263
0.109762 0.000440375 0.164643 0.000660563 -0.503016 0.00113528 -0.338373 0.00124916
0.109776 0.000434606 0.164664 0.000651909 -0.502882 0.00112781 -0.338218 0.00124184
0.109788 0.000428942 0.164682 0.000643412 -0.502788 0.00111658 -0.338106 0.00123023
0.109814 0.000424062 0.164721 0.000636093 -0.502776 0.00110186 -0.338055 0.00121501
0.109807 0.000418572 0.164711 0.000627858 -0.502696 0.0010904 -0.337985 0.00120117
0.109825 0.000413544 0.164737 0.000620316 -0.502745 0.00107742 -0.338007 0.00118588
0.109815 0.00040839 0.164723 0.000612585 -0.502681 0.00106564 -0.337958 0.00117183
0.109768 0.000405999 0.164652 0.000608998 -0.502477 0.00107175 -0.337825 0.0011647
0.109828 0.000405396 0.164742 0.000608095 -0.502441 0.00105904 -0.337699 0.00115707
0.109857 0.000401508 0.164786 0.000602263 -0.502406 0.00104662 -0.33762 0.00114559
0.109781 0.000404016 0.164671 0.000606025 -0.502385 0.00103416 -0.337714 0.00113558
0.109806 0.000399973 0.164709 0.00059996 -0.502266 0.00102868 -0.337557 0.00113289
0.109873 0.000400886 0.164809 0.000601329 -0.50233 0.00101851 -0.337521 0.00112008
0.109884 0.000396342 0.164825 0.000594514 -0.5024 0.001009 -0.337574 0.00110827
0.109837 0.000394481 0.164756 0.000591721 -0.502374 0.000997663 -0.337618 0.00109634
0.10981 0.000390962 0.164714 0.000586443 -0.50222 0.000998253 -0.337505 0.00108964
0.109796 0.000386768 0.164695 0.000580151 -0.50205 0.00100148 -0.337355 0.00108773
0.109836 0.000384485 0.164754 0.000576728 -0.501932 0.000997319 -0.337178 0.00109013
0.109768 0.000386333 0.164651 0.0005795 -0.501794 0.000995801 -0.337143 0.00107865
0.109888 0.00040051 0.164831 0.000600765 -0.501815 0.000985125 -0.336983 0.00107876
0.109844 0.000398614 0.164765 0.000597921 -0.501884 0.000976942 -0.337119 0.00107565
0.109787 0.000398383 0.164681 0.000597575 -0.501818 0.000968747 -0.337137 0.00106431
0.109813 0.000395 0.164719 0.0005925 -0.501849 0.000958988 -0.33713 0.00105307
0.109788 0.000391631 0.164682 0.000587447 -0.501838 0.000949005 -0.337156 0.00104237
0.109792 0.00038759 0.164688 0.000581385 -0.501775 0.000941294 -0.337087 0.00103386
0.109757 0.000385223 0.164635 0.000577835 -0.501747 0.000932054 -0.337112 0.00102356
0.109776 0.000381795 0.164664 0.000572693 -0.50169 0.00092436 -0.337026 0.0010168
0.109798 0.000378627 0.164698 0.000567941 -0.50171 0.000915283 -0.337012 0.00100668
