1 -0.415471 -0.415471 0
2 -0.414866 -0.415168 0.000302296
3 -0.414006 -0.414781 0.000424852
4 -0.414731 -0.414768 0.000300676
5 -0.414171 -0.414649 0.000261739
6 -0.413581 -0.414471 0.000278151
7 -0.413899 -0.414389 0.000248876
8 -0.415323 -0.414506 0.000245112
9 -0.415511 -0.414618 0.000243284
10 -0.41453 -0.414609 0.000217777
1 -5.46419 -5.46419 0
2 -5.46153 -5.46286 0.00132591
3 -5.46574 -5.46382 0.00122763
4 -5.46274 -5.46355 0.000909125
5 -5.46172 -5.46318 0.000793438
6 -5.46368 -5.46327 0.000653152
7 -5.46275 -5.46319 0.00055699
8 -5.46485 -5.4634 0.000525087
9 -5.46307 -5.46336 0.000464519
10 -5.46407 -5.46343 0.000421448
1 -7.54846 -7.54846 0
2 -7.5473 -7.54788 0.000577845
3 -7.54629 -7.54735 0.000625185
4 -7.54719 -7.54731 0.000443844
5 -7.54726 -7.5473 0.000343972
6 -7.54698 -7.54725 0.000285801
7 -7.54833 -7.5474 0.000286677
8 -7.54463 -7.54705 0.000426634
9 -7.5458 -7.54692 0.000401222
10 -7.54719 -7.54694 0.000359934
