1 0.0490337 0.0490337 0
2 0.0489691 0.0490014 3.22846e-05
3 0.0490431 0.0490153 2.32582e-05
4 0.0489894 0.0490088 1.76739e-05
5 0.0489714 0.0490014 1.56025e-05
6 0.0490086 0.0490026 1.27958e-05
7 0.0491476 0.0490233 2.33671e-05
8 0.0489885 0.0490189 2.06976e-05
9 0.0490165 0.0490187 1.82556e-05
10 0.0490146 0.0490182 1.63333e-05
1 1.39417 1.39417 0
2 1.4126 1.40339 0.00921328
3 1.39615 1.40097 0.0058411
4 1.40471 1.40191 0.0042346
5 1.4113 1.40379 0.00377975
6 1.39857 1.40292 0.00320612
7 1.40021 1.40253 0.00273714
8 1.39838 1.40201 0.00242645
9 1.40374 1.4022 0.00214855
10 1.40213 1.4022 0.00192173
1 7.58308 7.58308 0
2 7.58941 7.58624 0.0031645
3 7.59536 7.58928 0.00354626
4 7.59043 7.58957 0.00252402
5 7.59065 7.58978 0.00196709
6 7.59094 7.58998 0.00161763
7 7.58393 7.58911 0.00161699
8 7.60426 7.59101 0.00235442
9 7.59712 7.59169 0.00218477
10 7.58991 7.59151 0.00196213
