1.8
1.80001
1.80003
1.80005
1.80008
1.80011
1.80015
1.8002
1.80025
1.80031
1.80038
1.80045
1.80053
1.80061
1.8007
1.8008
1.80091
1.80102
1.80114
1.80127
1.8014
1.80154
1.80169
1.80185
1.80202
1.80219
1.80237
1.80256
1.80276
1.80297
1.80318
1.80341
1.80364
1.80388
1.80413
1.8044
1.80467
1.80495
1.80524
1.80555
1.80586
1.80619
1.80653
1.80688
1.80724
1.80762
1.80801
1.80841
1.80883
1.80926
1.80971
1.81018
1.81066
1.81116
1.81168
1.81221
1.81277
1.81335
1.81395
1.81457
1.81521
1.81588
1.81658
1.8173
1.81805
1.81883
1.81964
1.82049
1.82137
1.82228
1.82324
1.82423
1.82526
1.82635
1.82747
1.82865
1.82988
1.83117
1.83252
1.83392
1.8354
1.83694
1.83856
1.84026
1.84203
1.8439
1.84585
1.8479
1.85005
1.85231
1.85467
1.85715
1.85974
1.86244
1.86526
1.86819
1.87122
1.87435
1.87755
1.8808
1.88406
1.88728
1.8904
1.89331
1.89592
1.89807
1.89959
1.9003
1.9
1.89852
1.8958
1.89193
1.88722
1.88228
1.87794
1.87511
1.87452
1.87653
1.88102
1.88743
1.89494
1.90263
1.90965
1.91535
1.9194
1.92188
1.92331
1.92458
1.92673
1.93063
1.93661
1.94436
1.95307
1.96169
1.96927
1.97515
1.97903
1.98088
1.98094
1.97961
1.97737
1.97472
1.97204
1.96957
1.96738
1.96543
1.96363
1.96189
1.96009
1.95811
1.95589
1.9535
1.95126
1.94977
1.9497
1.95162
1.95575
1.96192
1.96968
1.97835
1.98727
1.99578
2.00333
2.00952
2.01411
2.017
2.01828
2.0182
2.01708
2.01537
2.01352
2.012
2.01118
2.01132
2.01252
2.01472
2.01772
2.02124
2.02494
2.02854
2.03178
2.03451
2.03666
2.03828
2.03946
2.04034
2.04106
2.04172
2.04238
2.04302
2.04362
2.04418
2.04469
2.04521
2.04578
2.04645
2.04724
2.04815
2.04912
2.0501
2.05106
2.05198
2.05287
2.05377
2.05475
2.05586
2.05719
2.05875
2.06058
2.06265
2.06491
2.06729
2.06971
2.07206
2.07424
2.07615
2.07771
2.07882
2.07942
2.07947
2.07893
2.07784
2.07628
2.0744
2.07237
2.07039
2.06865
2.06723
2.06607
2.06502
2.0638
2.06212
2.05974
2.05654
2.05259
2.04824
2.04409
2.04095
2.03968
2.04094
2.04496
2.05139
2.0594
2.06792
2.07584
2.08223
2.08634
2.08764
2.08584
2.08102
2.07383
2.06568
2.05865
2.05487
2.05562
2.06071
2.06869
2.07758
2.08559
2.09144
2.0943
2.09372
2.08953
2.08181
2.07096
2.05781
2.04372
2.03054
2.02032
2.01486
2.01515
2.02099
2.03114
2.04371
2.05678
2.06882
2.07891
2.08669
2.09222
2.09582
2.09792
2.09899
2.09943
2.09957
2.09964
2.09975
2.09998
2.10033
2.10076
2.10125
2.10178
2.10232
2.10287
2.10344
2.10401
2.1046
2.10518
2.10572
2.10616
2.10641
2.10635
2.10581
2.10458
2.10241
2.09905
2.09428
2.08802
2.08049
2.07227
2.06439
2.05808
2.05441
2.05375
2.05569
2.05926
2.06334
2.06709
2.07003
2.07203
2.07318
2.07372
2.07392
2.07401
2.07419
2.07456
2.07513
2.07583
2.07654
2.07711
2.07743
2.07744
2.07716
2.0767
2.0762
2.07585
2.07578
2.07603
2.07656
2.07726
2.07795
2.07847
2.07871
2.07861
2.07815
2.07742
2.07652
2.07556
2.07467
2.07396
2.07347
2.07324
2.07323
2.07341
2.07372
2.07412
2.07457
2.07507
2.07561
2.0762
2.07685
2.07757
2.07833
2.07909
2.0798
2.08035
2.08061
2.08043
2.07963
2.07801
2.07535
2.07145
2.06611
2.05926
2.05101
2.04172
2.03215
2.02341
2.01682
2.01363
2.01458
2.0197
2.02822
2.03889
2.05034
2.06142
2.07133
2.07961
2.08608
2.09072
2.09356
2.09466
2.09407
2.09182
2.088
2.08277
2.07648
2.06964
2.06292
2.05699
2.05233
2.04913
2.04722
2.04626
2.04592
2.04599
2.04645
2.04734
2.04869
2.05049
2.0526
2.05486
2.05707
2.05912
2.06095
2.06255
2.06395
2.06521
2.06638
2.06748
2.06853
2.06954
2.07049
2.07138
2.07219
2.07292
2.07356
2.07412
2.07459
2.075
2.07533
2.07562
2.07585
2.07605
2.07621
2.07633
2.07642
2.07645
2.07643
2.07632
2.07612
2.07579
2.07532
2.07468
2.07384
2.07277
2.07147
2.06993
2.06817
2.06625
2.06424
2.06225
2.06041
2.05884
2.05765
2.05688
2.05651
2.05646
2.05658
2.05673
2.05676
2.05655
2.05606
2.05529
2.05431
2.05321
2.05217
2.05133
2.05084
2.05084
2.05138
2.05246
2.054
2.05587
2.0579
2.0599
2.0617
2.06316
2.06421
2.06484
2.06509
2.06504
2.0648
2.06444
2.06402
2.06351
2.06285
2.06195
2.06074
2.05916
2.05724
2.05506
2.05278
2.05058
2.04866
2.04718
2.04626
2.0459
2.04603
2.0465
2.04711
2.04768
2.04808
2.04829
2.04841
2.04864
2.04921
2.05027
2.05186
2.05386
2.05609
2.0583
2.06032
2.06198
2.06317
2.06384
2.06392
2.06344
2.06248
2.06117
2.05975
2.05843
2.05743
2.05691
2.05692
2.05751
2.05871
2.06059
2.06322
2.06663
2.07076
2.0754
2.08026
2.08502
2.08936
2.09304
2.0959
2.09782
2.09875
2.09868
2.09762
2.09565
2.09288
2.0895
2.08577
2.08199
2.07843
2.07534
2.07287
2.07111
2.07009
2.06978
2.07007
2.07076
2.07157
2.0721
2.07198
2.07092
2.06877
2.06562
2.06178
2.05773
2.05404
2.05122
2.04958
2.04917
2.04975
2.05092
2.05224
2.05335
2.05408
2.05446
2.0547
2.0551
2.05595
2.0574
2.05941
2.06179
2.06432
2.06687
2.06947
2.07225
2.07532
2.0787
2.08227
2.08579
2.08897
2.09159
2.09346
2.09451
2.09472
2.0941
2.09268
2.09051
2.08763
2.08407
2.07991
2.07526
2.07031
2.06532
2.06067
2.05678
2.05405
2.05277
2.05304
2.05472
2.05753
2.06105
2.06491
2.06877
2.07241
2.07569
2.07856
2.08101
2.08305
2.08472
2.08605
2.08707
2.08781
2.08827
2.08847
2.08841
2.08811
2.0876
2.08693
2.08622
2.0856
2.08525
2.08534
2.08604
2.08743
2.08951
2.09214
2.0951
2.09808
2.10073
2.10269
2.10357
2.10298
2.10056
2.096
2.08917
2.08028
2.06992
2.05912
2.04916
2.04136
2.03697
2.03702
2.04198
2.05121
2.06285
2.07451
2.08419
2.09064
2.09334
2.09215
2.08713
2.07858
2.06725
2.0549
2.04439
2.03903
2.0409
2.04946
2.06186
2.07478
2.08587
2.09411
2.09946
2.10236
2.10337
2.10299
2.10165
2.09967
2.09733
2.09486
2.09249
2.09048
2.08911
2.08862
2.08911
2.09057
2.09278
2.09543
2.09816
2.10065
2.10263
2.10392
2.1044
2.10395
2.10243
2.09969
2.09556
2.08991
2.08275
2.07437
2.06549
2.05721
2.05092
2.0478
2.04835
2.0522
2.05826
2.06526
2.07205
2.07794
2.08261
2.08603
2.08836
2.08982
2.09065
2.09105
2.09117
2.09108
2.0908
2.09028
2.08948
2.08834
2.08687
2.08513
2.08329
2.08161
2.08034
2.07967
2.07971
2.0804
2.08162
2.0832
2.08502
2.08696
2.0889
2.09072
2.0922
2.09312
2.09326
2.09249
2.09076
2.08821
2.08511
2.08188
2.07895
2.07673
2.07546
2.07521
2.0759
2.07736
2.07934
2.0816
2.08389
2.08596
2.08763
2.08882
2.08951
2.08979
2.08978
2.08965
2.08957
2.0897
2.09017
2.09105
2.09233
2.09392
2.09567
2.09737
2.0988
2.09977
2.10014
2.09984
2.09884
2.09721
2.09506
2.09258
2.09004
2.0877
2.08583
2.08463
2.0842
2.08452
2.08551
2.08702
2.08892
2.0911
2.09344
2.09583
2.09814
2.10027
2.1021
2.10352
2.10446
2.10483
2.1046
2.10373
2.10223
2.1001
2.09739
2.09415
2.09047
2.08647
2.0823
2.07812
2.07411
2.07043
2.0672
2.06453
2.06242
2.06084
2.05973
2.05899
2.05862
2.05865
2.05918
2.06034
2.06219
2.0647
2.06771
2.07097
2.07418
2.07711
2.07957
2.08147
2.08282
2.08365
2.08407
2.08418
2.08408
2.08386
2.08361
2.08339
2.08322
2.08313
2.08311
2.08315
2.0832
2.08322
2.08317
2.08299
2.08262
2.08201
2.08112
2.07991
2.07838
2.07656
2.07453
2.07242
2.0704
2.0687
2.06753
2.06709
2.06747
2.06865
2.07047
2.07266
2.07482
2.0765
2.0772
2.07643
2.07369
2.06859
2.06094
2.05093
2.03936
2.02774
2.01823
2.01304
2.01357
2.0196
2.02918
2.03948
2.04782
2.05245
2.05277
2.04926
2.04331
2.03696
2.03236
2.03102
2.03327
2.03829
2.04463
2.05087
2.05613
2.06011
2.06308
2.06557
2.06814
2.07117
2.07475
2.07874
2.08291
2.08698
2.09078
2.0942
2.0972
2.09978
2.10194
2.10369
2.10501
2.10588
2.10623
2.10596
2.10496
2.10309
2.1002
2.0962
2.09109
2.08502
2.07837
2.07166
2.06539
2.05983
2.05474
2.04944
2.04308
2.03526
2.02659
2.01898
2.01512
2.01708
2.02504
2.03709
2.05052
2.06304
2.07338
2.08114
2.08646
2.08975
2.09143
2.09195
2.09169
2.09101
2.09024
2.0897
2.08966
2.09028
2.09159
2.09348
2.09574
2.09809
2.1003
2.10213
2.10345
2.10418
2.10426
2.10367
2.10238
2.10036
2.09755
2.09387
2.08923
2.08356
2.07683
2.06915
2.06077
2.05212
2.04382
2.03649
2.03069
2.02671
2.02456
2.02403
2.02477
2.02638
2.02846
2.03063
2.03259
2.03414
2.03523
2.03595
2.03649
2.03712
2.03805
2.03946
2.04139
2.04379
2.04652
2.0494
2.05224
2.05487
2.0572
2.05914
2.06068
2.06184
2.06263
2.06311
2.06333
2.06333
2.06316
2.06286
2.06244
2.06194
2.06135
2.06067
2.05989
2.05897
2.05788
2.05655
2.05492
2.05292
2.05047
2.04753
1.64878
1.64451
1.63702
1.62598
1.61092
1.59124
1.5662
1.53492
1.49649
1.45009
1.39529
1.33233
1.2624
1.18785
1.11208
1.03904
0.972545
0.915688
0.870608
0.838401
0.8191
0.811703
0.81436
0.824657
0.839999
0.857924
0.876322
0.893566
0.908526
0.920505
0.929167
0.934417
0.936383
0.935407
0.932037
0.926983
0.921064
0.915099
0.909804
0.905728
0.903099
0.901799
0.901354
0.900998
0.89998
0.89772
0.893931
0.88867
0.882315
0.875476
0.868879
0.863283
0.859269
0.857166
0.856911
0.858092
0.860052
0.86204
0.863321
0.863334
0.861766
0.858642
0.85424
0.849012
0.84344
0.837901
0.83263
0.82771
0.823179
0.819193
0.816063
0.814195
0.813944
0.815411
0.818376
0.822368
0.826786
0.8311
0.834929
0.838036
0.840354
0.841922
0.842927
0.84372
0.844855
0.847018
0.850788
0.856356
0.863308
0.870694
0.877333
0.882162
0.884483
0.884018
0.880829
0.875319
0.868127
0.860091
0.852141
0.845139
0.83972
0.836207
0.83457
0.834397
0.83511
0.836065
0.83669
0.836606
0.835687
0.834069
0.832075
0.830152
0.828745
0.828227
0.828747
0.830271
0.832627
0.835541
0.838711
0.841882
0.84485
0.847464
0.849619
0.851187
0.852043
0.852055
0.851104
0.849147
0.846288
0.842728
0.838812
0.83491
0.83129
0.828068
0.825152
0.822298
0.81924
0.815807
0.812066
0.80831
0.805005
0.80261
0.801386
0.801317
0.802182
0.803625
0.805227
0.806601
0.807549
0.808147
0.808803
0.810194
0.813018
0.817682
0.824066
0.831421
0.838584
0.84425
0.847298
0.846986
0.843033
0.835654
0.825451
0.813318
0.800291
0.787376
0.775389
0.764918
0.756342
0.749922
0.745859
0.74431
0.745388
0.749127
0.755458
0.764198
0.775014
0.787403
0.800703
0.814083
0.826647
0.837492
0.845801
0.850871
0.852232
0.849706
0.843488
0.834161
0.822676
0.810295
0.798439
0.788532
0.781761
0.778963
0.780565
0.786588
0.796675
0.810197
0.82632
0.844051
0.862332
0.880114
0.896428
0.91046
0.921624
0.929571
0.934187
0.935556
0.933884
0.929476
0.922711
0.913992
0.903826
0.892721
0.881221
0.869769
0.858715
0.8483
0.83867
0.829964
0.822419
0.816411
0.812344
0.810461
0.810666
0.812507
0.815327
0.818494
0.821602
0.824564
0.827578
0.830983
0.835173
0.840451
0.846999
0.854868
0.864028
0.874426
0.88602
0.898692
0.912077
0.925475
0.937918
0.948338
0.955798
0.95973
0.960004
0.956871
0.950884
0.942679
0.932837
0.921755
0.909648
0.896583
0.88265
0.868134
0.853581
0.839776
0.827548
0.817456
0.809701
0.804197
0.800808
0.799506
0.800305
0.803099
0.807564
0.813228
0.819655
0.826627
0.83415
0.842328
0.851166
0.860398
0.869494
0.877756
0.884503
0.889244
0.891764
0.892173
0.890827
0.888266
0.885192
0.882368
0.880506
0.880094
0.881336
0.884076
0.887807
0.891786
0.895211
0.897381
0.897858
0.896554
0.893683
0.889645
0.884886
0.879761
0.87446
0.869002
0.863292
0.857226
0.850722
0.843794
0.836572
0.829239
0.822052
0.815278
0.809148
0.803855
0.79958
0.796505
0.794827
0.79479
0.796577
0.800244
0.805685
0.812615
0.820598
0.829122
0.837687
0.845908
0.853484
0.86025
0.86613
0.871058
0.87493
0.877558
0.878764
0.878508
0.877106
0.875254
0.87393
0.873999
0.875795
0.878911
0.882364
0.884961
0.885718
0.884041
0.879794
0.87321
0.86475
0.854988
0.844537
0.833934
0.823619
0.813889
0.804909
0.796733
0.789396
0.782999
0.777765
0.774036
0.772183
0.77247
0.774959
0.779492
0.785685
0.79302
0.800964
0.809075
0.817118
0.825011
0.832698
0.839986
0.846471
0.851632
0.855009
0.856389
0.855867
0.853809
0.850802
0.847467
0.844306
0.841502
0.838821
0.835752
0.831731
0.826448
0.820004
0.812951
0.806184
0.800725
0.797442
0.796828
0.798843
0.802879
0.807957
0.812992
0.817041
0.81944
0.81988
0.818407
0.815427
0.811679
0.808179
0.80609
0.806459
0.809992
0.816857
0.826636
0.838414
0.850921
0.862771
0.872718
0.879866
0.883764
0.884445
0.882333
0.878111
0.87257
0.866481
0.860513
0.85517
0.850759
0.847404
0.84504
0.843452
0.842329
0.841294
0.839942
0.837879
0.834794
0.830517
0.825072
0.818761
0.812064
0.805605
0.800036
0.795938
0.793874
0.794397
0.798022
0.805035
0.815187
0.827565
0.840765
0.853299
0.863931
0.871877
0.876827
0.878871
0.878374
0.875866
0.87194
0.867141
0.861928
0.85659
0.851269
0.84598
0.840669
0.835229
0.829538
0.823456
0.816894
0.809842
0.802366
0.794664
0.787115
0.780305
0.774964
0.771884
0.771733
0.774878
0.78121
0.790078
0.800376
0.810743
0.819814
0.826448
0.829907
0.82992
0.826659
0.820653
0.812638
0.803458
0.793976
0.784973
0.777091
0.770766
0.766197
0.763321
0.761835
0.761322
0.761329
0.761468
0.761453
0.761192
0.760759
0.760357
0.760287
0.760823
0.762208
0.764623
0.768166
0.772876
0.778726
0.785597
0.793223
0.801209
0.809082
0.81636
0.822561
0.827276
0.830138
0.830851
0.829168
0.825012
0.818538
0.81012
0.800357
0.790038
0.780062
0.771381
0.764928
0.76153
0.761752
0.765811
0.773493
0.784183
0.797015
0.811015
0.825273
0.839035
0.851752
0.863093
0.87286
0.880983
0.887436
0.892226
0.895432
0.897196
0.89774
0.897277
0.895935
0.893612
0.890021
0.884839
0.877906
0.869291
0.859428
0.849037
0.838977
0.830149
0.823376
0.819381
0.818644
0.82132
0.827196
0.835713
0.846032
0.857134
0.8679
0.877236
0.884177
0.888051
0.88857
0.885971
0.881005
0.874785
0.868419
0.862614
0.857501
0.8528
0.84817
0.843488
0.838906
0.834749
0.831352
0.82895
0.827611
0.827246
0.82763
0.828472
0.82945
0.830197
0.83029
0.829275
0.826665
0.822029
0.815092
0.805809
0.794417
0.781395
0.767422
0.753299
0.739877
0.728011
0.718494
0.712051
0.70929
0.710627
0.716228
0.725955
0.739394
0.755885
0.774567
0.794484
0.814675
0.834271
0.852488
0.86869
0.882346
0.893067
0.90065
0.905107
0.906658
0.90572
0.90289
0.898794
0.894049
0.889163
0.88449
0.880172
0.876109
0.872008
0.867461
0.862035
0.855425
0.847568
0.838723
0.829425
0.820386
0.812355
0.805959
0.801617
0.799513
0.799568
0.801492
0.804799
0.808923
0.813336
0.817666
0.821757
0.825572
0.82911
0.832347
0.835226
0.837668
0.839575
0.84088
0.841532
0.84161
0.841409
0.841351
0.841937
0.84362
0.846721
0.85132
0.857217
0.863953
0.87079
0.876865
0.881303
0.883293
0.882244
0.877851
0.87014
0.859498
0.846626
0.832554
0.818538
0.805915
0.795967
0.789686
0.787574
0.789498
0.794704
0.802027
0.810213
0.81821
0.825285
0.831112
0.835698
0.839278
0.842213
0.844914
0.847747
0.850943
0.854535
0.85834
0.861989
0.865037
0.867067
0.867796
0.867075
0.864801
0.860825
0.854888
0.846611
0.83562
0.821841
0.805832
0.788978
0.773371
0.761144
0.753629
0.7509
0.751985
0.755553
0.760475
0.766044
0.771982
0.77839
0.785501
0.793469
0.802243
0.811497
0.820677
0.82918
0.836485
0.8422
0.846035
0.847842
0.847562
0.845195
0.840871
0.834919
0.82792
0.820697
0.814261
0.809697
0.807964
0.809717
0.815081
0.823534
0.833883
0.844544
0.853916
0.86072
0.864277
0.864599
0.862272
0.858262
0.853666
0.849547
0.846781
0.845961
0.847227
0.850261
0.854354
0.858616
0.862238
0.864668
0.865698
0.865522
0.864653
0.863788
0.863641
0.864724
0.867256
0.871125
0.875934
0.881094
0.885959
0.889869
0.892243
0.892637
0.890745
0.886454
0.879845
0.871165
0.860748
0.849033
0.836555
0.823971
0.812021
0.801442
0.792809
0.786433
0.782357
0.780412
0.780338
0.781774
0.78428
0.787235
0.78989
0.791488
0.791557
0.790122
0.787818
0.785701
0.784856
0.785979
0.789176
0.794062
0.800048
0.806636
0.813615
0.821096
0.829341
0.838619
0.84898
0.860208
0.87187
0.883473
0.894584
0.904841
0.913896
0.921437
0.927096
0.930577
0.931685
0.930388
0.926777
0.921012
0.913377
0.904231
0.894073
0.883541
0.873328
0.864057
0.856226
0.850185
0.846156
0.844163
0.844024
0.845312
0.847431
0.849755
0.851834
0.853479
0.854802
0.856097
0.85769
0.859763
0.862323
0.865219
0.868354
0.871713
0.87542
0.879631
0.884363
0.889406
0.894288
0.898328
0.90081
0.901202
0.899282
0.895241
0.889557
0.882733
0.875095
0.866844
0.858238
0.849734
0.841953
0.835526
0.830977
0.828658
0.828683
0.830846
0.834549
0.838881
0.842776
0.845273
0.84574
0.843944
0.840044
0.834537
0.82815
0.821711
0.816107
0.81221
0.810889
0.812823
0.818313
0.82707
0.838094
0.849908
0.860958
0.87005
0.876597
0.880687
0.882872
0.883977
0.884824
0.886016
0.887925
0.890689
0.894264
0.898464
0.903051
0.907706
0.912079
0.915794
0.918564
0.920259
0.920955
0.92095
0.920732
0.920865
0.92184
0.92395
0.927171
0.931168
0.935319
0.938827
0.940818
0.940552
0.937553
0.931721
0.923418
0.913369
0.902535
0.891889
0.88218
0.873841
0.866968
0.861369
0.85672
0.852674
0.848943
0.845355
0.84189
0.838633
0.835769
0.833495
0.831949
0.83116
0.831084
0.831612
0.832568
0.8337
0.8347
0.835216
0.834949
0.833767
0.831796
0.829436
0.827233
0.825729
0.825247
0.825754
0.82681
0.827741
0.82784
0.826619
0.824026
0.820525
0.81703
0.814766
0.814983
0.818562
0.825713
0.835877
0.847918
0.860548
0.872612
0.88326
0.891927
0.898308
0.902347
0.904204
0.904263
0.903063
0.901184
0.899149
0.897274
0.895635
0.894061
0.892215
0.889699
0.886158
0.881363
0.875293
0.868094
0.8601
0.851815
0.84388
0.836908
0.831289
0.82697
0.823437
0.819967
0.816007
0.811507
0.806999
0.803397
0.801716
0.802728
0.806695
0.813279
0.821624
0.830563
0.838835
0.84523
0.848767
0.848746
0.844861
0.837242
0.826534
0.813926
0.801004
0.789455
0.780716
0.775619
0.774258
0.776158
1.19072
1.15886
1.10541
1.03197
0.940981
0.836323
0.723475
0.609428
0.502143
0.40967
0.338806
0.293814
0.275679
0.282112
0.30828
0.34799
0.394829
0.443043
0.488044
0.526565
0.556612
0.577285
0.588636
0.591434
0.587005
0.577142
0.563888
0.549403
0.535746
0.52464
0.517433
0.515079
0.518132
0.526823
0.541023
0.560154
0.583254
0.608976
0.635698
0.661585
0.684841
0.703828
0.71719
0.723969
0.723645
0.716217
0.702118
0.682238
0.657887
0.630827
0.603271
0.577767
0.556788
0.542422
0.535994
0.537825
0.547193
0.562443
0.581372
0.601562
0.620812
0.637381
0.650165
0.658785
0.663497
0.664934
0.663966
0.661464
0.658183
0.654722
0.65149
0.648743
0.646523
0.644704
0.643096
0.641591
0.640203
0.639011
0.638249
0.638107
0.638731
0.64012
0.642039
0.644054
0.645652
0.64635
0.645687
0.643318
0.639138
0.63308
0.625196
0.615658
0.604803
0.593069
0.581022
0.569239
0.558191
0.54826
0.53959
0.532197
0.526048
0.521183
0.517845
0.516483
0.517719
0.522165
0.530266
0.54209
0.557261
0.574917
0.593885
0.612937
0.630954
0.64715
0.661072
0.672447
0.681205
0.687319
0.690697
0.691231
0.68885
0.683572
0.675608
0.665262
0.653024
0.6396
0.625738
0.612229
0.59993
0.589631
0.582195
0.578393
0.578726
0.58325
0.591518
0.602465
0.614713
0.626862
0.637757
0.646692
0.653462
0.658228
0.661404
0.663377
0.664444
0.664658
0.663852
0.661777
0.658188
0.652878
0.645796
0.637059
0.626925
0.615746
0.603934
0.591975
0.580376
0.569688
0.560349
0.552833
0.547595
0.545025
0.545408
0.548738
0.5547
0.562688
0.571938
0.581605
0.590865
0.599098
0.605924
0.611131
0.614716
0.616881
0.618034
0.618679
0.619317
0.62043
0.622275
0.624951
0.628398
0.632401
0.636638
0.64073
0.644249
0.646779
0.647979
0.647559
0.645325
0.641327
0.635576
0.628186
0.619383
0.609504
0.599041
0.588614
0.57904
0.571207
0.565808
0.563307
0.563782
0.566991
0.572534
0.579976
0.588871
0.598799
0.609291
0.619891
0.63011
0.639484
0.64753
0.653807
0.658036
0.660032
0.659823
0.657622
0.653727
0.648506
0.642422
0.635997
0.629679
0.623879
0.618938
0.615048
0.61221
0.610335
0.609223
0.608739
0.60891
0.609834
0.611599
0.614224
0.617457
0.620754
0.623467
0.624916
0.624517
0.621977
0.617346
0.611067
0.603863
0.596575
0.589919
0.584488
0.580637
0.578399
0.577609
0.577936
0.578947
0.580201
0.581332
0.582146
0.582659
0.583111
0.583829
0.585195
0.587345
0.590164
0.593308
0.59639
0.599085
0.601233
0.60297
0.60464
0.606667
0.609529
0.613659
0.619173
0.62591
0.633486
0.641301
0.648735
0.655204
0.660244
0.663617
0.665309
0.665471
0.664321
0.66212
0.659036
0.655167
0.650597
0.645422
0.639802
0.633912
0.627831
0.621523
0.614895
0.607889
0.600556
0.593079
0.585647
0.578492
0.571786
0.565741
0.560627
0.556809
0.554821
0.555135
0.558187
0.564258
0.573251
0.584813
0.598274
0.612778
0.627401
0.641189
0.653239
0.66275
0.669131
0.671986
0.671175
0.666867
0.659591
0.650145
0.639498
0.628613
0.618461
0.609769
0.603086
0.598736
0.596788
0.597103
0.599402
0.603269
0.608218
0.61362
0.618794
0.622973
0.625532
0.625991
0.624076
0.619707
0.612942
0.604037
0.593394
0.581629
0.569569
0.558146
0.548416
0.541365
0.537696
0.537814
0.541785
0.549305
0.559889
0.572901
0.5877
0.603768
0.620718
0.638259
0.656028
0.673472
0.689854
0.704278
0.715846
0.723908
0.728079
0.728321
0.724781
0.717752
0.707564
0.694449
0.678602
0.660253
0.639792
0.617759
0.594896
0.572222
0.55086
0.532075
0.51706
0.506808
0.501989
0.502752
0.50879
0.519368
0.533544
0.550321
0.568694
0.587699
0.606401
0.623865
0.639207
0.651661
0.66065
0.665869
0.667306
0.665349
0.660581
0.653734
0.645521
0.636512
0.627164
0.617861
0.609006
0.601054
0.594603
0.590136
0.58797
0.588233
0.590742
0.594935
0.600041
0.605273
0.609952
0.613578
0.615891
0.616837
0.616502
0.615077
0.612857
0.610232
0.607706
0.605711
0.604678
0.604976
0.606941
0.610755
0.616358
0.623462
0.631559
0.639959
0.647958
0.654902
0.660313
0.663798
0.665177
0.664425
0.661711
0.657333
0.651687
0.645237
0.638399
0.631563
0.62499
0.61882
0.613021
0.607508
0.602147
0.596899
0.591918
0.587609
0.584464
0.582993
0.583449
0.585766
0.589589
0.594366
0.599401
0.603983
0.607466
0.609251
0.608843
0.605886
0.600213
0.59187
0.581217
0.568856
0.555654
0.542729
0.531403
0.523074
0.519122
0.520645
0.528299
0.542123
0.561456
0.58499
0.610921
0.63726
0.662046
0.683613
0.700763
0.712804
0.719592
0.721277
0.718392
0.711704
0.702017
0.6902
0.677127
0.663573
0.650209
0.637531
0.625894
0.61552
0.606563
0.59921
0.593668
0.590063
0.588344
0.58824
0.589238
0.590696
0.592012
0.592789
0.592778
0.591942
0.590358
0.588145
0.585435
0.582364
0.579081
0.575712
0.572412
0.56935
0.5668
0.565102
0.564749
0.566303
0.570308
0.577087
0.586709
0.59882
0.612749
0.627654
0.642645
0.656915
0.669761
0.680551
0.688766
0.694025
0.696061
0.694691
0.689834
0.681623
0.670454
0.65703
0.642273
0.627295
0.613323
0.601516
0.592744
0.587473
0.585645
0.586648
0.589493
0.593004
0.596119
0.598169
0.598997
0.598938
0.598639
0.598777
0.599807
0.60173
0.604152
0.606512
0.608272
0.609144
0.609271
0.609128
0.609381
0.610664
0.613378
0.617573
0.62294
0.628881
0.634745
0.639952
0.644018
0.646636
0.647626
0.646875
0.644388
0.640187
0.634385
0.627189
0.61893
0.609989
0.600836
0.592001
0.583946
0.577103
0.57176
0.568123
0.566188
0.565936
0.567301
0.570185
0.574451
0.579947
0.586475
0.593697
0.601222
0.608571
0.615255
0.620844
0.625022
0.627718
0.629192
0.63004
0.631046
0.633066
0.636735
0.642362
0.649633
0.657785
0.665802
0.672586
0.677237
0.679133
0.678006
0.673896
0.667015
0.657722
0.646392
0.633465
0.619514
0.605305
0.591774
0.579921
0.570692
0.564829
0.562604
0.563832
0.567889
0.573908
0.580902
0.587963
0.594337
0.599478
0.603042
0.604819
0.60484
0.603369
0.600922
0.598248
0.59626
0.595805
0.597443
0.601285
0.606949
0.613837
0.62132
0.628898
0.636264
0.643344
0.650098
0.656417
0.662126
0.66688
0.670276
0.671946
0.671474
0.668706
0.663706
0.656805
0.648556
0.639561
0.63029
0.621175
0.612552
0.604648
0.597714
0.592021
0.58791
0.585715
0.585766
0.588174
0.592807
0.59926
0.606828
0.61471
0.622039
0.627947
0.631679
0.632632
0.630389
0.624781
0.615939
0.604313
0.590637
0.575836
0.561042
0.547524
0.536538
0.529346
0.527023
0.530391
0.539822
0.554872
0.574229
0.595732
0.616846
0.635126
0.64869
0.656583
0.658687
0.655624
0.648558
0.638913
0.628211
0.617916
0.609267
0.60327
0.600598
0.601489
0.605701
0.61258
0.621102
0.630077
0.638246
0.644524
0.648174
0.648779
0.646327
0.641204
0.63414
0.625987
0.617689
0.610142
0.604083
0.599825
0.597336
0.59625
0.596054
0.596355
0.597075
0.598442
0.600907
0.604863
0.610473
0.61754
0.625588
0.633929
0.641869
0.648736
0.65408
0.657557
0.658972
0.65829
0.655558
0.650904
0.644458
0.636329
0.626712
0.615845
0.604148
0.592354
0.581378
0.572265
0.56604
0.56341
0.564698
0.569818
0.578252
0.589111
0.601217
0.613099
0.623179
0.62997
0.632332
0.629702
0.622188
0.610529
0.595976
0.580096
0.564563
0.551108
0.541328
0.536548
0.537665
0.544977
0.558087
0.575931
0.596904
0.61908
0.640482
0.659293
0.674103
0.684025
0.688708
0.688399
0.683716
0.675611
0.66516
0.653569
0.64196
0.631411
0.622817
0.616778
0.613547
0.612924
0.614413
0.617261
0.620627
0.623777
0.626045
0.627001
0.626404
0.624153
0.620388
0.615471
0.610024
0.604813
0.600611
0.59808
0.597566
0.599141
0.602578
0.607346
0.612698
0.617768
0.621765
0.624105
0.624514
0.623096
0.62021
0.616433
0.612413
0.608773
0.605999
0.604478
0.604449
0.605901
0.608591
0.612066
0.615663
0.618629
0.620247
0.619951
0.617388
0.61261
0.605939
0.597927
0.589337
0.580971
0.573598
0.567778
0.563768
0.561527
0.560754
0.561103
0.562366
0.564492
0.567711
0.572452
0.579186
0.588334
0.599987
0.613749
0.62874
0.643815
0.657796
0.669642
0.678674
0.684542
0.687171
0.686706
0.683542
0.678326
0.671769
0.664668
0.657758
0.651539
0.646228
0.641726
0.637754
0.633994
0.630116
0.625832
0.620961
0.615459
0.609367
0.602807
0.596035
0.589286
0.582893
0.577198
0.57264
0.569653
0.568555
0.569525
0.572466
0.576852
0.581915
0.586829
0.590847
0.593564
0.594908
0.595203
0.595091
0.595392
0.596928
0.600273
0.605616
0.612781
0.621196
0.630082
0.63866
0.646365
0.652864
0.658081
0.662099
0.665009
0.666781
0.667234
0.666057
0.662966
0.657776
0.650455
0.641225
0.630533
0.618983
0.6074
0.596689
0.587717
0.581176
0.577416
0.576544
0.578396
0.582586
0.588474
0.59521
0.601906
0.60772
0.611969
0.61431
0.614662
0.613155
0.610127
0.605962
0.601166
0.596306
0.591905
0.588456
0.586365
0.585917
0.587183
0.590047
0.594231
0.599377
0.605157
0.611165
0.617105
0.622714
0.627736
0.631971
0.63526
0.637516
0.638824
0.63932
0.639104
0.638336
0.637058
0.635343
0.633201
0.630781
0.62818
0.625457
0.622588
0.619602
0.616678
0.614302
0.613307
0.61468
0.619023
0.6262
0.635215
0.644426
0.652167
0.657114
0.658487
0.656204
0.650655
0.64249
0.632496
0.621389
0.609752
0.598124
0.587093
0.577462
0.57021
0.566201
0.565976
0.569374
0.575685
0.583923
0.593104
0.602456
0.611324
0.619237
0.625718
0.630272
0.632338
0.631431
0.627299
0.620091
0.610478
0.599561
0.588733
0.579488
0.573068
0.570224
0.571217
0.575757
0.583261
0.592986
1.8
1.80001
1.80003
1.80005
1.80008
1.80011
1.80015
1.8002
1.80026
1.80032
1.80039
1.80046
1.80055
1.80064
1.80073
1.80084
1.80095
1.80107
1.8012
1.80134
1.80149
1.80164
1.8018
1.80198
1.80216
1.80235
1.80255
1.80276
1.80299
1.80322
1.80346
1.80372
1.80398
1.80426
1.80455
1.80485
1.80517
1.8055
1.80584
1.8062
1.80657
1.80696
1.80737
1.80779
1.80823
1.80868
1.80916
1.80965
1.81017
1.8107
1.81126
1.81184
1.81244
1.81307
1.81373
1.81441
1.81512
1.81585
1.81662
1.81742
1.81825
1.81911
1.82002
1.82095
1.82193
1.82295
1.824
1.82511
1.82625
1.82745
1.82869
1.82998
1.83133
1.83273
1.83419
1.83571
1.83729
1.83894
1.84065
1.84243
1.84429
1.84622
1.84822
1.85031
1.85248
1.85474
1.85708
1.85951
1.86204
1.86466
1.86737
1.87019
1.8731
1.87611
1.87921
1.8824
1.88567
1.88902
1.89243
1.89589
1.89938
1.90286
1.90632
1.90971
1.91299
1.91613
1.91907
1.92177
1.92421
1.92637
1.92824
1.92983
1.93114
1.93214
1.9328
1.933
1.93258
1.93134
1.92911
1.92578
1.92145
1.91646
1.91146
1.90732
1.90503
1.90532
1.9085
1.91433
1.92209
1.9308
1.93946
1.94722
1.95359
1.95844
1.96202
1.96471
1.96677
1.96818
1.96863
1.96773
1.96526
1.96136
1.95653
1.95153
1.94716
1.9441
1.94277
1.94337
1.94593
1.95031
1.95629
1.96349
1.9715
1.97992
1.98839
1.9966
2.00425
2.01106
2.01681
2.02133
2.02453
2.02639
2.02695
2.0263
2.02458
2.02197
2.01869
2.01497
2.01105
2.00717
2.00348
2.00013
1.99725
1.99505
1.9938
1.99382
1.99534
1.99836
2.00257
2.00744
2.01234
2.01672
2.02021
2.02264
2.02398
2.02436
2.02393
2.02292
2.02157
2.02013
2.01883
2.01789
2.01749
2.01773
2.01866
2.02026
2.02243
2.02503
2.02787
2.03079
2.0336
2.03618
2.03843
2.04028
2.04168
2.04264
2.04315
2.04322
2.04283
2.04199
2.04065
2.03877
2.03629
2.03322
2.0296
2.02561
2.02156
2.01786
2.01499
2.01336
2.01317
2.0144
2.01673
2.01967
2.02264
2.02509
2.02655
2.02677
2.02577
2.02397
2.02216
2.02131
2.02225
2.0253
2.03011
2.03582
2.04141
2.04603
2.04916
2.05059
2.05038
2.04881
2.0464
2.04386
2.04197
2.04136
2.04233
2.04465
2.04769
2.05062
2.05268
2.05337
2.05251
2.0503
2.04722
2.04398
2.04128
2.03967
2.03939
2.04035
2.04231
2.04494
2.04798
2.05121
2.05444
2.05749
2.06022
2.06254
2.0644
2.06584
2.06695
2.06784
2.06861
2.06931
2.06996
2.07047
2.07072
2.07051
2.06966
2.06801
2.06549
2.06216
2.0582
2.05396
2.04994
2.04666
2.04464
2.04423
2.0455
2.04827
2.05214
2.05662
2.06126
2.06572
2.0698
2.07341
2.07655
2.07926
2.08162
2.08369
2.08554
2.08723
2.08882
2.09036
2.09187
2.09337
2.09484
2.09624
2.0975
2.09849
2.09906
2.099
2.09812
2.09623
2.09321
2.0891
2.08416
2.0789
2.074
2.07016
2.06796
2.06774
2.06962
2.07353
2.07914
2.0859
2.093
2.09957
2.10481
2.10814
2.10918
2.10774
2.10378
2.09735
2.0887
2.07826
2.06675
2.05507
2.0443
2.03547
2.02955
2.02721
2.02873
2.03381
2.04159
2.0509
2.06063
2.0699
2.0782
2.08525
2.09094
2.09531
2.09844
2.10043
2.10142
2.10156
2.10099
2.09985
2.09831
2.09652
2.09463
2.09283
2.09126
2.09005
2.08929
2.08903
2.08924
2.08988
2.09084
2.09204
2.09337
2.09477
2.09618
2.09757
2.09891
2.10021
2.10147
2.1027
2.10389
2.10505
2.10618
2.10726
2.10828
2.10919
2.10995
2.11047
2.11065
2.11034
2.10932
2.10731
2.10392
2.09872
2.09123
2.08114
2.06866
2.05495
2.04241
2.0342
2.03265
2.03777
2.04723
2.05789
2.06734
2.07432
2.07855
2.08021
2.07965
2.07733
2.07377
2.06967
2.06584
2.06314
2.06227
2.06356
2.06682
2.07149
2.07682
2.08209
2.08675
2.09049
2.09316
2.09474
2.09529
2.09487
2.09352
2.09121
2.08783
2.08319
2.07701
2.06907
2.05939
2.04842
2.03733
2.02802
2.02267
2.02285
2.02865
2.03859
2.0503
2.06156
2.07091
2.07771
2.08187
2.08365
2.0834
2.08151
2.07835
2.07434
2.06995
2.06574
2.0623
2.06018
2.05966
2.06076
2.06314
2.0663
2.0697
2.07289
2.0756
2.07768
2.07909
2.07985
2.07997
2.07946
2.0783
2.07644
2.07383
2.07037
2.06601
2.06071
2.05455
2.04772
2.04062
2.03382
2.02797
2.02361
2.02097
2.01987
2.01981
2.02014
2.02031
2.01998
2.01907
2.01771
2.01617
2.01476
2.01371
2.01314
2.01305
2.0134
2.01417
2.01543
2.01734
2.02008
2.02375
2.0282
2.03313
2.03809
2.04261
2.04634
2.04903
2.05057
2.05093
2.05018
2.04838
2.04568
2.04223
2.03828
2.0341
2.03007
2.02655
2.02387
2.02224
2.02167
2.02203
2.02302
2.02435
2.02573
2.02692
2.02781
2.02834
2.02849
2.02831
2.02782
2.0271
2.02618
2.02512
2.02396
2.02272
2.02143
2.02011
2.01877
2.01743
2.01611
2.01487
2.01377
2.0129
2.01235
2.01217
2.01239
2.01297
2.0138
2.01476
2.01572
2.01656
2.01723
2.01776
2.01821
2.01866
2.01921
2.01987
2.0206
2.02129
2.02177
2.02185
2.02135
2.02015
2.01823
2.01569
2.01272
2.00965
2.00687
2.00472
2.00344
2.00312
2.00365
2.00481
2.00637
2.00819
2.0102
2.01246
2.01507
2.0181
2.02157
2.02538
2.02934
2.03324
2.03686
2.04004
2.04269
2.0448
2.04644
2.04771
2.04873
2.04961
2.05042
2.05121
2.05195
2.0526
2.05306
2.05324
2.05304
2.05234
2.05101
2.04883
2.04547
2.04047
2.03326
2.02349
2.01158
1.99937
1.99027
1.98793
1.99377
2.00584
2.0202
2.03331
2.04327
2.04958
2.05255
2.0528
2.05105
2.04805
2.04456
2.04128
2.03865
2.0368
2.03551
2.03439
2.03315
2.03181
2.03079
2.03075
2.03225
2.03548
2.0402
2.04587
2.05186
2.05768
2.06298
2.06762
2.07155
2.07484
2.0776
2.07992
2.08191
2.08367
2.08524
2.08666
2.08796
2.08913
2.09019
2.09111
2.09189
2.09252
2.09299
2.0933
2.09343
2.09339
2.09319
2.09284
2.09235
2.09174
2.09106
2.0903
2.08947
2.08854
2.08743
2.08603
2.08418
2.08168
2.07832
2.07387
2.06814
2.06105
2.05279
2.04401
2.03608
2.03093
2.03058
2.03602
2.04654
2.06003
2.07403
2.08667
2.09697
2.10468
2.10999
2.11323
2.11476
2.11487
2.1138
2.11175
2.10884
2.10523
2.10103
2.09644
2.09167
2.087
2.08272
2.0791
2.07629
2.07424
2.0727
2.0713
2.06966
2.0677
2.06576
2.06472
2.06563
2.06931
2.0758
2.08433
2.09371
2.10276
2.11071
2.11719
2.12214
2.12568
2.12795
2.12913
2.12931
2.12856
2.12689
2.1243
2.12075
2.11621
2.11069
2.10429
2.09723
2.08988
2.08283
2.07678
2.07241
2.07025
2.07044
2.07274
2.07664
2.08153
2.0869
2.09239
2.09774
2.10277
2.10726
2.11096
2.1135
2.11444
2.1133
2.10968
2.10356
2.09564
2.08765
2.08215
2.08146
2.08634
2.09548
2.10643
2.11695
2.12573
2.1324
2.13717
2.14043
2.14261
2.14405
2.14501
2.14566
2.1461
2.14641
2.14662
2.14677
2.1469
2.14705
2.1473
2.14769
2.1483
2.14918
2.15037
2.15182
2.15345
2.15503
2.15623
2.15648
2.15506
2.15107
2.1437
2.13279
2.11976
2.10822
2.10299
2.10706
2.11908
2.13447
2.14867
2.15911
2.16511
2.16694
2.16497
2.15928
2.14952
2.13512
2.11612
2.09471
2.0764
2.06837
2.07427
2.09074
2.11065
2.12842
2.14195
2.1515
2.15817
2.16304
2.16695
2.17047
2.17394
2.17753
2.18125
2.185
2.18856
2.19169
2.19412
2.19559
2.19585
2.19469
2.19198
2.18769
2.182
2.17532
2.16832
2.16189
2.15692
2.1541
2.1537
2.15557
2.15918
2.16379
2.16854
2.17253
2.17492
2.1749
2.17176
2.16511
2.15522
2.14356
2.13302
2.12709
2.128
2.13519
2.14582
2.15667
2.16565
2.17204
2.176
2.17811
2.17897
2.17909
2.1788
2.17827
2.17749
2.17631
2.17457
2.17209
2.16887
2.1651
2.16116
2.15755
2.15467
2.15264
2.15124
2.15001
2.14853
2.14658
2.14429
2.14213
2.14076
2.14073
2.14217
2.14472
2.14763
2.1501
2.15155
2.15171
2.15063
2.14857
2.14593
2.14314
2.1406
2.13861
2.1373
2.13663
2.13638
2.13618
2.13559
2.13423
2.13176
2.12807
2.12325
2.11764
2.11182
2.10649
2.10235
2.09999
2.09971
2.1014
2.10457
2.10839
2.11196
2.11451
2.11557
2.11501
2.11302
2.10998
2.10641
2.10283
2.09971
2.09743
2.09625
2.09628
2.09748
2.09961
2.10232
2.10518
2.10784
2.11007
2.11175
2.11292
2.11367
2.11413
2.11442
2.11463
2.11484
2.11508
2.11535
2.11564
2.11593
2.1162
2.11643
2.1166
2.1167
2.11673
2.11669
2.11656
2.11634
2.11602
2.11559
2.11503
2.11433
2.11346
2.11238
2.11107
2.10951
2.1077
2.10567
2.1035
2.10131
2.09929
2.09764
2.09654
2.09612
2.09637
2.09718
2.09833
2.09959
2.10073
2.10164
2.10225
2.10263
2.10286
2.10307
2.10339
2.10391
2.10467
2.10567
2.10688
2.10824
2.10964
2.11099
2.11218
2.1131
2.11365
2.11374
2.11328
2.11223
2.11055
2.10824
2.10534
2.10192
2.09807
2.09393
2.08974
2.08582
2.08264
2.08075
2.08067
2.08265
2.08654
2.09178
2.09758
2.10303
2.10731
2.10966
2.10938
2.10574
2.09811
2.08615
2.07037
2.05274
2.03675
2.02612
2.02262
1.8
1.80001
1.80003
1.80005
1.80008
1.80011
1.80015
1.8002
1.80026
1.80032
1.80039
1.80046
1.80055
1.80064
1.80073
1.80084
1.80095
1.80107
1.8012
1.80134
1.80149
1.80164
1.8018
1.80198
1.80216
1.80235
1.80255
1.80276
1.80299
1.80322
1.80346
1.80372
1.80398
1.80426
1.80455
1.80485
1.80517
1.8055
1.80584
1.8062
1.80657
1.80696
1.80737
1.80779
1.80823
1.80868
1.80916
1.80965
1.81017
1.8107
1.81126
1.81184
1.81244
1.81307
1.81373
1.81441
1.81512
1.81585
1.81662
1.81742
1.81825
1.81911
1.82002
1.82095
1.82193
1.82295
1.824
1.82511
1.82625
1.82745
1.82869
1.82998
1.83133
1.83273
1.83419
1.83571
1.83729
1.83894
1.84065
1.84243
1.84429
1.84622
1.84822
1.85031
1.85248
1.85474
1.85708
1.85951
1.86204
1.86466
1.86737
1.87019
1.8731
1.87611
1.87921
1.8824
1.88567
1.88902
1.89243
1.89589
1.89938
1.90286
1.90632
1.90971
1.91299
1.91613
1.91907
1.92177
1.92421
1.92637
1.92824
1.92983
1.93114
1.93214
1.9328
1.933
1.93258
1.93134
1.92911
1.92578
1.92145
1.91646
1.91146
1.90732
1.90503
1.90532
1.9085
1.91433
1.92209
1.9308
1.93946
1.94722
1.95359
1.95844
1.96202
1.96471
1.96677
1.96818
1.96863
1.96773
1.96526
1.96136
1.95653
1.95153
1.94716
1.9441
1.94277
1.94337
1.94593
1.95031
1.95629
1.96349
1.9715
1.97992
1.98839
1.9966
2.00425
2.01106
2.01681
2.02133
2.02453
2.02639
2.02695
2.0263
2.02458
2.02197
2.01869
2.01497
2.01105
2.00717
2.00348
2.00013
1.99725
1.99505
1.9938
1.99382
1.99534
1.99836
2.00257
2.00744
2.01234
2.01672
2.02021
2.02264
2.02398
2.02436
2.02393
2.02292
2.02157
2.02013
2.01883
2.01789
2.01749
2.01773
2.01866
2.02026
2.02243
2.02503
2.02787
2.03079
2.0336
2.03618
2.03843
2.04028
2.04168
2.04264
2.04315
2.04322
2.04283
2.04199
2.04065
2.03877
2.03629
2.03322
2.0296
2.02561
2.02156
2.01786
2.01499
2.01336
2.01317
2.0144
2.01673
2.01967
2.02264
2.02509
2.02655
2.02677
2.02577
2.02397
2.02216
2.02131
2.02225
2.0253
2.03011
2.03582
2.04141
2.04603
2.04916
2.05059
2.05038
2.04881
2.0464
2.04386
2.04197
2.04136
2.04233
2.04465
2.04769
2.05062
2.05268
2.05337
2.05251
2.0503
2.04722
2.04398
2.04128
2.03967
2.03939
2.04035
2.04231
2.04494
2.04798
2.05121
2.05444
2.05749
2.06022
2.06254
2.0644
2.06584
2.06695
2.06784
2.06861
2.06931
2.06996
2.07047
2.07072
2.07051
2.06966
2.06801
2.06549
2.06216
2.0582
2.05396
2.04994
2.04666
2.04464
2.04423
2.0455
2.04827
2.05214
2.05662
2.06126
2.06572
2.0698
2.07341
2.07655
2.07926
2.08162
2.08369
2.08554
2.08723
2.08882
2.09036
2.09187
2.09337
2.09484
2.09624
2.0975
2.09849
2.09906
2.099
2.09812
2.09623
2.09321
2.0891
2.08416
2.0789
2.074
2.07016
2.06796
2.06774
2.06962
2.07353
2.07914
2.0859
2.093
2.09957
2.10481
2.10814
2.10918
2.10774
2.10378
2.09735
2.0887
2.07826
2.06675
2.05507
2.0443
2.03547
2.02955
2.02721
2.02873
2.03381
2.04159
2.0509
2.06063
2.0699
2.0782
2.08525
2.09094
2.09531
2.09844
2.10043
2.10142
2.10156
2.10099
2.09985
2.09831
2.09652
2.09463
2.09283
2.09126
2.09005
2.08929
2.08903
2.08924
2.08988
2.09084
2.09204
2.09337
2.09477
2.09618
2.09757
2.09891
2.10021
2.10147
2.1027
2.10389
2.10505
2.10618
2.10726
2.10828
2.10919
2.10995
2.11047
2.11065
2.11034
2.10932
2.10731
2.10392
2.09872
2.09123
2.08114
2.06866
2.05495
2.04241
2.0342
2.03265
2.03777
2.04723
2.05789
2.06734
2.07432
2.07855
2.08021
2.07965
2.07733
2.07377
2.06967
2.06584
2.06314
2.06227
2.06356
2.06682
2.07149
2.07682
2.08209
2.08675
2.09049
2.09316
2.09474
2.09529
2.09487
2.09352
2.09121
2.08783
2.08319
2.07701
2.06907
2.05939
2.04842
2.03733
2.02802
2.02267
2.02285
2.02865
2.03859
2.0503
2.06156
2.07091
2.07771
2.08187
2.08365
2.0834
2.08151
2.07835
2.07434
2.06995
2.06574
2.0623
2.06018
2.05966
2.06076
2.06314
2.0663
2.0697
2.07289
2.0756
2.07768
2.07909
2.07985
2.07997
2.07946
2.0783
2.07644
2.07383
2.07037
2.06601
2.06071
2.05455
2.04772
2.04062
2.03382
2.02797
2.02361
2.02097
2.01987
2.01981
2.02014
2.02031
2.01998
2.01907
2.01771
2.01617
2.01476
2.01371
2.01314
2.01305
2.0134
2.01417
2.01543
2.01734
2.02008
2.02375
2.0282
2.03313
2.03809
2.04261
2.04634
2.04903
2.05057
2.05093
2.05018
2.04838
2.04568
2.04223
2.03828
2.0341
2.03007
2.02655
2.02387
2.02224
2.02167
2.02203
2.02302
2.02435
2.02573
2.02692
2.02781
2.02834
2.02849
2.02831
2.02782
2.0271
2.02618
2.02512
2.02396
2.02272
2.02143
2.02011
2.01877
2.01743
2.01611
2.01487
2.01377
2.0129
2.01235
2.01217
2.01239
2.01297
2.0138
2.01476
2.01572
2.01656
2.01723
2.01776
2.01821
2.01866
2.01921
2.01987
2.0206
2.02129
2.02177
2.02185
2.02135
2.02015
2.01823
2.01569
2.01272
2.00965
2.00687
2.00472
2.00344
2.00312
2.00365
2.00481
2.00637
2.00819
2.0102
2.01246
2.01507
2.0181
2.02157
2.02538
2.02934
2.03324
2.03686
2.04004
2.04269
2.0448
2.04644
2.04771
2.04873
2.04961
2.05042
2.05121
2.05195
2.0526
2.05306
2.05324
2.05304
2.05234
2.05101
2.04883
2.04547
2.04047
2.03326
2.02349
2.01158
1.99937
1.99027
1.98793
1.99377
2.00584
2.0202
2.03331
2.04327
2.04958
2.05255
2.0528
2.05105
2.04805
2.04456
2.04128
2.03865
2.0368
2.03551
2.03439
2.03315
2.03181
2.03079
2.03075
2.03225
2.03548
2.0402
2.04587
2.05186
2.05768
2.06298
2.06762
2.07155
2.07484
2.0776
2.07992
2.08191
2.08367
2.08524
2.08666
2.08796
2.08913
2.09019
2.09111
2.09189
2.09252
2.09299
2.0933
2.09343
2.09339
2.09319
2.09284
2.09235
2.09174
2.09106
2.0903
2.08947
2.08854
2.08743
2.08603
2.08418
2.08168
2.07832
2.07387
2.06814
2.06105
2.05279
2.04401
2.03608
2.03093
2.03058
2.03602
2.04654
2.06003
2.07403
2.08667
2.09697
2.10468
2.10999
2.11323
2.11476
2.11487
2.1138
2.11175
2.10884
2.10523
2.10103
2.09644
2.09167
2.087
2.08272
2.0791
2.07629
2.07424
2.0727
2.0713
2.06966
2.0677
2.06576
2.06472
2.06563
2.06931
2.0758
2.08433
2.09371
2.10276
2.11071
2.11719
2.12214
2.12568
2.12795
2.12913
2.12931
2.12856
2.12689
2.1243
2.12075
2.11621
2.11069
2.10429
2.09723
2.08988
2.08283
2.07678
2.07241
2.07025
2.07044
2.07274
2.07664
2.08153
2.0869
2.09239
2.09774
2.10277
2.10726
2.11096
2.1135
2.11444
2.1133
2.10968
2.10356
2.09564
2.08765
2.08215
2.08146
2.08634
2.09548
2.10643
2.11695
2.12573
2.1324
2.13717
2.14043
2.14261
2.14405
2.14501
2.14566
2.1461
2.14641
2.14662
2.14677
2.1469
2.14705
2.1473
2.14769
2.1483
2.14918
2.15037
2.15182
2.15345
2.15503
2.15623
2.15648
2.15506
2.15107
2.1437
2.13279
2.11976
2.10822
2.10299
2.10706
2.11908
2.13447
2.14867
2.15911
2.16511
2.16694
2.16497
2.15928
2.14952
2.13512
2.11612
2.09471
2.0764
2.06837
2.07427
2.09074
2.11065
2.12842
2.14195
2.1515
2.15817
2.16304
2.16695
2.17047
2.17394
2.17753
2.18125
2.185
2.18856
2.19169
2.19412
2.19559
2.19585
2.19469
2.19198
2.18769
2.182
2.17532
2.16832
2.16189
2.15692
2.1541
2.1537
2.15557
2.15918
2.16379
2.16854
2.17253
2.17492
2.1749
2.17176
2.16511
2.15522
2.14356
2.13302
2.12709
2.128
2.13519
2.14582
2.15667
2.16565
2.17204
2.176
2.17811
2.17897
2.17909
2.1788
2.17827
2.17749
2.17631
2.17457
2.17209
2.16887
2.1651
2.16116
2.15755
2.15467
2.15264
2.15124
2.15001
2.14853
2.14658
2.14429
2.14213
2.14076
2.14073
2.14217
2.14472
2.14763
2.1501
2.15155
2.15171
2.15063
2.14857
2.14593
2.14314
2.1406
2.13861
2.1373
2.13663
2.13638
2.13618
2.13559
2.13423
2.13176
2.12807
2.12325
2.11764
2.11182
2.10649
2.10235
2.09999
2.09971
2.1014
2.10457
2.10839
2.11196
2.11451
2.11557
2.11501
2.11302
2.10998
2.10641
2.10283
2.09971
2.09743
2.09625
2.09628
2.09748
2.09961
2.10232
2.10518
2.10784
2.11007
2.11175
2.11292
2.11367
2.11413
2.11442
2.11463
2.11484
2.11508
2.11535
2.11564
2.11593
2.1162
2.11643
2.1166
2.1167
2.11673
2.11669
2.11656
2.11634
2.11602
2.11559
2.11503
2.11433
2.11346
2.11238
2.11107
2.10951
2.1077
2.10567
2.1035
2.10131
2.09929
2.09764
2.09654
2.09612
2.09637
2.09718
2.09833
2.09959
2.10073
2.10164
2.10225
2.10263
2.10286
2.10307
2.10339
2.10391
2.10467
2.10567
2.10688
2.10824
2.10964
2.11099
2.11218
2.1131
2.11365
2.11374
2.11328
2.11223
2.11055
2.10824
2.10534
2.10192
2.09807
2.09393
2.08974
2.08582
2.08264
2.08075
2.08067
2.08265
2.08654
2.09178
2.09758
2.10303
2.10731
2.10966
2.10938
2.10574
2.09811
2.08615
2.07037
2.05274
2.03675
2.02612
2.02262
1.64864
1.64385
1.63535
1.62268
1.60521
1.58214
1.55244
1.51498
1.46865
1.41251
1.34617
1.27009
1.18599
1.09717
1.00839
0.925249
0.853087
0.795788
0.754953
0.729832
0.717913
0.715879
0.720455
0.728971
0.739566
0.751106
0.763011
0.775038
0.787127
0.799383
0.811927
0.82491
0.838326
0.852027
0.865639
0.8787
0.890827
0.901844
0.911764
0.920663
0.928581
0.935413
0.940896
0.944688
0.946431
0.945784
0.942507
0.936529
0.927975
0.917221
0.904888
0.891769
0.878859
0.867359
0.858614
0.853929
0.854268
0.859811
0.869725
0.882302
0.895398
0.906987
0.915525
0.920137
0.920645
0.917468
0.911503
0.903922
0.895903
0.888401
0.881975
0.876768
0.8727
0.869704
0.867782
0.86689
0.866737
0.866819
0.866543
0.865484
0.863524
0.860842
0.857884
0.855255
0.853615
0.853552
0.855482
0.8596
0.865834
0.873858
0.883198
0.893324
0.903669
0.91373
0.923157
0.931759
0.939523
0.946567
0.953033
0.958956
0.964178
0.968365
0.971107
0.972052
0.97112
0.96854
0.964849
0.96078
0.957033
0.954115
0.952223
0.951231
0.95081
0.950603
0.950271
0.949611
0.948555
0.947192
0.94569
0.944254
0.943045
0.942091
0.941229
0.94018
0.938563
0.936062
0.932475
0.927854
0.922534
0.917156
0.912581
0.909785
0.909651
0.912803
0.919406
0.929058
0.940793
0.953311
0.965261
0.97553
0.983439
0.988761
0.991607
0.992243
0.990913
0.987827
0.983152
0.977111
0.970031
0.962305
0.954385
0.946693
0.939569
0.933184
0.927677
0.92323
0.920228
0.919144
0.920367
0.923894
0.929203
0.935456
0.941826
0.947786
0.953093
0.957672
0.961373
0.963959
0.965068
0.964329
0.961489
0.956501
0.949543
0.941017
0.931413
0.921302
0.911287
0.901964
0.893907
0.887627
0.883495
0.881666
0.882107
0.884698
0.889309
0.895884
0.904418
0.914855
0.926937
0.940146
0.953715
0.966755
0.97843
0.988061
0.995277
1
1.0024
1.00272
1.00121
0.998004
0.993092
0.986442
0.978083
0.968178
0.957085
0.945329
0.933543
0.922369
0.912402
0.904115
0.897874
0.893878
0.892149
0.892539
0.894747
0.898317
0.902694
0.907269
0.911387
0.914446
0.91596
0.915636
0.913445
0.909569
0.904404
0.898457
0.892267
0.886349
0.881185
0.877212
0.874766
0.873973
0.874781
0.876989
0.880302
0.884375
0.888802
0.893167
0.897268
0.901366
0.906447
0.914073
0.925765
0.942026
0.961779
0.982666
1.00193
1.01726
1.02724
1.03131
1.02966
1.02306
1.01257
0.999407
0.984797
0.969977
0.956159
0.944469
0.935746
0.930363
0.928064
0.928028
0.92917
0.930424
0.930951
0.930223
0.928047
0.924462
0.919687
0.914039
0.907813
0.901169
0.894116
0.88653
0.878242
0.869179
0.859488
0.849565
0.839989
0.831452
0.824645
0.8201
0.8181
0.818648
0.821543
0.826598
0.833715
0.842873
0.854026
0.866896
0.880877
0.89516
0.908951
0.921709
0.933211
0.943462
0.952495
0.960175
0.966222
0.970329
0.972281
0.972007
0.969492
0.964796
0.958085
0.949674
0.940121
0.930209
0.920839
0.912894
0.907105
0.903928
0.903487
0.905634
0.909989
0.916083
0.923438
0.931651
0.940415
0.949504
0.958675
0.967562
0.975574
0.981895
0.985732
0.986631
0.984698
0.980586
0.975222
0.969433
0.963604
0.957705
0.951538
0.944998
0.938295
0.931957
0.926615
0.922786
0.920704
0.920336
0.921393
0.923523
0.926441
0.930022
0.934266
0.939287
0.945239
0.952204
0.960085
0.968552
0.977075
0.984984
0.991646
0.996555
0.999453
1.00039
0.99963
0.997544
0.994503
0.990735
0.986306
0.981171
0.975248
0.968502
0.961013
0.953007
0.94485
0.937047
0.930153
0.92472
0.921179
0.919738
0.920348
0.922685
0.926276
0.9306
0.935228
0.939894
0.944442
0.948732
0.952552
0.955548
0.95726
0.95728
0.955401
0.951773
0.946863
0.941314
0.93571
0.930504
0.926005
0.922452
0.920069
0.91903
0.919365
0.920908
0.923329
0.926154
0.928806
0.930677
0.93122
0.930109
0.927261
0.92281
0.917027
0.910225
0.902769
0.895193
0.88832
0.883195
0.880905
0.882208
0.887162
0.89495
0.904066
0.912713
0.919277
0.922688
0.922462
0.918731
0.912131
0.903656
0.894422
0.885454
0.877489
0.870886
0.865768
0.862217
0.860426
0.860716
0.863461
0.868864
0.876856
0.887053
0.898819
0.911436
0.924278
0.936854
0.948801
0.959796
0.969461
0.977302
0.982793
0.985452
0.984999
0.981454
0.975129
0.966608
0.956631
0.945986
0.935409
0.925497
0.91671
0.909284
0.903267
0.89851
0.894778
0.891846
0.889554
0.887939
0.88727
0.887994
0.890637
0.895596
0.903034
0.912796
0.92441
0.937198
0.950384
0.963146
0.97475
0.984576
0.992131
0.997013
0.998862
0.997357
0.992251
0.983425
0.971005
0.95543
0.937464
0.918178
0.898914
0.881077
0.866025
0.854874
0.84836
0.846763
0.849868
0.857011
0.867159
0.879068
0.891411
0.902915
0.912555
0.91965
0.923914
0.925392
0.924464
0.921748
0.917956
0.913783
0.909797
0.906389
0.90375
0.9019
0.900743
0.900105
0.899788
0.899586
0.89931
0.898846
0.898187
0.897393
0.896643
0.896196
0.896366
0.897467
0.899729
0.903198
0.907671
0.912643
0.917423
0.921273
0.923527
0.923798
0.921987
0.918292
0.91317
0.907244
0.901256
0.895938
0.891808
0.888956
0.887027
0.885407
0.883558
0.88133
0.879023
0.877255
0.87669
0.877858
0.88106
0.886405
0.893794
0.902855
0.912981
0.923334
0.93305
0.941382
0.947791
0.95203
0.954103
0.954107
0.952185
0.948467
0.943026
0.935911
0.92719
0.917013
0.90561
0.893294
0.880431
0.867401
0.854614
0.842467
0.831405
0.821929
0.814559
0.809789
0.80797
0.809141
0.812943
0.818649
0.825346
0.832154
0.838396
0.843612
0.847452
0.849541
0.849427
0.846646
0.840953
0.832469
0.821837
0.810165
0.798891
0.789462
0.783034
0.780304
0.781436
0.786188
0.79406
0.80443
0.816587
0.829766
0.843163
0.855998
0.867572
0.877357
0.885025
0.89051
0.894004
0.895947
0.896929
0.897619
0.898628
0.900472
0.903491
0.907822
0.913355
0.919764
0.926486
0.932843
0.938161
0.941829
0.943375
0.942571
0.939392
0.934026
0.926917
0.918719
0.910253
0.90246
0.896214
0.892013
0.889775
0.888869
0.888466
0.888017
0.887615
0.887973
0.890016
0.894223
0.900213
0.906796
0.912433
0.915803
0.916058
0.912939
0.90672
0.898119
0.888317
0.87887
0.871509
0.867615
0.867694
0.871083
0.876278
0.881688
0.886303
0.889898
0.892808
0.895543
0.8983
0.900816
0.902475
0.902573
0.900628
0.896525
0.89057
0.883324
0.87547
0.867635
0.860296
0.853735
0.848054
0.843324
0.839588
0.836919
0.835403
0.835055
0.835776
0.837319
0.839295
0.841243
0.842723
0.843387
0.843087
0.84187
0.840009
0.837909
0.83596
0.834428
0.833399
0.832826
0.832601
0.832625
0.832823
0.833181
0.833758
0.834686
0.836083
0.837997
0.84035
0.842956
0.845584
0.847995
0.849943
0.851164
0.851417
0.850456
0.848136
0.844455
0.839558
0.833784
0.827582
0.821409
0.815552
0.810127
0.80514
0.800615
0.796661
0.793454
0.791195
0.790021
0.790004
0.791212
0.793777
0.797915
0.803907
0.811977
0.822185
0.834403
0.848274
0.86325
0.878581
0.893394
0.906823
0.918173
0.927001
0.933156
0.936755
0.93812
0.937681
0.935925
0.933374
0.930527
0.927852
0.925821
0.92482
0.925109
0.92675
0.929529
0.932962
0.936374
0.938964
0.93991
0.938482
0.934159
0.926697
0.916151
0.902951
0.887906
0.872177
0.8571
0.844021
0.833998
0.827624
0.824951
0.825637
0.829128
0.834803
0.842068
0.850409
0.859424
0.868739
0.877941
0.886526
0.893942
0.899691
0.903425
0.905044
0.904694
0.902711
0.899533
0.895584
0.89119
0.886497
0.881472
0.875955
0.869728
0.862628
0.854609
0.845808
0.836552
0.827313
0.81865
0.811097
0.805052
0.80067
0.797816
0.796027
0.794608
0.792752
0.789747
0.785241
0.7794
0.772989
0.767216
0.763351
0.762405
0.764833
0.770552
0.779144
0.79006
0.802737
0.816644
0.831286
0.846174
0.860837
0.874883
0.888026
0.900069
0.910881
0.920387
0.928571
0.935444
0.94106
0.945532
0.948943
0.9513
0.952409
0.951879
0.949143
0.94365
0.934963
0.922972
0.907956
0.890596
0.871962
0.85339
0.836298
0.821976
0.811369
0.804952
0.802684
0.80408
0.808293
0.814289
0.820996
0.827399
0.832611
0.835921
0.836885
0.835382
0.831642
0.826286
0.82021
0.814431
0.809778
0.806657
0.804906
0.803978
0.803183
0.802076
0.800646
0.79931
0.798655
0.799097
0.800589
0.802605
0.804393
0.80535
0.8053
0.804636
0.804274
0.805395
0.809083
0.815967
0.825939
0.838231
0.851722
0.8653
0.878046
0.889315
0.898734
0.906097
0.911295
0.914322
0.915297
0.914435
0.912109
0.908866
0.905406
0.902495
0.900817
0.900808
0.902562
0.905775
0.909805
0.913819
0.916945
0.918346
0.917234
0.912893
0.904733
0.892417
0.876125
0.856794
0.836283
0.817195
0.802187
0.793073
0.790203
0.792581
0.798549
0.806469
0.815068
0.823518
0.831289
0.838062
0.843648
0.847963
0.851066
0.853129
0.854432
0.855307
0.85605
0.856815
0.857592
0.858289
0.858757
0.858974
0.859113
0.859497
0.860476
0.862176
0.86436
0.866434
0.867742
0.86789
0.867087
0.866104
0.86595
0.867323
0.87034
0.874627
0.879758
0.88569
0.892857
0.901771
0.912407
0.923752
0.933958
0.940985
0.943238
0.939975
0.931391
0.918497
0.902962
0.886662
0.871158
0.857351
0.845488
0.835541
0.827587
0.821844
0.818461
0.817283
0.817851
0.81962
0.822177
0.825303
0.828981
0.833249
0.838092
0.84339
0.84891
0.854269
0.858979
0.862454
0.864131
0.863533
0.860349
0.85453
0.846329
0.83632
0.825395
0.814754
0.805785
0.799878
0.798133
0.80101
0.808209
0.818734
0.831118
0.843795
0.855349
0.864718
0.871263
0.87476
0.875261
0.87304
0.86847
0.861985
0.854095
0.845344
0.836327
0.827686
1.1906
1.15839
1.10452
1.03074
0.939729
0.835468
0.723464
0.610592
0.504634
0.413364
0.34333
0.298638
0.280186
0.285662
0.310266
0.347839
0.392026
0.437197
0.478894
0.514025
0.540815
0.558656
0.567876
0.569567
0.565348
0.557255
0.547525
0.538348
0.531729
0.529151
0.531438
0.538715
0.550425
0.565553
0.582843
0.601011
0.61891
0.63556
0.650215
0.662361
0.671651
0.677864
0.680917
0.680797
0.677612
0.671574
0.662927
0.651958
0.639051
0.624823
0.610099
0.595944
0.583563
0.574127
0.568527
0.567237
0.570211
0.576824
0.585963
0.596208
0.606069
0.614243
0.619909
0.622864
0.623513
0.622681
0.621334
0.620293
0.620263
0.621841
0.625498
0.631452
0.639554
0.64932
0.6598
0.669888
0.6785
0.68474
0.68794
0.687813
0.684395
0.677973
0.669104
0.658545
0.647246
0.636206
0.626227
0.617838
0.611195
0.60616
0.602398
0.599496
0.597007
0.594603
0.591973
0.588877
0.585096
0.580464
0.574858
0.568232
0.560741
0.552722
0.544743
0.537606
0.532291
0.529814
0.531117
0.5369
0.547421
0.562458
0.581323
0.603027
0.62636
0.650057
0.672926
0.693891
0.711861
0.725876
0.735053
0.73862
0.736104
0.727275
0.712383
0.692111
0.667736
0.640971
0.613876
0.588584
0.566851
0.549781
0.537701
0.530253
0.526625
0.525899
0.527177
0.529873
0.533753
0.538909
0.545683
0.554417
0.565358
0.578476
0.593399
0.609464
0.625887
0.641707
0.655952
0.667737
0.676312
0.681156
0.682049
0.679056
0.672616
0.66341
0.652369
0.640635
0.629404
0.619866
0.613118
0.609964
0.610703
0.615045
0.622128
0.630609
0.638883
0.645266
0.648209
0.646555
0.639744
0.627853
0.611603
0.592399
0.572137
0.553057
0.537422
0.52719
0.523715
0.527522
0.538141
0.554131
0.573422
0.593644
0.612617
0.628626
0.640503
0.647772
0.650554
0.649369
0.645041
0.638581
0.630964
0.623071
0.615445
0.608398
0.601976
0.595965
0.590081
0.584019
0.577633
0.571188
0.565306
0.560862
0.558859
0.560126
0.565099
0.573774
0.585724
0.600195
0.616108
0.632275
0.647436
0.660404
0.670174
0.676065
0.67782
0.675612
0.669885
0.661327
0.650625
0.638399
0.625153
0.611363
0.597678
0.584903
0.574033
0.566222
0.562551
0.563702
0.56971
0.579993
0.593312
0.608035
0.622485
0.635227
0.645283
0.652228
0.656141
0.657402
0.65661
0.654432
0.651406
0.647805
0.643711
0.639002
0.633411
0.626613
0.618449
0.608937
0.5984
0.587358
0.576555
0.566932
0.559538
0.555418
0.555364
0.559681
0.568089
0.579696
0.593385
0.607849
0.621912
0.63454
0.645036
0.652884
0.65782
0.659936
0.659604
0.657462
0.654207
0.650559
0.647235
0.644744
0.643365
0.643117
0.643833
0.645158
0.64653
0.647242
0.646499
0.643502
0.637717
0.628983
0.617523
0.603907
0.588987
0.573707
0.559072
0.546142
0.536094
0.530088
0.529154
0.533979
0.544631
0.560359
0.579614
0.600272
0.62002
0.636975
0.650008
0.658859
0.663949
0.666117
0.666226
0.664927
0.662493
0.65898
0.654287
0.648327
0.641248
0.633484
0.625707
0.618726
0.613252
0.609745
0.608282
0.608544
0.609962
0.611875
0.613718
0.615034
0.615632
0.615512
0.614835
0.613825
0.612745
0.611732
0.610747
0.609639
0.608247
0.606388
0.603899
0.60067
0.596612
0.591659
0.585792
0.579083
0.571754
0.564258
0.557386
0.552216
0.54997
0.551827
0.558508
0.570026
0.585549
0.60354
0.622049
0.63923
0.653551
0.664055
0.67028
0.672259
0.670501
0.665888
0.659491
0.652476
0.645862
0.640356
0.636302
0.633707
0.632396
0.631954
0.63195
0.631994
0.631755
0.631004
0.62953
0.627017
0.622996
0.616969
0.608595
0.597917
0.585467
0.572171
0.559319
0.548372
0.540784
0.537795
0.540246
0.548325
0.561568
0.578902
0.598792
0.619417
0.638972
0.65587
0.668906
0.677333
0.680972
0.68023
0.675904
0.66913
0.661155
0.653055
0.645639
0.639422
0.634628
0.631254
0.629107
0.627839
0.626998
0.625993
0.624125
0.620724
0.615208
0.607152
0.596473
0.583436
0.568743
0.553457
0.538824
0.526186
0.516735
0.511362
0.510579
0.514539
0.522982
0.535258
0.550445
0.567408
0.585009
0.602241
0.618295
0.63272
0.645283
0.656047
0.665195
0.672838
0.679073
0.683811
0.686879
0.688114
0.687363
0.684616
0.679888
0.673391
0.665505
0.656884
0.648229
0.640257
0.633507
0.62832
0.624766
0.622619
0.621389
0.620398
0.618945
0.616414
0.612445
0.606954
0.600247
0.592925
0.585811
0.579793
0.575562
0.573443
0.573376
0.574898
0.577358
0.580054
0.582388
0.584122
0.585316
0.58637
0.58786
0.590423
0.594545
0.600395
0.607927
0.616801
0.626474
0.636305
0.645714
0.654195
0.66136
0.667081
0.67133
0.674113
0.675385
0.675049
0.673053
0.669425
0.664333
0.65805
0.650921
0.643296
0.635474
0.627683
0.620014
0.612457
0.604955
0.597432
0.589942
0.582681
0.575895
0.569733
0.564244
0.559368
0.555076
0.55152
0.549111
0.548519
0.550502
0.555604
0.564025
0.575521
0.589362
0.60448
0.619651
0.633749
0.645818
0.655245
0.661869
0.666013
0.668327
0.669587
0.670461
0.671312
0.672102
0.672492
0.671992
0.67014
0.666683
0.66159
0.655034
0.647194
0.638167
0.627872
0.616093
0.602592
0.587387
0.570898
0.553985
0.537911
0.524185
0.514301
0.509532
0.510696
0.518064
0.531274
0.54931
0.570598
0.593205
0.61512
0.634475
0.649738
0.660046
0.665248
0.665864
0.663013
0.658111
0.652745
0.648262
0.645659
0.645494
0.647792
0.652257
0.658231
0.664963
0.671578
0.677194
0.680948
0.682096
0.680043
0.674368
0.664901
0.65186
0.635871
0.617989
0.599677
0.582687
0.568772
0.559378
0.555326
0.556569
0.562274
0.57107
0.581369
0.591604
0.600501
0.607087
0.61076
0.611278
0.60883
0.603996
0.597636
0.59079
0.584482
0.579633
0.576925
0.576811
0.579528
0.585034
0.593151
0.603447
0.615257
0.627663
0.639531
0.64963
0.656874
0.660411
0.659733
0.654804
0.646069
0.634507
0.621494
0.608618
0.597491
0.589433
0.585269
0.585343
0.589428
0.596806
0.60639
0.616868
0.626978
0.635559
0.641701
0.644922
0.645165
0.642679
0.63801
0.631693
0.624227
0.615886
0.606766
0.596978
0.586757
0.576696
0.56774
0.56109
0.557923
0.559134
0.565234
0.576163
0.591308
0.609573
0.629527
0.649488
0.667785
0.682848
0.693402
0.69863
0.698211
0.692364
0.681845
0.667742
0.651328
0.633957
0.616853
0.601103
0.58765
0.57723
0.570407
0.567512
0.568494
0.572901
0.57999
0.58885
0.598586
0.608452
0.617943
0.62656
0.633961
0.639887
0.644208
0.646969
0.648356
0.648647
0.648109
0.646845
0.644677
0.641175
0.635723
0.627864
0.617576
0.605454
0.592674
0.580791
0.571285
0.565114
0.562496
0.562989
0.565755
0.569909
0.574663
0.579433
0.583805
0.587463
0.59017
0.591783
0.592371
0.592235
0.591866
0.591998
0.593316
0.596361
0.601545
0.609042
0.618738
0.630252
0.64291
0.655789
0.667882
0.678201
0.685904
0.690494
0.691805
0.689949
0.685173
0.67783
0.668299
0.656998
0.644399
0.631147
0.617937
0.605521
0.594766
0.586405
0.580894
0.578238
0.577941
0.579338
0.581723
0.58451
0.587355
0.590066
0.592589
0.594992
0.597593
0.600923
0.605588
0.611991
0.62006
0.629338
0.639018
0.648249
0.656238
0.662351
0.666079
0.667047
0.664979
0.659679
0.651137
0.639506
0.625276
0.609211
0.592512
0.576566
0.562861
0.552721
0.547059
0.546202
0.549848
0.55716
0.566948
0.577902
0.588819
0.598748
0.607129
0.613673
0.618384
0.621506
0.623366
0.624259
0.624492
0.624354
0.624187
0.624463
0.625738
0.628505
0.633092
0.63943
0.647048
0.655195
0.662929
0.669345
0.673752
0.675788
0.675319
0.67241
0.667197
0.659845
0.650502
0.639541
0.627578
0.615508
0.604437
0.595565
0.589856
0.587749
0.588847
0.591924
0.595175
0.596728
0.595281
0.590516
0.583107
0.574561
0.566768
0.561334
0.559214
0.560548
0.564786
0.570941
0.577993
0.585149
0.591974
0.598383
0.604557
0.610825
0.617465
0.624667
0.63242
0.640526
0.648599
0.656039
0.662178
0.666448
0.668474
0.668298
0.666299
0.663111
0.65941
0.655716
0.652255
0.648984
0.645687
0.642173
0.638421
0.634439
0.630342
0.62622
0.622108
0.617943
0.613614
0.609095
0.604463
0.599937
0.595876
0.592719
0.590869
0.590593
0.591877
0.594463
0.597902
0.601634
0.605161
0.608172
0.610487
0.612099
0.613118
0.61367
0.613817
0.613508
0.612536
0.610618
0.607516
0.60318
0.59785
0.592082
0.586661
0.582496
0.580412
0.580965
0.584341
0.590272
0.598011
0.606449
0.614416
0.620853
0.625064
0.626814
0.626406
0.624531
0.622141
0.620209
0.619494
0.620468
0.623176
0.627313
0.632273
0.637254
0.641346
0.64372
0.643689
0.640858
0.63521
0.627147
0.617481
0.607346
0.597935
0.590263
0.584978
0.582309
0.582183
0.584215
0.587847
0.592537
0.59783
0.60342
0.609117
0.614868
0.620602
0.626214
0.631515
0.636222
0.6399
0.642192
0.642823
0.641705
0.638947
0.634839
0.629709
0.62394
0.617807
0.611366
0.604587
0.597412
0.589873
0.582182
0.574825
0.568568
0.564204
0.562454
0.563772
0.568241
0.575492
0.584821
0.595254
0.605797
0.615576
0.623914
0.630327
0.634505
0.636265
0.635544
0.632498
0.627552
0.621415
0.615074
0.609735
0.606687
0.607054
0.611567
0.620293
0.632515
0.646851
0.661675
0.675401
0.686787
0.694939
0.699274
0.699498
0.69549
0.687303
0.675156
0.659406
0.640731
0.620118
0.598929
0.578751
0.561086
0.547148
0.537777
0.53331
0.53367
0.538504
0.547175
0.55884
0.57255
0.587328
0.602218
0.616338
0.628935
0.639455
0.647344
0.65219
0.653647
0.651641
0.64635
0.638321
0.628439
0.61784
0.607718
0.59913
0.592936
0.589704
0.589635
0.59257
0.59801
0.605232
0.613395
0.621594
0.628916
0.634491
0.637701
0.638178
0.635837
0.630977
1.8
1.80001
1.80003
1.80005
1.80008
1.80011
1.80015
1.8002
1.80026
1.80032
1.80039
1.80046
1.80055
1.80064
1.80073
1.80084
1.80095
1.80107
1.8012
1.80134
1.80149
1.80164
1.8018
1.80198
1.80216
1.80235
1.80255
1.80276
1.80299
1.80322
1.80346
1.80372
1.80398
1.80426
1.80455
1.80485
1.80517
1.8055
1.80584
1.8062
1.80657
1.80696
1.80737
1.80779
1.80823
1.80868
1.80916
1.80965
1.81017
1.8107
1.81126
1.81184
1.81244
1.81307
1.81373
1.81441
1.81512
1.81585
1.81662
1.81742
1.81825
1.81911
1.82002
1.82095
1.82193
1.82295
1.824
1.82511
1.82625
1.82745
1.82869
1.82998
1.83133
1.83273
1.83419
1.83571
1.83729
1.83894
1.84065
1.84243
1.84429
1.84622
1.84822
1.85031
1.85248
1.85474
1.85708
1.85951
1.86204
1.86466
1.86737
1.87019
1.8731
1.87611
1.87921
1.8824
1.88567
1.88902
1.89243
1.89589
1.89938
1.90286
1.90632
1.90971
1.91299
1.91613
1.91907
1.92177
1.92421
1.92637
1.92824
1.92983
1.93114
1.93214
1.9328
1.933
1.93258
1.93134
1.92911
1.92578
1.92145
1.91646
1.91146
1.90732
1.90503
1.90532
1.9085
1.91433
1.92209
1.9308
1.93946
1.94722
1.95359
1.95844
1.96202
1.96471
1.96677
1.96818
1.96863
1.96773
1.96526
1.96136
1.95653
1.95153
1.94716
1.9441
1.94277
1.94337
1.94593
1.95031
1.95629
1.96349
1.9715
1.97992
1.98839
1.9966
2.00425
2.01106
2.01681
2.02133
2.02453
2.02639
2.02695
2.0263
2.02458
2.02197
2.01869
2.01497
2.01105
2.00717
2.00348
2.00013
1.99725
1.99505
1.9938
1.99382
1.99534
1.99836
2.00257
2.00744
2.01234
2.01672
2.02021
2.02264
2.02398
2.02436
2.02393
2.02292
2.02157
2.02013
2.01883
2.01789
2.01749
2.01773
2.01866
2.02026
2.02243
2.02503
2.02787
2.03079
2.0336
2.03618
2.03843
2.04028
2.04168
2.04264
2.04315
2.04322
2.04283
2.04199
2.04065
2.03877
2.03629
2.03322
2.0296
2.02561
2.02156
2.01786
2.01499
2.01336
2.01317
2.0144
2.01673
2.01967
2.02264
2.02509
2.02655
2.02677
2.02577
2.02397
2.02216
2.02131
2.02225
2.0253
2.03011
2.03582
2.04141
2.04603
2.04916
2.05059
2.05038
2.04881
2.0464
2.04386
2.04197
2.04136
2.04233
2.04465
2.04769
2.05062
2.05268
2.05337
2.05251
2.0503
2.04722
2.04398
2.04128
2.03967
2.03939
2.04035
2.04231
2.04494
2.04798
2.05121
2.05444
2.05749
2.06022
2.06254
2.0644
2.06584
2.06695
2.06784
2.06861
2.06931
2.06996
2.07047
2.07072
2.07051
2.06966
2.06801
2.06549
2.06216
2.0582
2.05396
2.04994
2.04666
2.04464
2.04423
2.0455
2.04827
2.05214
2.05662
2.06126
2.06572
2.0698
2.07341
2.07655
2.07926
2.08162
2.08369
2.08554
2.08723
2.08882
2.09036
2.09187
2.09337
2.09484
2.09624
2.0975
2.09849
2.09906
2.099
2.09812
2.09623
2.09321
2.0891
2.08416
2.0789
2.074
2.07016
2.06796
2.06774
2.06962
2.07353
2.07914
2.0859
2.093
2.09957
2.10481
2.10814
2.10918
2.10774
2.10378
2.09735
2.0887
2.07826
2.06675
2.05507
2.0443
2.03547
2.02955
2.02721
2.02873
2.03381
2.04159
2.0509
2.06063
2.0699
2.0782
2.08525
2.09094
2.09531
2.09844
2.10043
2.10142
2.10156
2.10099
2.09985
2.09831
2.09652
2.09463
2.09283
2.09126
2.09005
2.08929
2.08903
2.08924
2.08988
2.09084
2.09204
2.09337
2.09477
2.09618
2.09757
2.09891
2.10021
2.10147
2.1027
2.10389
2.10505
2.10618
2.10726
2.10828
2.10919
2.10995
2.11047
2.11065
2.11034
2.10932
2.10731
2.10392
2.09872
2.09123
2.08114
2.06866
2.05495
2.04241
2.0342
2.03265
2.03777
2.04723
2.05789
2.06734
2.07432
2.07855
2.08021
2.07965
2.07733
2.07377
2.06967
2.06584
2.06314
2.06227
2.06356
2.06682
2.07149
2.07682
2.08209
2.08675
2.09049
2.09316
2.09474
2.09529
2.09487
2.09352
2.09121
2.08783
2.08319
2.07701
2.06907
2.05939
2.04842
2.03733
2.02802
2.02267
2.02285
2.02865
2.03859
2.0503
2.06156
2.07091
2.07771
2.08187
2.08365
2.0834
2.08151
2.07835
2.07434
2.06995
2.06574
2.0623
2.06018
2.05966
2.06076
2.06314
2.0663
2.0697
2.07289
2.0756
2.07768
2.07909
2.07985
2.07997
2.07946
2.0783
2.07644
2.07383
2.07037
2.06601
2.06071
2.05455
2.04772
2.04062
2.03382
2.02797
2.02361
2.02097
2.01987
2.01981
2.02014
2.02031
2.01998
2.01907
2.01771
2.01617
2.01476
2.01371
2.01314
2.01305
2.0134
2.01417
2.01543
2.01734
2.02008
2.02375
2.0282
2.03313
2.03809
2.04261
2.04634
2.04903
2.05057
2.05093
2.05018
2.04838
2.04568
2.04223
2.03828
2.0341
2.03007
2.02655
2.02387
2.02224
2.02167
2.02203
2.02302
2.02435
2.02573
2.02692
2.02781
2.02834
2.02849
2.02831
2.02782
2.0271
2.02618
2.02512
2.02396
2.02272
2.02143
2.02011
2.01877
2.01743
2.01611
2.01487
2.01377
2.0129
2.01235
2.01217
2.01239
2.01297
2.0138
2.01476
2.01572
2.01656
2.01723
2.01776
2.01821
2.01866
2.01921
2.01987
2.0206
2.02129
2.02177
2.02185
2.02135
2.02015
2.01823
2.01569
2.01272
2.00965
2.00687
2.00472
2.00344
2.00312
2.00365
2.00481
2.00637
2.00819
2.0102
2.01246
2.01507
2.0181
2.02157
2.02538
2.02934
2.03324
2.03686
2.04004
2.04269
2.0448
2.04644
2.04771
2.04873
2.04961
2.05042
2.05121
2.05195
2.0526
2.05306
2.05324
2.05304
2.05234
2.05101
2.04883
2.04547
2.04047
2.03326
2.02349
2.01158
1.99937
1.99027
1.98793
1.99377
2.00584
2.0202
2.03331
2.04327
2.04958
2.05255
2.0528
2.05105
2.04805
2.04456
2.04128
2.03865
2.0368
2.03551
2.03439
2.03315
2.03181
2.03079
2.03075
2.03225
2.03548
2.0402
2.04587
2.05186
2.05768
2.06298
2.06762
2.07155
2.07484
2.0776
2.07992
2.08191
2.08367
2.08524
2.08666
2.08796
2.08913
2.09019
2.09111
2.09189
2.09252
2.09299
2.0933
2.09343
2.09339
2.09319
2.09284
2.09235
2.09174
2.09106
2.0903
2.08947
2.08854
2.08743
2.08603
2.08418
2.08168
2.07832
2.07387
2.06814
2.06105
2.05279
2.04401
2.03608
2.03093
2.03058
2.03602
2.04654
2.06003
2.07403
2.08667
2.09697
2.10468
2.10999
2.11323
2.11476
2.11487
2.1138
2.11175
2.10884
2.10523
2.10103
2.09644
2.09167
2.087
2.08272
2.0791
2.07629
2.07424
2.0727
2.0713
2.06966
2.0677
2.06576
2.06472
2.06563
2.06931
2.0758
2.08433
2.09371
2.10276
2.11071
2.11719
2.12214
2.12568
2.12795
2.12913
2.12931
2.12856
2.12689
2.1243
2.12075
2.11621
2.11069
2.10429
2.09723
2.08988
2.08283
2.07678
2.07241
2.07025
2.07044
2.07274
2.07664
2.08153
2.0869
2.09239
2.09774
2.10277
2.10726
2.11096
2.1135
2.11444
2.1133
2.10968
2.10356
2.09564
2.08765
2.08215
2.08146
2.08634
2.09548
2.10643
2.11695
2.12573
2.1324
2.13717
2.14043
2.14261
2.14405
2.14501
2.14566
2.1461
2.14641
2.14662
2.14677
2.1469
2.14705
2.1473
2.14769
2.1483
2.14918
2.15037
2.15182
2.15345
2.15503
2.15623
2.15648
2.15506
2.15107
2.1437
2.13279
2.11976
2.10822
2.10299
2.10706
2.11908
2.13447
2.14867
2.15911
2.16511
2.16694
2.16497
2.15928
2.14952
2.13512
2.11612
2.09471
2.0764
2.06837
2.07427
2.09074
2.11065
2.12842
2.14195
2.1515
2.15817
2.16304
2.16695
2.17047
2.17394
2.17753
2.18125
2.185
2.18856
2.19169
2.19412
2.19559
2.19585
2.19469
2.19198
2.18769
2.182
2.17532
2.16832
2.16189
2.15692
2.1541
2.1537
2.15557
2.15918
2.16379
2.16854
2.17253
2.17492
2.1749
2.17176
2.16511
2.15522
2.14356
2.13302
2.12709
2.128
2.13519
2.14582
2.15667
2.16565
2.17204
2.176
2.17811
2.17897
2.17909
2.1788
2.17827
2.17749
2.17631
2.17457
2.17209
2.16887
2.1651
2.16116
2.15755
2.15467
2.15264
2.15124
2.15001
2.14853
2.14658
2.14429
2.14213
2.14076
2.14073
2.14217
2.14472
2.14763
2.1501
2.15155
2.15171
2.15063
2.14857
2.14593
2.14314
2.1406
2.13861
2.1373
2.13663
2.13638
2.13618
2.13559
2.13423
2.13176
2.12807
2.12325
2.11764
2.11182
2.10649
2.10235
2.09999
2.09971
2.1014
2.10457
2.10839
2.11196
2.11451
2.11557
2.11501
2.11302
2.10998
2.10641
2.10283
2.09971
2.09743
2.09625
2.09628
2.09748
2.09961
2.10232
2.10518
2.10784
2.11007
2.11175
2.11292
2.11367
2.11413
2.11442
2.11463
2.11484
2.11508
2.11535
2.11564
2.11593
2.1162
2.11643
2.1166
2.1167
2.11673
2.11669
2.11656
2.11634
2.11602
2.11559
2.11503
2.11433
2.11346
2.11238
2.11107
2.10951
2.1077
2.10567
2.1035
2.10131
2.09929
2.09764
2.09654
2.09612
2.09637
2.09718
2.09833
2.09959
2.10073
2.10164
2.10225
2.10263
2.10286
2.10307
2.10339
2.10391
2.10467
2.10567
2.10688
2.10824
2.10964
2.11099
2.11218
2.1131
2.11365
2.11374
2.11328
2.11223
2.11055
2.10824
2.10534
2.10192
2.09807
2.09393
2.08974
2.08582
2.08264
2.08075
2.08067
2.08265
2.08654
2.09178
2.09758
2.10303
2.10731
2.10966
2.10938
2.10574
2.09811
2.08615
2.07037
2.05274
2.03675
2.02612
2.02262
1.64864
1.64385
1.63535
1.62268
1.60521
1.58214
1.55244
1.51498
1.46865
1.41251
1.34617
1.27009
1.18599
1.09717
1.00839
0.925249
0.853087
0.795788
0.754953
0.729832
0.717913
0.715879
0.720455
0.728971
0.739566
0.751106
0.763011
0.775038
0.787127
0.799383
0.811927
0.82491
0.838326
0.852027
0.865639
0.8787
0.890827
0.901844
0.911764
0.920663
0.928581
0.935413
0.940896
0.944688
0.946431
0.945784
0.942507
0.936529
0.927975
0.917221
0.904888
0.891769
0.878859
0.867359
0.858614
0.853929
0.854268
0.859811
0.869725
0.882302
0.895398
0.906987
0.915525
0.920137
0.920645
0.917468
0.911503
0.903922
0.895903
0.888401
0.881975
0.876768
0.8727
0.869704
0.867782
0.86689
0.866737
0.866819
0.866543
0.865484
0.863524
0.860842
0.857884
0.855255
0.853615
0.853552
0.855482
0.8596
0.865834
0.873858
0.883198
0.893324
0.903669
0.91373
0.923157
0.931759
0.939523
0.946567
0.953033
0.958956
0.964178
0.968365
0.971107
0.972052
0.97112
0.96854
0.964849
0.96078
0.957033
0.954115
0.952223
0.951231
0.95081
0.950603
0.950271
0.949611
0.948555
0.947192
0.94569
0.944254
0.943045
0.942091
0.941229
0.94018
0.938563
0.936062
0.932475
0.927854
0.922534
0.917156
0.912581
0.909785
0.909651
0.912803
0.919406
0.929058
0.940793
0.953311
0.965261
0.97553
0.983439
0.988761
0.991607
0.992243
0.990913
0.987827
0.983152
0.977111
0.970031
0.962305
0.954385
0.946693
0.939569
0.933184
0.927677
0.92323
0.920228
0.919144
0.920367
0.923894
0.929203
0.935456
0.941826
0.947786
0.953093
0.957672
0.961373
0.963959
0.965068
0.964329
0.961489
0.956501
0.949543
0.941017
0.931413
0.921302
0.911287
0.901964
0.893907
0.887627
0.883495
0.881666
0.882107
0.884698
0.889309
0.895884
0.904418
0.914855
0.926937
0.940146
0.953715
0.966755
0.97843
0.988061
0.995277
1
1.0024
1.00272
1.00121
0.998004
0.993092
0.986442
0.978083
0.968178
0.957085
0.945329
0.933543
0.922369
0.912402
0.904115
0.897874
0.893878
0.892149
0.892539
0.894747
0.898317
0.902694
0.907269
0.911387
0.914446
0.91596
0.915636
0.913445
0.909569
0.904404
0.898457
0.892267
0.886349
0.881185
0.877212
0.874766
0.873973
0.874781
0.876989
0.880302
0.884375
0.888802
0.893167
0.897268
0.901366
0.906447
0.914073
0.925765
0.942026
0.961779
0.982666
1.00193
1.01726
1.02724
1.03131
1.02966
1.02306
1.01257
0.999407
0.984797
0.969977
0.956159
0.944469
0.935746
0.930363
0.928064
0.928028
0.92917
0.930424
0.930951
0.930223
0.928047
0.924462
0.919687
0.914039
0.907813
0.901169
0.894116
0.88653
0.878242
0.869179
0.859488
0.849565
0.839989
0.831452
0.824645
0.8201
0.8181
0.818648
0.821543
0.826598
0.833715
0.842873
0.854026
0.866896
0.880877
0.89516
0.908951
0.921709
0.933211
0.943462
0.952495
0.960175
0.966222
0.970329
0.972281
0.972007
0.969492
0.964796
0.958085
0.949674
0.940121
0.930209
0.920839
0.912894
0.907105
0.903928
0.903487
0.905634
0.909989
0.916083
0.923438
0.931651
0.940415
0.949504
0.958675
0.967562
0.975574
0.981895
0.985732
0.986631
0.984698
0.980586
0.975222
0.969433
0.963604
0.957705
0.951538
0.944998
0.938295
0.931957
0.926615
0.922786
0.920704
0.920336
0.921393
0.923523
0.926441
0.930022
0.934266
0.939287
0.945239
0.952204
0.960085
0.968552
0.977075
0.984984
0.991646
0.996555
0.999453
1.00039
0.99963
0.997544
0.994503
0.990735
0.986306
0.981171
0.975248
0.968502
0.961013
0.953007
0.94485
0.937047
0.930153
0.92472
0.921179
0.919738
0.920348
0.922685
0.926276
0.9306
0.935228
0.939894
0.944442
0.948732
0.952552
0.955548
0.95726
0.95728
0.955401
0.951773
0.946863
0.941314
0.93571
0.930504
0.926005
0.922452
0.920069
0.91903
0.919365
0.920908
0.923329
0.926154
0.928806
0.930677
0.93122
0.930109
0.927261
0.92281
0.917027
0.910225
0.902769
0.895193
0.88832
0.883195
0.880905
0.882208
0.887162
0.89495
0.904066
0.912713
0.919277
0.922688
0.922462
0.918731
0.912131
0.903656
0.894422
0.885454
0.877489
0.870886
0.865768
0.862217
0.860426
0.860716
0.863461
0.868864
0.876856
0.887053
0.898819
0.911436
0.924278
0.936854
0.948801
0.959796
0.969461
0.977302
0.982793
0.985452
0.984999
0.981454
0.975129
0.966608
0.956631
0.945986
0.935409
0.925497
0.91671
0.909284
0.903267
0.89851
0.894778
0.891846
0.889554
0.887939
0.88727
0.887994
0.890637
0.895596
0.903034
0.912796
0.92441
0.937198
0.950384
0.963146
0.97475
0.984576
0.992131
0.997013
0.998862
0.997357
0.992251
0.983425
0.971005
0.95543
0.937464
0.918178
0.898914
0.881077
0.866025
0.854874
0.84836
0.846763
0.849868
0.857011
0.867159
0.879068
0.891411
0.902915
0.912555
0.91965
0.923914
0.925392
0.924464
0.921748
0.917956
0.913783
0.909797
0.906389
0.90375
0.9019
0.900743
0.900105
0.899788
0.899586
0.89931
0.898846
0.898187
0.897393
0.896643
0.896196
0.896366
0.897467
0.899729
0.903198
0.907671
0.912643
0.917423
0.921273
0.923527
0.923798
0.921987
0.918292
0.91317
0.907244
0.901256
0.895938
0.891808
0.888956
0.887027
0.885407
0.883558
0.88133
0.879023
0.877255
0.87669
0.877858
0.88106
0.886405
0.893794
0.902855
0.912981
0.923334
0.93305
0.941382
0.947791
0.95203
0.954103
0.954107
0.952185
0.948467
0.943026
0.935911
0.92719
0.917013
0.90561
0.893294
0.880431
0.867401
0.854614
0.842467
0.831405
0.821929
0.814559
0.809789
0.80797
0.809141
0.812943
0.818649
0.825346
0.832154
0.838396
0.843612
0.847452
0.849541
0.849427
0.846646
0.840953
0.832469
0.821837
0.810165
0.798891
0.789462
0.783034
0.780304
0.781436
0.786188
0.79406
0.80443
0.816587
0.829766
0.843163
0.855998
0.867572
0.877357
0.885025
0.89051
0.894004
0.895947
0.896929
0.897619
0.898628
0.900472
0.903491
0.907822
0.913355
0.919764
0.926486
0.932843
0.938161
0.941829
0.943375
0.942571
0.939392
0.934026
0.926917
0.918719
0.910253
0.90246
0.896214
0.892013
0.889775
0.888869
0.888466
0.888017
0.887615
0.887973
0.890016
0.894223
0.900213
0.906796
0.912433
0.915803
0.916058
0.912939
0.90672
0.898119
0.888317
0.87887
0.871509
0.867615
0.867694
0.871083
0.876278
0.881688
0.886303
0.889898
0.892808
0.895543
0.8983
0.900816
0.902475
0.902573
0.900628
0.896525
0.89057
0.883324
0.87547
0.867635
0.860296
0.853735
0.848054
0.843324
0.839588
0.836919
0.835403
0.835055
0.835776
0.837319
0.839295
0.841243
0.842723
0.843387
0.843087
0.84187
0.840009
0.837909
0.83596
0.834428
0.833399
0.832826
0.832601
0.832625
0.832823
0.833181
0.833758
0.834686
0.836083
0.837997
0.84035
0.842956
0.845584
0.847995
0.849943
0.851164
0.851417
0.850456
0.848136
0.844455
0.839558
0.833784
0.827582
0.821409
0.815552
0.810127
0.80514
0.800615
0.796661
0.793454
0.791195
0.790021
0.790004
0.791212
0.793777
0.797915
0.803907
0.811977
0.822185
0.834403
0.848274
0.86325
0.878581
0.893394
0.906823
0.918173
0.927001
0.933156
0.936755
0.93812
0.937681
0.935925
0.933374
0.930527
0.927852
0.925821
0.92482
0.925109
0.92675
0.929529
0.932962
0.936374
0.938964
0.93991
0.938482
0.934159
0.926697
0.916151
0.902951
0.887906
0.872177
0.8571
0.844021
0.833998
0.827624
0.824951
0.825637
0.829128
0.834803
0.842068
0.850409
0.859424
0.868739
0.877941
0.886526
0.893942
0.899691
0.903425
0.905044
0.904694
0.902711
0.899533
0.895584
0.89119
0.886497
0.881472
0.875955
0.869728
0.862628
0.854609
0.845808
0.836552
0.827313
0.81865
0.811097
0.805052
0.80067
0.797816
0.796027
0.794608
0.792752
0.789747
0.785241
0.7794
0.772989
0.767216
0.763351
0.762405
0.764833
0.770552
0.779144
0.79006
0.802737
0.816644
0.831286
0.846174
0.860837
0.874883
0.888026
0.900069
0.910881
0.920387
0.928571
0.935444
0.94106
0.945532
0.948943
0.9513
0.952409
0.951879
0.949143
0.94365
0.934963
0.922972
0.907956
0.890596
0.871962
0.85339
0.836298
0.821976
0.811369
0.804952
0.802684
0.80408
0.808293
0.814289
0.820996
0.827399
0.832611
0.835921
0.836885
0.835382
0.831642
0.826286
0.82021
0.814431
0.809778
0.806657
0.804906
0.803978
0.803183
0.802076
0.800646
0.79931
0.798655
0.799097
0.800589
0.802605
0.804393
0.80535
0.8053
0.804636
0.804274
0.805395
0.809083
0.815967
0.825939
0.838231
0.851722
0.8653
0.878046
0.889315
0.898734
0.906097
0.911295
0.914322
0.915297
0.914435
0.912109
0.908866
0.905406
0.902495
0.900817
0.900808
0.902562
0.905775
0.909805
0.913819
0.916945
0.918346
0.917234
0.912893
0.904733
0.892417
0.876125
0.856794
0.836283
0.817195
0.802187
0.793073
0.790203
0.792581
0.798549
0.806469
0.815068
0.823518
0.831289
0.838062
0.843648
0.847963
0.851066
0.853129
0.854432
0.855307
0.85605
0.856815
0.857592
0.858289
0.858757
0.858974
0.859113
0.859497
0.860476
0.862176
0.86436
0.866434
0.867742
0.86789
0.867087
0.866104
0.86595
0.867323
0.87034
0.874627
0.879758
0.88569
0.892857
0.901771
0.912407
0.923752
0.933958
0.940985
0.943238
0.939975
0.931391
0.918497
0.902962
0.886662
0.871158
0.857351
0.845488
0.835541
0.827587
0.821844
0.818461
0.817283
0.817851
0.81962
0.822177
0.825303
0.828981
0.833249
0.838092
0.84339
0.84891
0.854269
0.858979
0.862454
0.864131
0.863533
0.860349
0.85453
0.846329
0.83632
0.825395
0.814754
0.805785
0.799878
0.798133
0.80101
0.808209
0.818734
0.831118
0.843795
0.855349
0.864718
0.871263
0.87476
0.875261
0.87304
0.86847
0.861985
0.854095
0.845344
0.836327
0.827686
1.1906
1.15839
1.10452
1.03074
0.939729
0.835468
0.723464
0.610592
0.504634
0.413364
0.34333
0.298638
0.280186
0.285662
0.310266
0.347839
0.392026
0.437197
0.478894
0.514025
0.540815
0.558656
0.567876
0.569567
0.565348
0.557255
0.547525
0.538348
0.531729
0.529151
0.531438
0.538715
0.550425
0.565553
0.582843
0.601011
0.61891
0.63556
0.650215
0.662361
0.671651
0.677864
0.680917
0.680797
0.677612
0.671574
0.662927
0.651958
0.639051
0.624823
0.610099
0.595944
0.583563
0.574127
0.568527
0.567237
0.570211
0.576824
0.585963
0.596208
0.606069
0.614243
0.619909
0.622864
0.623513
0.622681
0.621334
0.620293
0.620263
0.621841
0.625498
0.631452
0.639554
0.64932
0.6598
0.669888
0.6785
0.68474
0.68794
0.687813
0.684395
0.677973
0.669104
0.658545
0.647246
0.636206
0.626227
0.617838
0.611195
0.60616
0.602398
0.599496
0.597007
0.594603
0.591973
0.588877
0.585096
0.580464
0.574858
0.568232
0.560741
0.552722
0.544743
0.537606
0.532291
0.529814
0.531117
0.5369
0.547421
0.562458
0.581323
0.603027
0.62636
0.650057
0.672926
0.693891
0.711861
0.725876
0.735053
0.73862
0.736104
0.727275
0.712383
0.692111
0.667736
0.640971
0.613876
0.588584
0.566851
0.549781
0.537701
0.530253
0.526625
0.525899
0.527177
0.529873
0.533753
0.538909
0.545683
0.554417
0.565358
0.578476
0.593399
0.609464
0.625887
0.641707
0.655952
0.667737
0.676312
0.681156
0.682049
0.679056
0.672616
0.66341
0.652369
0.640635
0.629404
0.619866
0.613118
0.609964
0.610703
0.615045
0.622128
0.630609
0.638883
0.645266
0.648209
0.646555
0.639744
0.627853
0.611603
0.592399
0.572137
0.553057
0.537422
0.52719
0.523715
0.527522
0.538141
0.554131
0.573422
0.593644
0.612617
0.628626
0.640503
0.647772
0.650554
0.649369
0.645041
0.638581
0.630964
0.623071
0.615445
0.608398
0.601976
0.595965
0.590081
0.584019
0.577633
0.571188
0.565306
0.560862
0.558859
0.560126
0.565099
0.573774
0.585724
0.600195
0.616108
0.632275
0.647436
0.660404
0.670174
0.676065
0.67782
0.675612
0.669885
0.661327
0.650625
0.638399
0.625153
0.611363
0.597678
0.584903
0.574033
0.566222
0.562551
0.563702
0.56971
0.579993
0.593312
0.608035
0.622485
0.635227
0.645283
0.652228
0.656141
0.657402
0.65661
0.654432
0.651406
0.647805
0.643711
0.639002
0.633411
0.626613
0.618449
0.608937
0.5984
0.587358
0.576555
0.566932
0.559538
0.555418
0.555364
0.559681
0.568089
0.579696
0.593385
0.607849
0.621912
0.63454
0.645036
0.652884
0.65782
0.659936
0.659604
0.657462
0.654207
0.650559
0.647235
0.644744
0.643365
0.643117
0.643833
0.645158
0.64653
0.647242
0.646499
0.643502
0.637717
0.628983
0.617523
0.603907
0.588987
0.573707
0.559072
0.546142
0.536094
0.530088
0.529154
0.533979
0.544631
0.560359
0.579614
0.600272
0.62002
0.636975
0.650008
0.658859
0.663949
0.666117
0.666226
0.664927
0.662493
0.65898
0.654287
0.648327
0.641248
0.633484
0.625707
0.618726
0.613252
0.609745
0.608282
0.608544
0.609962
0.611875
0.613718
0.615034
0.615632
0.615512
0.614835
0.613825
0.612745
0.611732
0.610747
0.609639
0.608247
0.606388
0.603899
0.60067
0.596612
0.591659
0.585792
0.579083
0.571754
0.564258
0.557386
0.552216
0.54997
0.551827
0.558508
0.570026
0.585549
0.60354
0.622049
0.63923
0.653551
0.664055
0.67028
0.672259
0.670501
0.665888
0.659491
0.652476
0.645862
0.640356
0.636302
0.633707
0.632396
0.631954
0.63195
0.631994
0.631755
0.631004
0.62953
0.627017
0.622996
0.616969
0.608595
0.597917
0.585467
0.572171
0.559319
0.548372
0.540784
0.537795
0.540246
0.548325
0.561568
0.578902
0.598792
0.619417
0.638972
0.65587
0.668906
0.677333
0.680972
0.68023
0.675904
0.66913
0.661155
0.653055
0.645639
0.639422
0.634628
0.631254
0.629107
0.627839
0.626998
0.625993
0.624125
0.620724
0.615208
0.607152
0.596473
0.583436
0.568743
0.553457
0.538824
0.526186
0.516735
0.511362
0.510579
0.514539
0.522982
0.535258
0.550445
0.567408
0.585009
0.602241
0.618295
0.63272
0.645283
0.656047
0.665195
0.672838
0.679073
0.683811
0.686879
0.688114
0.687363
0.684616
0.679888
0.673391
0.665505
0.656884
0.648229
0.640257
0.633507
0.62832
0.624766
0.622619
0.621389
0.620398
0.618945
0.616414
0.612445
0.606954
0.600247
0.592925
0.585811
0.579793
0.575562
0.573443
0.573376
0.574898
0.577358
0.580054
0.582388
0.584122
0.585316
0.58637
0.58786
0.590423
0.594545
0.600395
0.607927
0.616801
0.626474
0.636305
0.645714
0.654195
0.66136
0.667081
0.67133
0.674113
0.675385
0.675049
0.673053
0.669425
0.664333
0.65805
0.650921
0.643296
0.635474
0.627683
0.620014
0.612457
0.604955
0.597432
0.589942
0.582681
0.575895
0.569733
0.564244
0.559368
0.555076
0.55152
0.549111
0.548519
0.550502
0.555604
0.564025
0.575521
0.589362
0.60448
0.619651
0.633749
0.645818
0.655245
0.661869
0.666013
0.668327
0.669587
0.670461
0.671312
0.672102
0.672492
0.671992
0.67014
0.666683
0.66159
0.655034
0.647194
0.638167
0.627872
0.616093
0.602592
0.587387
0.570898
0.553985
0.537911
0.524185
0.514301
0.509532
0.510696
0.518064
0.531274
0.54931
0.570598
0.593205
0.61512
0.634475
0.649738
0.660046
0.665248
0.665864
0.663013
0.658111
0.652745
0.648262
0.645659
0.645494
0.647792
0.652257
0.658231
0.664963
0.671578
0.677194
0.680948
0.682096
0.680043
0.674368
0.664901
0.65186
0.635871
0.617989
0.599677
0.582687
0.568772
0.559378
0.555326
0.556569
0.562274
0.57107
0.581369
0.591604
0.600501
0.607087
0.61076
0.611278
0.60883
0.603996
0.597636
0.59079
0.584482
0.579633
0.576925
0.576811
0.579528
0.585034
0.593151
0.603447
0.615257
0.627663
0.639531
0.64963
0.656874
0.660411
0.659733
0.654804
0.646069
0.634507
0.621494
0.608618
0.597491
0.589433
0.585269
0.585343
0.589428
0.596806
0.60639
0.616868
0.626978
0.635559
0.641701
0.644922
0.645165
0.642679
0.63801
0.631693
0.624227
0.615886
0.606766
0.596978
0.586757
0.576696
0.56774
0.56109
0.557923
0.559134
0.565234
0.576163
0.591308
0.609573
0.629527
0.649488
0.667785
0.682848
0.693402
0.69863
0.698211
0.692364
0.681845
0.667742
0.651328
0.633957
0.616853
0.601103
0.58765
0.57723
0.570407
0.567512
0.568494
0.572901
0.57999
0.58885
0.598586
0.608452
0.617943
0.62656
0.633961
0.639887
0.644208
0.646969
0.648356
0.648647
0.648109
0.646845
0.644677
0.641175
0.635723
0.627864
0.617576
0.605454
0.592674
0.580791
0.571285
0.565114
0.562496
0.562989
0.565755
0.569909
0.574663
0.579433
0.583805
0.587463
0.59017
0.591783
0.592371
0.592235
0.591866
0.591998
0.593316
0.596361
0.601545
0.609042
0.618738
0.630252
0.64291
0.655789
0.667882
0.678201
0.685904
0.690494
0.691805
0.689949
0.685173
0.67783
0.668299
0.656998
0.644399
0.631147
0.617937
0.605521
0.594766
0.586405
0.580894
0.578238
0.577941
0.579338
0.581723
0.58451
0.587355
0.590066
0.592589
0.594992
0.597593
0.600923
0.605588
0.611991
0.62006
0.629338
0.639018
0.648249
0.656238
0.662351
0.666079
0.667047
0.664979
0.659679
0.651137
0.639506
0.625276
0.609211
0.592512
0.576566
0.562861
0.552721
0.547059
0.546202
0.549848
0.55716
0.566948
0.577902
0.588819
0.598748
0.607129
0.613673
0.618384
0.621506
0.623366
0.624259
0.624492
0.624354
0.624187
0.624463
0.625738
0.628505
0.633092
0.63943
0.647048
0.655195
0.662929
0.669345
0.673752
0.675788
0.675319
0.67241
0.667197
0.659845
0.650502
0.639541
0.627578
0.615508
0.604437
0.595565
0.589856
0.587749
0.588847
0.591924
0.595175
0.596728
0.595281
0.590516
0.583107
0.574561
0.566768
0.561334
0.559214
0.560548
0.564786
0.570941
0.577993
0.585149
0.591974
0.598383
0.604557
0.610825
0.617465
0.624667
0.63242
0.640526
0.648599
0.656039
0.662178
0.666448
0.668474
0.668298
0.666299
0.663111
0.65941
0.655716
0.652255
0.648984
0.645687
0.642173
0.638421
0.634439
0.630342
0.62622
0.622108
0.617943
0.613614
0.609095
0.604463
0.599937
0.595876
0.592719
0.590869
0.590593
0.591877
0.594463
0.597902
0.601634
0.605161
0.608172
0.610487
0.612099
0.613118
0.61367
0.613817
0.613508
0.612536
0.610618
0.607516
0.60318
0.59785
0.592082
0.586661
0.582496
0.580412
0.580965
0.584341
0.590272
0.598011
0.606449
0.614416
0.620853
0.625064
0.626814
0.626406
0.624531
0.622141
0.620209
0.619494
0.620468
0.623176
0.627313
0.632273
0.637254
0.641346
0.64372
0.643689
0.640858
0.63521
0.627147
0.617481
0.607346
0.597935
0.590263
0.584978
0.582309
0.582183
0.584215
0.587847
0.592537
0.59783
0.60342
0.609117
0.614868
0.620602
0.626214
0.631515
0.636222
0.6399
0.642192
0.642823
0.641705
0.638947
0.634839
0.629709
0.62394
0.617807
0.611366
0.604587
0.597412
0.589873
0.582182
0.574825
0.568568
0.564204
0.562454
0.563772
0.568241
0.575492
0.584821
0.595254
0.605797
0.615576
0.623914
0.630327
0.634505
0.636265
0.635544
0.632498
0.627552
0.621415
0.615074
0.609735
0.606687
0.607054
0.611567
0.620293
0.632515
0.646851
0.661675
0.675401
0.686787
0.694939
0.699274
0.699498
0.69549
0.687303
0.675156
0.659406
0.640731
0.620118
0.598929
0.578751
0.561086
0.547148
0.537777
0.53331
0.53367
0.538504
0.547175
0.55884
0.57255
0.587328
0.602218
0.616338
0.628935
0.639455
0.647344
0.65219
0.653647
0.651641
0.64635
0.638321
0.628439
0.61784
0.607718
0.59913
0.592936
0.589704
0.589635
0.59257
0.59801
0.605232
0.613395
0.621594
0.628916
0.634491
0.637701
0.638178
0.635837
0.630977
