1.76816
1.76816
1.76816
1.76816
1.76816
1.76816
1.76816
1.76816
1.76816
1.76816
1.76816
1.76816
1.76815
1.76814
1.76814
1.76813
1.76811
1.76809
1.76807
1.76805
1.76803
1.768
1.76799
1.76796
1.76793
1.7679
1.76787
1.76784
1.76781
1.7678
1.76777
1.76774
1.76773
1.76771
1.76768
1.76766
1.76765
1.76763
1.76762
1.76761
1.76761
1.7676
1.76759
1.76756
1.76756
1.76755
1.76754
1.76753
1.76752
1.76752
1.76752
1.76751
1.76751
1.7675
1.76748
1.76747
1.76745
1.76745
1.76743
1.76742
1.76741
1.7674
1.76739
1.76739
1.76737
1.76736
1.76735
1.76735
1.76734
1.76734
1.76733
1.76732
1.76732
1.7673
1.76728
1.76727
1.76726
1.76726
1.76725
1.76725
1.76724
1.76723
1.76721
1.7672
1.76719
1.76718
1.76717
1.76715
1.76714
1.76713
1.76711
1.7671
1.76709
1.76708
1.76706
1.76705
1.76704
1.76703
1.76701
1.76701
1.76701
1.76702
1.76703
1.76704
1.76708
1.76713
1.7672
1.7673
1.76742
1.76753
1.76765
1.76775
1.7678
1.76778
1.76768
1.76748
1.76723
1.76697
1.76674
1.76658
1.76652
1.76655
1.76666
1.76682
1.76699
1.76713
1.76718
1.76714
1.76701
1.76681
1.7666
1.76646
1.76641
1.76648
1.76662
1.76682
1.76703
1.76723
1.76741
1.76752
1.76758
1.7676
1.76758
1.76756
1.76752
1.76748
1.76747
1.76747
1.76748
1.7675
1.76753
1.76753
1.76748
1.76737
1.7672
1.76698
1.76677
1.76658
1.76646
1.7664
1.76642
1.76649
1.76662
1.76677
1.76692
1.76709
1.76724
1.76736
1.76744
1.76747
1.76745
1.7674
1.76731
1.7672
1.76709
1.767
1.76693
1.7669
1.7669
1.76693
1.76697
1.76702
1.76707
1.76711
1.76715
1.76717
1.76717
1.76717
1.76718
1.76718
1.76718
1.76719
1.7672
1.76719
1.76719
1.76718
1.76717
1.76716
1.76716
1.76716
1.76717
1.76717
1.76717
1.76717
1.76716
1.76714
1.76711
1.76709
1.76706
1.76703
1.76701
1.76701
1.76701
1.76702
1.76704
1.76707
1.76711
1.76716
1.76722
1.76728
1.76734
1.7674
1.76744
1.76746
1.76746
1.76743
1.7674
1.76736
1.76735
1.76735
1.76738
1.76744
1.76753
1.76761
1.76767
1.76768
1.76762
1.76747
1.76724
1.76697
1.76671
1.7665
1.7664
1.7664
1.76652
1.76672
1.76698
1.76727
1.76759
1.76786
1.76803
1.76803
1.7678
1.76739
1.76691
1.76654
1.76635
1.76637
1.76654
1.7668
1.76713
1.76748
1.76784
1.76818
1.76845
1.76861
1.76861
1.76841
1.768
1.76745
1.76685
1.76636
1.76603
1.7659
1.76594
1.76611
1.76632
1.76656
1.76676
1.76693
1.76705
1.76713
1.76718
1.7672
1.7672
1.76718
1.76717
1.76716
1.76714
1.76713
1.76714
1.76714
1.76714
1.76715
1.76715
1.76715
1.76716
1.76716
1.76718
1.7672
1.76725
1.7673
1.76738
1.76748
1.76761
1.76776
1.76789
1.76799
1.76801
1.76791
1.76769
1.76738
1.7671
1.76687
1.76677
1.76677
1.76685
1.76694
1.76703
1.7671
1.76715
1.76718
1.76718
1.76716
1.76715
1.76713
1.76712
1.76713
1.76715
1.76718
1.76721
1.76723
1.76725
1.76724
1.7672
1.76717
1.76714
1.76712
1.76711
1.76713
1.76716
1.76719
1.76723
1.76725
1.76728
1.76729
1.7673
1.76728
1.76726
1.76723
1.76721
1.76719
1.76718
1.76717
1.76715
1.76715
1.76714
1.76714
1.76714
1.76714
1.76713
1.76713
1.76712
1.76714
1.76717
1.7672
1.76725
1.76732
1.76742
1.76754
1.76768
1.76782
1.76796
1.76808
1.76815
1.76813
1.76798
1.76769
1.7673
1.76687
1.76647
1.76619
1.76605
1.76604
1.76612
1.76627
1.76645
1.76662
1.76681
1.76698
1.76716
1.76733
1.76749
1.76763
1.76775
1.76784
1.76786
1.76781
1.7677
1.76756
1.76743
1.76732
1.76724
1.7672
1.76715
1.76711
1.76705
1.767
1.76696
1.76695
1.76695
1.76696
1.76698
1.767
1.76701
1.76704
1.76704
1.76706
1.76706
1.76707
1.76708
1.76708
1.76709
1.76709
1.76709
1.7671
1.7671
1.7671
1.76712
1.76713
1.76714
1.76715
1.76716
1.76717
1.76716
1.76717
1.76717
1.76718
1.76719
1.7672
1.76722
1.76723
1.76725
1.76726
1.7673
1.76732
1.76734
1.76736
1.76736
1.76737
1.76736
1.76734
1.76731
1.76726
1.76721
1.76717
1.76715
1.76714
1.76715
1.76717
1.76719
1.76722
1.76724
1.76725
1.76724
1.76723
1.7672
1.76716
1.76711
1.76705
1.767
1.76696
1.76693
1.76692
1.76694
1.76696
1.767
1.76705
1.76709
1.76712
1.76714
1.76716
1.76716
1.76718
1.76719
1.7672
1.76723
1.76726
1.76729
1.76733
1.76735
1.76735
1.76733
1.7673
1.76725
1.76719
1.76714
1.7671
1.76708
1.76708
1.7671
1.76712
1.76713
1.76713
1.76711
1.76707
1.76702
1.76697
1.76694
1.76694
1.76694
1.76698
1.76701
1.76706
1.76712
1.76718
1.76723
1.76728
1.76731
1.76732
1.76729
1.76725
1.7672
1.76715
1.76709
1.76703
1.76695
1.76687
1.7668
1.76674
1.76669
1.76669
1.76673
1.76679
1.76686
1.76695
1.76704
1.76714
1.76725
1.76734
1.76743
1.76751
1.76756
1.76759
1.76758
1.76753
1.76747
1.76741
1.76733
1.76726
1.76718
1.76714
1.76711
1.76712
1.76717
1.76725
1.76736
1.76745
1.76754
1.76759
1.76758
1.76752
1.76741
1.76727
1.76717
1.76709
1.76706
1.76707
1.7671
1.76713
1.76716
1.76716
1.76711
1.76706
1.76699
1.76695
1.76692
1.76693
1.76692
1.76691
1.7669
1.76685
1.76684
1.76684
1.76686
1.7669
1.76697
1.76705
1.76712
1.7672
1.76729
1.76737
1.76745
1.76752
1.76759
1.76765
1.7677
1.76771
1.76768
1.76762
1.76752
1.7674
1.76725
1.76709
1.76697
1.76688
1.76683
1.76682
1.76684
1.76686
1.7669
1.76694
1.76698
1.76702
1.76705
1.76708
1.76711
1.76714
1.76716
1.76718
1.7672
1.76723
1.76725
1.76726
1.76726
1.76724
1.7672
1.76715
1.76708
1.76701
1.76694
1.7669
1.76689
1.76691
1.76696
1.76704
1.76716
1.76733
1.76754
1.76776
1.76798
1.76816
1.76826
1.76823
1.76807
1.76779
1.76739
1.7669
1.76643
1.76608
1.76597
1.76609
1.76638
1.76674
1.76713
1.76752
1.76788
1.76821
1.76842
1.76838
1.76802
1.76735
1.7666
1.76606
1.76587
1.76598
1.76624
1.76653
1.7668
1.76701
1.76717
1.76729
1.76738
1.76743
1.76745
1.76744
1.76742
1.76737
1.76729
1.76718
1.76708
1.76699
1.76694
1.76692
1.76693
1.76697
1.76704
1.76712
1.7672
1.7673
1.76742
1.76755
1.76769
1.76784
1.76799
1.76809
1.76808
1.76794
1.76766
1.7673
1.76693
1.76665
1.76649
1.76647
1.76654
1.76665
1.76679
1.76691
1.76701
1.76708
1.76713
1.76717
1.7672
1.7672
1.76722
1.76725
1.76728
1.76732
1.76736
1.76738
1.76738
1.76735
1.7673
1.76723
1.76716
1.7671
1.76707
1.76703
1.76702
1.76701
1.76701
1.76704
1.7671
1.76715
1.76724
1.76734
1.76744
1.76751
1.76755
1.76753
1.76748
1.76739
1.76729
1.76719
1.7671
1.76704
1.767
1.76698
1.767
1.76703
1.76708
1.76712
1.76717
1.7672
1.76722
1.76722
1.7672
1.76717
1.76713
1.76709
1.76707
1.76704
1.76704
1.76706
1.7671
1.76715
1.76722
1.76729
1.76737
1.76743
1.76748
1.76751
1.7675
1.76746
1.7674
1.76733
1.76724
1.76717
1.76711
1.76708
1.76704
1.767
1.767
1.767
1.76701
1.76703
1.76708
1.76713
1.76718
1.76724
1.7673
1.76737
1.76743
1.76747
1.76752
1.76756
1.7676
1.76762
1.76763
1.76762
1.76758
1.76754
1.7675
1.76744
1.76738
1.76733
1.76729
1.76725
1.76722
1.76717
1.76712
1.76705
1.76697
1.7669
1.76686
1.76685
1.76687
1.76692
1.76697
1.76702
1.76708
1.76713
1.76717
1.7672
1.76722
1.76723
1.76723
1.76723
1.76722
1.76721
1.7672
1.76719
1.76719
1.7672
1.76721
1.76723
1.76724
1.76727
1.7673
1.76733
1.76736
1.76739
1.7674
1.7674
1.76738
1.76734
1.76728
1.76719
1.76711
1.76702
1.76698
1.76695
1.76698
1.76705
1.76719
1.76736
1.76757
1.76782
1.76807
1.76827
1.76836
1.76826
1.76792
1.7674
1.7668
1.76634
1.76613
1.76622
1.76653
1.76694
1.76736
1.76767
1.76781
1.76771
1.76744
1.76707
1.76674
1.76654
1.76648
1.76655
1.76667
1.76679
1.76687
1.76688
1.76685
1.76679
1.76673
1.76671
1.76671
1.76673
1.76677
1.76681
1.76685
1.7669
1.76695
1.76699
1.76704
1.76708
1.76714
1.76721
1.76728
1.76738
1.76749
1.7676
1.76771
1.76778
1.76782
1.7678
1.76774
1.76766
1.76765
1.76772
1.76786
1.768
1.768
1.76775
1.76724
1.7666
1.76608
1.76581
1.76581
1.76598
1.76624
1.7665
1.76672
1.76691
1.76704
1.76714
1.7672
1.76722
1.76721
1.76717
1.7671
1.76703
1.76697
1.76691
1.76689
1.76689
1.76692
1.76696
1.76702
1.76708
1.76715
1.76722
1.7673
1.76737
1.76747
1.76755
1.76766
1.76776
1.76787
1.76795
1.768
1.76799
1.76793
1.76779
1.76762
1.76743
1.76726
1.76712
1.76701
1.76695
1.76692
1.76694
1.76698
1.76703
1.76707
1.7671
1.76711
1.76709
1.76705
1.767
1.76695
1.76692
1.76689
1.76689
1.76691
1.76694
1.76696
1.767
1.76704
1.76708
1.76712
1.76715
1.76717
1.76719
1.76721
1.76722
1.76722
1.76724
1.76726
1.76727
1.76728
1.76729
1.76731
1.76733
1.76736
1.76741
1.76745
1.7675
-4.71446
-4.71415
-4.71381
-4.71328
-4.71194
-4.70872
-4.70572
-4.70127
-4.69809
-4.695
-4.6934
-4.69097
-4.68963
-4.68979
-4.69063
-4.69188
-4.69362
-4.69411
-4.69522
-4.69713
-4.69853
-4.69873
-4.69991
-4.69993
-4.7006
-4.69982
-4.69902
-4.69914
-4.69841
-4.69915
-4.69971
-4.69968
-4.69891
-4.69879
-4.69844
-4.69771
-4.69752
-4.69801
-4.69871
-4.69825
-4.69839
-4.69896
-4.69855
-4.69897
-4.69947
-4.69978
-4.69902
-4.69874
-4.69912
-4.70016
-4.69962
-4.69961
-4.69994
-4.70104
-4.70121
-4.70087
-4.70075
-4.70041
-4.70016
-4.70121
-4.7012
-4.7003
-4.70035
-4.7003
-4.70013
-4.7003
-4.70018
-4.70098
-4.70178
-4.70154
-4.70195
-4.70195
-4.70122
-4.70123
-4.70151
-4.70082
-4.70099
-4.7011
-4.70058
-4.70081
-4.70118
-4.70112
-4.70153
-4.70093
-4.70146
-4.70114
-4.70117
-4.70179
-4.70158
-4.70171
-4.70218
-4.70165
-4.70138
-4.70125
-4.70069
-4.70019
-4.70037
-4.70079
-4.69979
-4.69962
-4.6998
-4.70015
-4.69971
-4.69983
-4.69928
-4.70063
-4.70072
-4.70049
-4.70101
-4.6996
-4.69974
-4.70022
-4.70075
-4.701
-4.70065
-4.70029
-4.70036
-4.69995
-4.69981
-4.69964
-4.69946
-4.69912
-4.69861
-4.69945
-4.69923
-4.70004
-4.69964
-4.69969
-4.70067
-4.70001
-4.70045
-4.70092
-4.70096
-4.70039
-4.70056
-4.70086
-4.70112
-4.70109
-4.70061
-4.70018
-4.7001
-4.70142
-4.70185
-4.70195
-4.70233
-4.70252
-4.70236
-4.70172
-4.70167
-4.70211
-4.70184
-4.70211
-4.70213
-4.70172
-4.70186
-4.70295
-4.70331
-4.7031
-4.70203
-4.70152
-4.70101
-4.7007
-4.70016
-4.69972
-4.69953
-4.70005
-4.70017
-4.69929
-4.69934
-4.70018
-4.69952
-4.69962
-4.70004
-4.69985
-4.70101
-4.70199
-4.70172
-4.70154
-4.70159
-4.70125
-4.70112
-4.7018
-4.7006
-4.69995
-4.69911
-4.69902
-4.69928
-4.69826
-4.69781
-4.69734
-4.69823
-4.69774
-4.69856
-4.69869
-4.69944
-4.70047
-4.7013
-4.70145
-4.70166
-4.70206
-4.70161
-4.70241
-4.70176
-4.70195
-4.70224
-4.70267
-4.70233
-4.70217
-4.70143
-4.70118
-4.70096
-4.7017
-4.70083
-4.70016
-4.70045
-4.70123
-4.70098
-4.7009
-4.7019
-4.702
-4.70183
-4.70261
-4.70282
-4.70319
-4.70263
-4.70336
-4.70312
-4.70358
-4.70417
-4.70341
-4.70418
-4.70394
-4.70344
-4.70371
-4.70369
-4.70457
-4.7044
-4.70407
-4.70463
-4.70533
-4.70537
-4.70517
-4.70517
-4.70521
-4.70518
-4.70481
-4.70431
-4.70384
-4.70329
-4.70204
-4.70205
-4.70089
-4.70094
-4.7013
-4.70183
-4.70134
-4.70168
-4.70241
-4.702
-4.70283
-4.70337
-4.70374
-4.70364
-4.7037
-4.70376
-4.70409
-4.70514
-4.70584
-4.7056
-4.7058
-4.70556
-4.70593
-4.70599
-4.706
-4.7055
-4.70462
-4.70353
-4.70362
-4.70309
-4.7035
-4.70275
-4.70266
-4.70205
-4.70272
-4.703
-4.70361
-4.70393
-4.70375
-4.70457
-4.70515
-4.70551
-4.7052
-4.70487
-4.70531
-4.70472
-4.70447
-4.70352
-4.70334
-4.70303
-4.70361
-4.70388
-4.70278
-4.70274
-4.7024
-4.70238
-4.70208
-4.70211
-4.70156
-4.70118
-4.70173
-4.70184
-4.70121
-4.70152
-4.70185
-4.70128
-4.70222
-4.70223
-4.70311
-4.70365
-4.70397
-4.70395
-4.7042
-4.70458
-4.70495
-4.70516
-4.70385
-4.70404
-4.7039
-4.703
-4.70347
-4.70323
-4.70324
-4.70244
-4.70246
-4.70353
-4.70316
-4.70328
-4.70359
-4.70366
-4.7028
-4.7027
-4.70204
-4.70143
-4.70118
-4.70084
-4.70176
-4.70211
-4.70187
-4.7015
-4.70128
-4.70152
-4.70223
-4.70145
-4.70268
-4.70228
-4.70356
-4.70317
-4.70351
-4.70365
-4.70389
-4.70347
-4.70347
-4.70391
-4.70389
-4.70311
-4.70184
-4.70128
-4.70067
-4.70092
-4.70088
-4.7001
-4.70088
-4.70067
-4.70142
-4.70191
-4.70164
-4.70102
-4.70185
-4.70219
-4.70131
-4.70151
-4.7012
-4.70173
-4.70222
-4.70277
-4.70259
-4.70298
-4.70359
-4.70439
-4.70463
-4.70434
-4.70325
-4.70365
-4.70363
-4.70366
-4.70349
-4.70372
-4.70423
-4.70497
-4.70501
-4.70533
-4.70542
-4.70495
-4.7051
-4.70481
-4.70442
-4.70395
-4.70332
-4.70332
-4.70352
-4.70381
-4.70312
-4.70295
-4.70224
-4.70202
-4.70318
-4.70313
-4.70367
-4.70359
-4.70331
-4.70375
-4.70354
-4.7033
-4.70274
-4.70292
-4.70312
-4.70335
-4.70335
-4.7028
-4.70323
-4.70235
-4.70228
-4.70257
-4.7032
-4.70323
-4.70306
-4.70351
-4.70275
-4.70261
-4.70177
-4.70132
-4.70087
-4.70105
-4.70037
-4.70065
-4.70145
-4.70184
-4.70182
-4.70242
-4.70333
-4.70318
-4.70363
-4.70285
-4.70297
-4.70323
-4.70318
-4.70268
-4.70189
-4.70143
-4.70163
-4.70008
-4.70072
-4.70068
-4.70115
-4.70239
-4.70389
-4.70364
-4.70416
-4.70485
-4.70481
-4.70421
-4.70342
-4.70247
-4.70232
-4.70163
-4.70163
-4.70065
-4.70112
-4.70105
-4.70149
-4.70166
-4.70078
-4.70094
-4.70136
-4.70204
-4.70116
-4.7013
-4.70083
-4.7005
-4.7008
-4.70021
-4.69996
-4.70018
-4.69968
-4.69948
-4.70035
-4.70002
-4.70028
-4.70037
-4.70088
-4.70104
-4.70221
-4.70227
-4.70214
-4.70258
-4.70238
-4.70336
-4.70356
-4.70347
-4.70371
-4.70309
-4.70405
-4.7045
-4.70473
-4.70476
-4.70564
-4.70583
-4.70651
-4.70704
-4.70723
-4.70779
-4.70764
-4.70741
-4.70739
-4.707
-4.70627
-4.70552
-4.70626
-4.70655
-4.70593
-4.70622
-4.70592
-4.70654
-4.70688
-4.70649
-4.70595
-4.70629
-4.70629
-4.70627
-4.70519
-4.70459
-4.70465
-4.70404
-4.70412
-4.70444
-4.70469
-4.70575
-4.7067
-4.70673
-4.70733
-4.70755
-4.70768
-4.70724
-4.70548
-4.70544
-4.7041
-4.70346
-4.70268
-4.7024
-4.70283
-4.70246
-4.70234
-4.70287
-4.70308
-4.70265
-4.70158
-4.70128
-4.70161
-4.70167
-4.70191
-4.70202
-4.70197
-4.70206
-4.70242
-4.70306
-4.7032
-4.70346
-4.70458
-4.70368
-4.70214
-4.70116
-4.70183
-4.70176
-4.70127
-4.70129
-4.70109
-4.70202
-4.70199
-4.70204
-4.70216
-4.70266
-4.70335
-4.70332
-4.7039
-4.7046
-4.70554
-4.70565
-4.70612
-4.70619
-4.70617
-4.70621
-4.70574
-4.7049
-4.70417
-4.70326
-4.704
-4.70309
-4.70236
-4.702
-4.70139
-4.70235
-4.70322
-4.70278
-4.70236
-4.70164
-4.70195
-4.70208
-4.70231
-4.70266
-4.70208
-4.70166
-4.70083
-4.70082
-4.69998
-4.69937
-4.70001
-4.70023
-4.7006
-4.70081
-4.70037
-4.69987
-4.69932
-4.69962
-4.69915
-4.69943
-4.6997
-4.70118
-4.70206
-4.70277
-4.70227
-4.70282
-4.7029
-4.70299
-4.70219
-4.70203
-4.70207
-4.70247
-4.7029
-4.70335
-4.70334
-4.70436
-4.70395
-4.70482
-4.70455
-4.70358
-4.70376
-4.70373
-4.70339
-4.70444
-4.70418
-4.70325
-4.70289
-4.70237
-4.70273
-4.70306
-4.70316
-4.70313
-4.7038
-4.70346
-4.70406
-4.70408
-4.70402
-4.70375
-4.70438
-4.70441
-4.70433
-4.70459
-4.70444
-4.70432
-4.70436
-4.70439
-4.70439
-4.70451
-4.70487
-4.70506
-4.70507
-4.70462
-4.70476
-4.70457
-4.70557
-4.70486
-4.70427
-4.70416
-4.70385
-4.70402
-4.70351
-4.7041
-4.70474
-4.70458
-4.70519
-4.70461
-4.70591
-4.70656
-4.7066
-4.70635
-4.70674
-4.70592
-4.70478
-4.70404
-4.7037
-4.7039
-4.70421
-4.70358
-4.70399
-4.70257
-4.70267
-4.70201
-4.70122
-4.69988
-4.70087
-4.7003
-4.70044
-4.70083
-4.70131
-4.70258
-4.70262
-4.70318
-4.70268
-4.70292
-4.70241
-4.70165
-4.70207
-4.70147
-4.70035
-4.70009
-4.70024
-4.70049
-4.69991
-4.69906
-4.69956
-4.69971
-4.70007
-4.69943
-4.69964
-4.6998
-4.69982
-4.69972
-4.69984
-4.69957
-4.69968
-4.69982
-4.69951
-4.69947
-4.69984
-4.69939
-4.69947
-4.69904
-4.69901
-4.6988
-4.69841
-4.69787
-4.6978
-4.69776
-4.69851
-4.69856
-4.69897
-4.69915
-4.69911
-4.69958
-4.69995
-4.70033
-4.70025
-4.70045
-4.70107
-4.7012
-4.70037
-4.70098
-4.70061
-4.70002
-4.69985
-4.69973
-4.70015
-4.70038
-4.7004
-4.70062
-4.70141
-4.70246
-4.70344
-4.70258
-4.70292
-4.70283
-4.70232
-4.70319
-4.70299
-4.7029
-4.70216
-4.70138
-4.70146
-4.70181
-4.70273
-4.70271
-4.70295
-4.70257
-4.70188
-4.70134
-4.70111
-4.70167
-4.7018
-4.70198
-4.70191
-4.70191
-4.70152
-4.70165
-4.70121
-4.70185
-4.70176
-4.70286
-4.70288
-4.70208
-4.70198
-4.70137
-4.70208
-4.70144
-4.70187
-4.70219
-4.70178
-4.70244
-4.70308
-4.70371
-4.70313
-4.70346
-4.7029
-4.7028
-4.7024
-4.70165
-4.70069
-4.70087
-4.70008
-4.7
-4.69902
-4.69883
-4.6996
-4.70011
-4.70095
-4.70135
-4.70043
-4.69927
-4.69968
-4.7006
-4.70126
-4.7024
-4.70248
-4.70191
-4.70081
-4.70037
-4.70042
-4.70008
-4.70047
-4.7007
-4.70066
-4.70038
-4.69943
-4.69917
-4.69976
-4.70058
-4.70118
-4.70274
-4.70264
-4.70368
-4.70368
-4.70307
-4.70231
-4.70313
-4.70332
-4.7031
-4.70265
-4.70259
-4.7029
-4.70296
-4.70244
-4.70192
-4.70169
-4.70099
-4.70025
-4.70039
-4.69974
-4.70026
-4.70001
-4.69975
-4.70042
-4.69962
-4.69993
-4.70014
-4.69964
-4.70006
-4.70031
-4.70036
-4.69912
-4.69886
-4.69912
-4.69901
-4.69858
-4.69785
-4.69734
-4.69646
-4.69779
-4.69786
-4.69798
-4.69828
-4.69948
-4.69853
-4.69846
-4.6985
-4.69897
-4.69944
-4.6996
-4.69993
-4.70119
-4.70141
-4.70164
-4.70262
-4.70299
-4.70274
-4.70232
-4.70217
-4.70153
-4.70237
-4.70243
-4.70159
-4.70198
-4.70136
-4.70081
-4.7012
-4.6998
-4.69927
-4.6996
-4.69894
-4.69913
-4.69959
-4.69932
-4.69957
-4.70009
-4.70013
-4.70029
-4.70095
-4.70189
-4.70229
-4.7021
-4.70285
-4.70214
-4.70257
-4.7025
-4.70196
-4.70234
-4.70198
-4.70168
-4.70128
-4.7017
-4.70125
-4.70128
-4.70205
-4.7034
-4.7035
-4.70356
-4.70254
-4.70226
-4.70169
-4.70083
-4.70048
-4.70093
-4.701
-4.70158
-4.70142
-4.70198
-4.70262
-4.70214
-4.70329
-4.7025
-4.70149
-4.70239
-4.70293
-4.70277
-4.70306
-4.70374
-4.70385
-4.70309
-4.7031
-4.70316
-4.70162
-4.70049
-4.6995
-4.69839
-4.69814
-4.69833
-4.6984
-4.69907
-4.69941
-4.69949
-4.7
-4.69998
-6.64828
-6.6412
-6.62196
-6.60809
-6.59487
-6.58794
-6.57745
-6.57451
-6.57402
-6.57364
-6.57511
-6.57619
-6.57815
-6.57941
-6.57976
-6.57979
-6.58179
-6.58004
-6.57855
-6.57971
-6.58009
-6.57915
-6.57922
-6.57681
-6.57682
-6.57574
-6.57519
-6.57389
-6.5731
-6.57344
-6.57194
-6.57279
-6.57529
-6.57715
-6.578
-6.57974
-6.58137
-6.58446
-6.58381
-6.58266
-6.58424
-6.58406
-6.58247
-6.58145
-6.58041
-6.58263
-6.58135
-6.57987
-6.57918
-6.57935
-6.57847
-6.58011
-6.57842
-6.57981
-6.58161
-6.58177
-6.58309
-6.58227
-6.58316
-6.58316
-6.58296
-6.58197
-6.58253
-6.58309
-6.58402
-6.58407
-6.58258
-6.58344
-6.58275
-6.58308
-6.58344
-6.58512
-6.58355
-6.58423
-6.58553
-6.58587
-6.58426
-6.58494
-6.58273
-6.58344
-6.58353
-6.58359
-6.58395
-6.58231
-6.58289
-6.5844
-6.58294
-6.58471
-6.58387
-6.58336
-6.58286
-6.58239
-6.58196
-6.58351
-6.58287
-6.58163
-6.57881
-6.57731
-6.5768
-6.57498
-6.57381
-6.57395
-6.57412
-6.57532
-6.57594
-6.57532
-6.57473
-6.57573
-6.57765
-6.57816
-6.57984
-6.58011
-6.58222
-6.58201
-6.58435
-6.58571
-6.5861
-6.5855
-6.58652
-6.58591
-6.58561
-6.58371
-6.58346
-6.58324
-6.58406
-6.58204
-6.58172
-6.57921
-6.57937
-6.5793
-6.57898
-6.581
-6.58077
-6.5815
-6.58248
-6.58267
-6.58337
-6.58459
-6.58474
-6.58614
-6.58561
-6.58478
-6.58594
-6.58681
-6.58899
-6.58663
-6.58393
-6.58379
-6.5833
-6.58312
-6.58295
-6.5815
-6.58008
-6.57903
-6.57899
-6.579
-6.57939
-6.57724
-6.57675
-6.57858
-6.57818
-6.57912
-6.57812
-6.57711
-6.57702
-6.57848
-6.58018
-6.57856
-6.57977
-6.58094
-6.57981
-6.58095
-6.58014
-6.58099
-6.58189
-6.58219
-6.58092
-6.58228
-6.58301
-6.58147
-6.58057
-6.58191
-6.58288
-6.58381
-6.58503
-6.58523
-6.58152
-6.58296
-6.58246
-6.58132
-6.58082
-6.58067
-6.5786
-6.58111
-6.57978
-6.57983
-6.58061
-6.58018
-6.5824
-6.58367
-6.58396
-6.58518
-6.58313
-6.58362
-6.58536
-6.58479
-6.58385
-6.58319
-6.58377
-6.58301
-6.58318
-6.58136
-6.58309
-6.58254
-6.58427
-6.58538
-6.58491
-6.58577
-6.58668
-6.58635
-6.58574
-6.58322
-6.583
-6.5844
-6.58321
-6.58329
-6.58271
-6.58472
-6.58284
-6.58325
-6.58204
-6.57921
-6.58021
-6.58019
-6.57944
-6.57928
-6.5781
-6.57756
-6.57769
-6.5753
-6.57655
-6.57529
-6.57603
-6.5765
-6.5799
-6.57909
-6.58084
-6.58287
-6.58323
-6.58291
-6.58289
-6.58318
-6.58413
-6.58479
-6.58516
-6.58589
-6.58531
-6.58698
-6.58635
-6.58891
-6.58757
-6.58557
-6.58328
-6.582
-6.58271
-6.58088
-6.58167
-6.58309
-6.58514
-6.58552
-6.58324
-6.58317
-6.5824
-6.58353
-6.58466
-6.58644
-6.58435
-6.58391
-6.58479
-6.58438
-6.58107
-6.58133
-6.5816
-6.58189
-6.58155
-6.58088
-6.5815
-6.57952
-6.57981
-6.58172
-6.5801
-6.58238
-6.58242
-6.58183
-6.58094
-6.58137
-6.58444
-6.58303
-6.58426
-6.58326
-6.58162
-6.58287
-6.58277
-6.58162
-6.58167
-6.58358
-6.58344
-6.58355
-6.58293
-6.58227
-6.58093
-6.58187
-6.58154
-6.58258
-6.58306
-6.58332
-6.58303
-6.58282
-6.58332
-6.5829
-6.58249
-6.58531
-6.58488
-6.58376
-6.58357
-6.58429
-6.58398
-6.58391
-6.5828
-6.58164
-6.58336
-6.58182
-6.58287
-6.58167
-6.58244
-6.58197
-6.58191
-6.5816
-6.58269
-6.58227
-6.58194
-6.5823
-6.58301
-6.58242
-6.5834
-6.58464
-6.58485
-6.58435
-6.58543
-6.58712
-6.58748
-6.5891
-6.58935
-6.59081
-6.59089
-6.5896
-6.58793
-6.58882
-6.58941
-6.58743
-6.58515
-6.58485
-6.5836
-6.58334
-6.58278
-6.5813
-6.58021
-6.57921
-6.57799
-6.57819
-6.57884
-6.5796
-6.58012
-6.58165
-6.5809
-6.58204
-6.58342
-6.58372
-6.58587
-6.58663
-6.58631
-6.58591
-6.58541
-6.5871
-6.58516
-6.58317
-6.58278
-6.58339
-6.58406
-6.58478
-6.58235
-6.57998
-6.57863
-6.57797
-6.58124
-6.58098
-6.58078
-6.58161
-6.58085
-6.58174
-6.58198
-6.58121
-6.58101
-6.58139
-6.58168
-6.58192
-6.58244
-6.58328
-6.58282
-6.58011
-6.57937
-6.57866
-6.58027
-6.5803
-6.58264
-6.58373
-6.58453
-6.58439
-6.58393
-6.58798
-6.58778
-6.58752
-6.58751
-6.58614
-6.58762
-6.58713
-6.5853
-6.58476
-6.58391
-6.58178
-6.58261
-6.58445
-6.58374
-6.58534
-6.58439
-6.58346
-6.58414
-6.58223
-6.58063
-6.58194
-6.58099
-6.58136
-6.58177
-6.58159
-6.58081
-6.58165
-6.57923
-6.57968
-6.58071
-6.58102
-6.58094
-6.5782
-6.57768
-6.57874
-6.57782
-6.57658
-6.57665
-6.57709
-6.58053
-6.58179
-6.57995
-6.58051
-6.57829
-6.57912
-6.58069
-6.58293
-6.58288
-6.58304
-6.58305
-6.58415
-6.58279
-6.58157
-6.58117
-6.5823
-6.58372
-6.58481
-6.58659
-6.58747
-6.59037
-6.58915
-6.58899
-6.58793
-6.58695
-6.58538
-6.58289
-6.58365
-6.58443
-6.58523
-6.58443
-6.583
-6.58255
-6.58305
-6.58254
-6.58164
-6.5823
-6.58453
-6.58154
-6.58178
-6.58041
-6.58164
-6.58061
-6.57992
-6.57989
-6.57955
-6.57988
-6.58118
-6.58219
-6.58161
-6.57978
-6.57833
-6.58146
-6.58011
-6.58105
-6.58294
-6.5838
-6.58329
-6.58431
-6.58719
-6.58611
-6.58657
-6.58504
-6.58541
-6.58445
-6.5825
-6.58312
-6.58212
-6.58245
-6.58348
-6.58396
-6.58388
-6.58489
-6.58409
-6.58177
-6.5821
-6.58084
-6.58019
-6.57977
-6.58022
-6.58055
-6.57852
-6.58099
-6.58314
-6.57953
-6.58051
-6.58156
-6.58263
-6.58205
-6.58498
-6.58106
-6.58227
-6.58251
-6.58278
-6.58506
-6.58319
-6.58332
-6.58477
-6.58652
-6.58661
-6.58469
-6.58432
-6.58649
-6.58669
-6.58685
-6.58539
-6.58553
-6.58633
-6.58649
-6.58569
-6.58751
-6.58581
-6.58641
-6.58609
-6.58777
-6.58852
-6.58542
-6.58461
-6.5822
-6.58236
-6.58059
-6.57686
-6.57765
-6.57746
-6.57855
-6.5809
-6.58062
-6.58128
-6.58156
-6.58179
-6.58231
-6.58442
-6.58461
-6.58386
-6.58157
-6.58358
-6.58437
-6.58617
-6.58539
-6.58617
-6.5875
-6.58872
-6.58758
-6.58764
-6.58638
-6.58348
-6.58287
-6.58164
-6.57883
-6.5767
-6.57916
-6.57942
-6.58074
-6.5786
-6.57914
-6.5814
-6.5837
-6.58179
-6.58081
-6.57943
-6.58054
-6.58286
-6.58282
-6.58272
-6.5829
-6.57981
-6.58093
-6.58011
-6.57999
-6.57993
-6.5806
-6.58234
-6.58285
-6.58276
-6.58134
-6.58376
-6.58514
-6.58517
-6.58483
-6.58384
-6.58348
-6.58604
-6.5876
-6.58591
-6.58741
-6.5892
-6.58835
-6.59006
-6.58822
-6.58898
-6.58752
-6.58774
-6.58705
-6.58607
-6.58546
-6.5839
-6.58204
-6.57892
-6.57938
-6.58053
-6.57977
-6.57968
-6.57927
-6.57656
-6.57736
-6.57872
-6.57903
-6.58119
-6.58262
-6.58107
-6.57689
-6.57817
-6.57784
-6.57915
-6.57859
-6.57875
-6.5787
-6.57715
-6.57605
-6.57896
-6.5807
-6.57929
-6.58022
-6.57855
-6.57905
-6.58003
-6.5814
-6.58446
-6.58277
-6.58288
-6.58391
-6.5853
-6.58386
-6.5816
-6.58466
-6.58301
-6.58151
-6.58465
-6.5856
-6.58563
-6.58372
-6.58208
-6.58294
-6.58369
-6.58367
-6.58449
-6.58361
-6.58429
-6.58333
-6.58369
-6.5841
-6.58266
-6.5839
-6.5849
-6.58438
-6.58487
-6.58279
-6.58425
-6.58469
-6.58443
-6.58382
-6.58322
-6.58201
-6.58117
-6.58101
-6.58376
-6.58259
-6.58201
-6.58103
-6.57998
-6.58081
-6.58193
-6.58174
-6.58282
-6.58261
-6.58241
-6.58158
-6.58076
-6.5819
-6.58241
-6.5823
-6.58322
-6.58197
-6.58178
-6.58073
-6.58268
-6.58469
-6.58443
-6.58512
-6.58443
-6.58462
-6.58272
-6.58294
-6.58138
-6.57969
-6.57791
-6.57772
-6.57889
-6.58015
-6.57671
-6.57763
-6.57712
-6.57677
-6.57948
-6.57939
-6.57871
-6.5777
-6.57953
-6.57927
-6.58175
-6.58241
-6.5832
-6.58544
-6.58499
-6.58447
-6.58492
-6.58412
-6.58471
-6.58442
-6.5849
-6.58549
-6.58555
-6.5841
-6.58238
-6.58363
-6.58488
-6.58577
-6.58659
-6.58635
-6.58766
-6.58857
-6.58748
-6.58572
-6.58717
-6.58669
-6.58752
-6.5855
-6.58516
-6.58426
-6.58407
-6.58232
-6.58415
-6.58468
-6.58516
-6.58267
-6.58301
-6.58261
-6.58214
-6.58098
-6.58273
-6.58418
-6.58601
-6.58369
-6.58273
-6.58409
-6.5842
-6.58175
-6.58126
-6.57945
-6.57858
-6.58057
-6.58216
-6.58012
-6.58027
-6.5807
-6.58047
-6.58156
-6.58075
-6.57871
-6.57935
-6.57844
-6.58117
-6.58005
-6.57991
-6.57942
-6.58084
-6.57997
-6.58038
-6.58145
-6.58061
-6.58046
-6.58036
-6.58062
-6.58021
-6.58167
-6.58238
-6.58394
-6.58215
-6.58449
-6.58515
-6.58612
-6.58516
-6.58519
-6.58689
-6.58543
-6.58469
-6.58662
-6.58829
-6.58838
-6.58685
-6.58594
-6.58404
-6.58436
-6.58628
-6.5859
-6.58551
-6.58383
-6.58313
-6.58213
-6.57985
-6.57922
-6.57992
-6.58067
-6.58145
-6.58162
-6.58215
-6.58301
-6.58318
-6.58199
-6.58493
-6.58325
-6.58184
-6.58267
-6.58222
-6.58085
-6.58085
-6.57997
-6.5811
-6.58162
-6.58408
-6.58198
-6.58433
-6.5853
-6.58523
-6.58674
-6.58791
-6.58876
-6.58864
-6.58789
-6.58744
-6.586
-6.58388
-6.58464
-6.5841
-6.58487
-6.58308
-6.58264
-6.58454
-6.58361
-6.5844
-6.58299
-6.58164
-6.58225
-6.58189
-6.58215
-6.583
-6.58474
-6.58284
-6.58343
-6.58427
-6.58603
-6.58713
-6.58597
-6.5845
-6.58501
-6.58687
-6.58846
-6.58783
-6.58596
-6.58349
-6.58397
-6.58446
-6.58495
-6.58607
-6.58392
-6.58368
-6.58534
-6.58631
-6.58467
-6.58495
-6.58423
-6.58447
-6.58534
-6.58297
-6.58288
-6.58346
-6.58112
-6.58172
-6.58168
-6.58098
-6.58062
-6.57866
-6.58059
-6.58381
-6.58445
-6.58412
-6.58349
-6.58553
-6.58734
-6.58665
-6.58631
-6.58785
-6.58762
-6.58917
-6.587
-6.58893
-6.58758
-6.5895
-6.59018
-6.59061
-6.5882
-6.5865
-6.58551
-6.58457
-6.58338
-6.58097
-6.58288
-6.58195
-6.57812
-6.5791
-6.57999
-6.58239
-6.58277
-6.58404
-6.58267
-6.58223
-6.58303
-6.58183
-6.58123
-6.57994
-6.58189
-6.58258
-6.58272
-6.58363
-6.58372
-6.58299
-6.58202
-6.5837
-6.58634
-6.58634
-6.58563
-6.58613
1.76816
1.76816
1.76816
1.76816
1.76816
1.76816
1.76816
1.76816
1.76816
1.76816
1.76816
1.76815
1.76815
1.76815
1.76815
1.76813
1.76812
1.76809
1.76807
1.76804
1.76802
1.768
1.76796
1.76793
1.7679
1.76788
1.76786
1.76785
1.76782
1.76779
1.76776
1.76774
1.76772
1.7677
1.76768
1.76765
1.76762
1.7676
1.76758
1.76757
1.76756
1.76755
1.76753
1.76752
1.76751
1.7675
1.76748
1.76747
1.76745
1.76744
1.76744
1.76742
1.76741
1.7674
1.7674
1.76738
1.76737
1.76736
1.76735
1.76734
1.76733
1.76734
1.76733
1.76732
1.76731
1.76729
1.76728
1.76727
1.76726
1.76725
1.76724
1.76724
1.76723
1.76722
1.76721
1.76719
1.76719
1.76717
1.76716
1.76716
1.76715
1.76714
1.76714
1.76712
1.76711
1.7671
1.76709
1.76709
1.76709
1.76707
1.76706
1.76704
1.76703
1.76702
1.767
1.76699
1.76699
1.76698
1.76698
1.76698
1.76698
1.76698
1.76698
1.76698
1.76699
1.76701
1.76703
1.76704
1.76707
1.7671
1.76713
1.76715
1.76718
1.76722
1.76726
1.7673
1.76737
1.76746
1.76757
1.76768
1.76776
1.76778
1.76775
1.7676
1.76738
1.76709
1.7668
1.76656
1.76641
1.76636
1.7664
1.76652
1.76668
1.76683
1.76694
1.76701
1.76708
1.76716
1.76728
1.76743
1.76758
1.7677
1.76775
1.76772
1.76761
1.76745
1.76726
1.76706
1.76687
1.7667
1.76657
1.76647
1.76641
1.76639
1.7664
1.76644
1.76651
1.76661
1.76672
1.76685
1.76699
1.76712
1.76725
1.76737
1.76747
1.76755
1.76759
1.76762
1.76763
1.7676
1.76757
1.76753
1.76748
1.7674
1.76729
1.76715
1.767
1.76686
1.76677
1.76674
1.76675
1.76683
1.76694
1.76704
1.76714
1.76724
1.76731
1.76735
1.76737
1.76736
1.76734
1.76729
1.76722
1.76714
1.76707
1.767
1.76695
1.76692
1.76691
1.76692
1.76694
1.76697
1.767
1.76705
1.7671
1.76714
1.76719
1.76723
1.76727
1.76731
1.76736
1.76741
1.76748
1.76754
1.76759
1.76762
1.76761
1.76755
1.76744
1.7673
1.76716
1.76703
1.76694
1.76691
1.76694
1.76701
1.76713
1.76726
1.76736
1.7674
1.76735
1.7672
1.76699
1.76679
1.76666
1.76663
1.76668
1.76681
1.76697
1.76714
1.76729
1.7674
1.76745
1.76741
1.76731
1.76717
1.76701
1.7669
1.76688
1.76693
1.76705
1.76721
1.76737
1.76747
1.76751
1.76749
1.76741
1.76728
1.76715
1.76705
1.76697
1.76691
1.76689
1.76688
1.7669
1.76693
1.76698
1.76702
1.76706
1.7671
1.76712
1.76714
1.76715
1.76715
1.76716
1.76718
1.76722
1.76727
1.76734
1.76743
1.76752
1.76759
1.76764
1.76764
1.76759
1.76748
1.76733
1.76717
1.767
1.76688
1.7668
1.76676
1.76676
1.76679
1.76684
1.76689
1.76694
1.76698
1.767
1.76703
1.76705
1.76706
1.76707
1.76707
1.76707
1.76708
1.76708
1.76709
1.76712
1.76716
1.76721
1.76729
1.76737
1.76748
1.76759
1.7677
1.76776
1.76775
1.76768
1.76752
1.76734
1.76714
1.76694
1.76675
1.76661
1.76654
1.76654
1.76664
1.7668
1.76702
1.76728
1.76753
1.76779
1.76802
1.7682
1.76833
1.76839
1.76834
1.7682
1.76795
1.76762
1.76723
1.76686
1.76654
1.76633
1.76625
1.76626
1.76634
1.76646
1.76658
1.76672
1.76685
1.76698
1.76709
1.76718
1.76727
1.76733
1.76738
1.76741
1.76743
1.76744
1.76742
1.76739
1.76735
1.76729
1.76725
1.7672
1.76716
1.76714
1.76712
1.76711
1.7671
1.76711
1.76712
1.76714
1.76714
1.76714
1.76713
1.76714
1.76714
1.76714
1.76714
1.76716
1.76717
1.76719
1.76722
1.76727
1.76733
1.76741
1.76753
1.76768
1.7679
1.76814
1.76841
1.7686
1.76861
1.76831
1.76773
1.76701
1.76645
1.76618
1.76621
1.76643
1.76671
1.76698
1.76721
1.76742
1.76756
1.76765
1.76766
1.76759
1.76743
1.76721
1.76701
1.76684
1.76673
1.76671
1.76674
1.76682
1.76693
1.76704
1.76714
1.76723
1.76733
1.76742
1.76752
1.76764
1.76778
1.76795
1.76812
1.76828
1.76837
1.76829
1.76799
1.76749
1.7669
1.7664
1.76611
1.76606
1.76619
1.76643
1.7667
1.76694
1.76716
1.76733
1.76749
1.76759
1.76765
1.76766
1.76762
1.76751
1.76736
1.76719
1.76705
1.76695
1.76691
1.76691
1.76695
1.76701
1.76707
1.76713
1.7672
1.76726
1.76732
1.7674
1.76746
1.76754
1.76763
1.76773
1.76783
1.76789
1.76793
1.76794
1.76786
1.76774
1.76758
1.7674
1.76726
1.76719
1.76718
1.76722
1.76728
1.76734
1.76737
1.76737
1.76735
1.7673
1.76723
1.76719
1.76714
1.76709
1.76704
1.76696
1.76688
1.76679
1.76673
1.7667
1.76672
1.76679
1.76689
1.767
1.76713
1.76725
1.76736
1.76745
1.76754
1.7676
1.76763
1.76764
1.7676
1.76752
1.76741
1.76731
1.76721
1.76713
1.76708
1.76706
1.76706
1.76709
1.76713
1.76717
1.7672
1.76724
1.76727
1.76729
1.7673
1.76731
1.7673
1.76731
1.76731
1.76731
1.76732
1.76732
1.76732
1.7673
1.76729
1.76727
1.76723
1.76719
1.76715
1.76711
1.76708
1.76707
1.76707
1.76709
1.76711
1.76713
1.76714
1.76714
1.76712
1.76711
1.76711
1.76713
1.76716
1.76721
1.76728
1.76735
1.76742
1.76748
1.76751
1.7675
1.76745
1.76737
1.76728
1.76719
1.76712
1.76708
1.76705
1.76704
1.767
1.76696
1.76693
1.76688
1.76684
1.76681
1.7668
1.76682
1.76686
1.7669
1.76696
1.76701
1.76705
1.76708
1.76709
1.7671
1.7671
1.76711
1.76712
1.76713
1.76716
1.7672
1.76724
1.7673
1.76736
1.76747
1.76761
1.7678
1.76803
1.76828
1.76842
1.76827
1.76774
1.76692
1.76616
1.76575
1.76574
1.766
1.76636
1.76672
1.76702
1.76726
1.76742
1.7675
1.76751
1.76746
1.76738
1.76732
1.76728
1.76728
1.76729
1.76729
1.76722
1.76709
1.76691
1.76674
1.76662
1.76656
1.76656
1.7666
1.76666
1.76674
1.76681
1.76687
1.76692
1.76696
1.76699
1.76702
1.76704
1.76705
1.76705
1.76707
1.76707
1.76709
1.7671
1.76711
1.76713
1.76715
1.76717
1.76718
1.76719
1.76721
1.76722
1.76722
1.76724
1.76724
1.76726
1.76726
1.76728
1.76733
1.76739
1.76746
1.76756
1.76767
1.76781
1.76794
1.76803
1.76803
1.76784
1.76743
1.76687
1.7663
1.76589
1.76573
1.7658
1.766
1.76626
1.76651
1.76674
1.76693
1.76709
1.76722
1.76733
1.76742
1.76749
1.76755
1.76759
1.76764
1.76765
1.76763
1.76757
1.7675
1.76742
1.76735
1.76732
1.76733
1.76738
1.76741
1.76737
1.76721
1.76696
1.76667
1.7664
1.76627
1.76626
1.76635
1.7665
1.76666
1.76681
1.76694
1.76706
1.76717
1.76726
1.76735
1.76744
1.76753
1.76762
1.76771
1.76781
1.76789
1.76794
1.76795
1.76787
1.76773
1.76753
1.76729
1.76706
1.76688
1.76676
1.76669
1.76666
1.76666
1.76669
1.76673
1.7668
1.76691
1.76704
1.76723
1.76747
1.76773
1.76796
1.76806
1.76793
1.76753
1.76699
1.76647
1.76617
1.76612
1.76627
1.76646
1.76668
1.76685
1.76697
1.76706
1.76711
1.76714
1.76717
1.76718
1.76719
1.7672
1.76721
1.76721
1.76721
1.7672
1.76717
1.76715
1.76712
1.76709
1.76707
1.76706
1.76709
1.76716
1.76728
1.7675
1.76781
1.76817
1.76848
1.76853
1.76812
1.76727
1.76633
1.76576
1.7657
1.76599
1.76643
1.76687
1.76726
1.76762
1.768
1.76844
1.76893
1.76933
1.76933
1.76862
1.76728
1.76596
1.76528
1.7653
1.76568
1.76611
1.76645
1.76668
1.76681
1.76687
1.76689
1.76689
1.76689
1.76688
1.76688
1.76691
1.76696
1.76705
1.76715
1.76729
1.76744
1.7676
1.76775
1.76787
1.76794
1.76792
1.76782
1.76762
1.76738
1.76714
1.76693
1.7668
1.76675
1.76678
1.7669
1.76711
1.7674
1.76773
1.76809
1.76835
1.7684
1.7681
1.76747
1.76676
1.76626
1.7661
1.76623
1.76648
1.76674
1.76695
1.7671
1.7672
1.76724
1.76727
1.76729
1.76732
1.76736
1.76744
1.76752
1.76758
1.76762
1.76761
1.76755
1.76747
1.76738
1.76734
1.76734
1.76739
1.76744
1.76745
1.7674
1.76729
1.76715
1.76702
1.76694
1.76695
1.76703
1.76715
1.76728
1.76739
1.76746
1.76751
1.76749
1.76746
1.76737
1.7673
1.76725
1.76722
1.76724
1.7673
1.76739
1.76751
1.76763
1.76773
1.76778
1.76777
1.76767
1.76752
1.76733
1.76712
1.76694
1.76683
1.76682
1.76689
1.76702
1.76719
1.76736
1.76748
1.76756
1.76758
1.76755
1.76748
1.76738
1.76726
1.76713
1.76704
1.76696
1.76693
1.76693
1.76697
1.76702
1.76707
1.76712
1.76715
1.76718
1.76719
1.76719
1.7672
1.76719
1.76718
1.76718
1.76719
1.7672
1.7672
1.76719
1.76721
1.76721
1.76721
1.76723
1.76723
1.76724
1.76725
1.76726
1.76728
1.7673
1.76731
1.76734
1.76737
1.7674
1.76742
1.76742
1.76741
1.76738
1.76733
1.76726
1.76719
1.76713
1.76708
1.76706
1.76706
1.76707
1.76709
1.76712
1.76714
1.76715
1.76715
1.76713
1.76711
1.76707
1.76705
1.76702
1.76702
1.76701
1.76702
1.76703
1.76706
1.7671
1.76715
1.7672
1.76726
1.76732
1.76738
1.76743
1.76748
1.76751
1.76753
1.76753
1.76748
1.76738
1.76721
1.76701
1.7668
1.76664
1.76656
1.76655
1.76663
1.76679
1.76702
1.76732
1.76769
1.76811
1.76853
1.76884
1.76886
1.76849
1.76781
1.76712
1.76816
1.76816
1.76816
1.76816
1.76816
1.76816
1.76816
1.76816
1.76816
1.76816
1.76816
1.76815
1.76815
1.76815
1.76815
1.76813
1.76812
1.76809
1.76807
1.76804
1.76802
1.768
1.76796
1.76793
1.7679
1.76788
1.76786
1.76785
1.76782
1.76779
1.76776
1.76774
1.76772
1.7677
1.76768
1.76765
1.76762
1.7676
1.76758
1.76757
1.76756
1.76755
1.76753
1.76752
1.76751
1.7675
1.76748
1.76747
1.76745
1.76744
1.76744
1.76742
1.76741
1.7674
1.7674
1.76738
1.76737
1.76736
1.76735
1.76734
1.76733
1.76734
1.76733
1.76732
1.76731
1.76729
1.76728
1.76727
1.76726
1.76725
1.76724
1.76724
1.76723
1.76722
1.76721
1.76719
1.76719
1.76717
1.76716
1.76716
1.76715
1.76714
1.76714
1.76712
1.76711
1.7671
1.76709
1.76709
1.76709
1.76707
1.76706
1.76704
1.76703
1.76702
1.767
1.76699
1.76699
1.76698
1.76698
1.76698
1.76698
1.76698
1.76698
1.76698
1.76699
1.76701
1.76703
1.76704
1.76707
1.7671
1.76713
1.76715
1.76718
1.76722
1.76726
1.7673
1.76737
1.76746
1.76757
1.76768
1.76776
1.76778
1.76775
1.7676
1.76738
1.76709
1.7668
1.76656
1.76641
1.76636
1.7664
1.76652
1.76668
1.76683
1.76694
1.76701
1.76708
1.76716
1.76728
1.76743
1.76758
1.7677
1.76775
1.76772
1.76761
1.76745
1.76726
1.76706
1.76687
1.7667
1.76657
1.76647
1.76641
1.76639
1.7664
1.76644
1.76651
1.76661
1.76672
1.76685
1.76699
1.76712
1.76725
1.76737
1.76747
1.76755
1.76759
1.76762
1.76763
1.7676
1.76757
1.76753
1.76748
1.7674
1.76729
1.76715
1.767
1.76686
1.76677
1.76674
1.76675
1.76683
1.76694
1.76704
1.76714
1.76724
1.76731
1.76735
1.76737
1.76736
1.76734
1.76729
1.76722
1.76714
1.76707
1.767
1.76695
1.76692
1.76691
1.76692
1.76694
1.76697
1.767
1.76705
1.7671
1.76714
1.76719
1.76723
1.76727
1.76731
1.76736
1.76741
1.76748
1.76754
1.76759
1.76762
1.76761
1.76755
1.76744
1.7673
1.76716
1.76703
1.76694
1.76691
1.76694
1.76701
1.76713
1.76726
1.76736
1.7674
1.76735
1.7672
1.76699
1.76679
1.76666
1.76663
1.76668
1.76681
1.76697
1.76714
1.76729
1.7674
1.76745
1.76741
1.76731
1.76717
1.76701
1.7669
1.76688
1.76693
1.76705
1.76721
1.76737
1.76747
1.76751
1.76749
1.76741
1.76728
1.76715
1.76705
1.76697
1.76691
1.76689
1.76688
1.7669
1.76693
1.76698
1.76702
1.76706
1.7671
1.76712
1.76714
1.76715
1.76715
1.76716
1.76718
1.76722
1.76727
1.76734
1.76743
1.76752
1.76759
1.76764
1.76764
1.76759
1.76748
1.76733
1.76717
1.767
1.76688
1.7668
1.76676
1.76676
1.76679
1.76684
1.76689
1.76694
1.76698
1.767
1.76703
1.76705
1.76706
1.76707
1.76707
1.76707
1.76708
1.76708
1.76709
1.76712
1.76716
1.76721
1.76729
1.76737
1.76748
1.76759
1.7677
1.76776
1.76775
1.76768
1.76752
1.76734
1.76714
1.76694
1.76675
1.76661
1.76654
1.76654
1.76664
1.7668
1.76702
1.76728
1.76753
1.76779
1.76802
1.7682
1.76833
1.76839
1.76834
1.7682
1.76795
1.76762
1.76723
1.76686
1.76654
1.76633
1.76625
1.76626
1.76634
1.76646
1.76658
1.76672
1.76685
1.76698
1.76709
1.76718
1.76727
1.76733
1.76738
1.76741
1.76743
1.76744
1.76742
1.76739
1.76735
1.76729
1.76725
1.7672
1.76716
1.76714
1.76712
1.76711
1.7671
1.76711
1.76712
1.76714
1.76714
1.76714
1.76713
1.76714
1.76714
1.76714
1.76714
1.76716
1.76717
1.76719
1.76722
1.76727
1.76733
1.76741
1.76753
1.76768
1.7679
1.76814
1.76841
1.7686
1.76861
1.76831
1.76773
1.76701
1.76645
1.76618
1.76621
1.76643
1.76671
1.76698
1.76721
1.76742
1.76756
1.76765
1.76766
1.76759
1.76743
1.76721
1.76701
1.76684
1.76673
1.76671
1.76674
1.76682
1.76693
1.76704
1.76714
1.76723
1.76733
1.76742
1.76752
1.76764
1.76778
1.76795
1.76812
1.76828
1.76837
1.76829
1.76799
1.76749
1.7669
1.7664
1.76611
1.76606
1.76619
1.76643
1.7667
1.76694
1.76716
1.76733
1.76749
1.76759
1.76765
1.76766
1.76762
1.76751
1.76736
1.76719
1.76705
1.76695
1.76691
1.76691
1.76695
1.76701
1.76707
1.76713
1.7672
1.76726
1.76732
1.7674
1.76746
1.76754
1.76763
1.76773
1.76783
1.76789
1.76793
1.76794
1.76786
1.76774
1.76758
1.7674
1.76726
1.76719
1.76718
1.76722
1.76728
1.76734
1.76737
1.76737
1.76735
1.7673
1.76723
1.76719
1.76714
1.76709
1.76704
1.76696
1.76688
1.76679
1.76673
1.7667
1.76672
1.76679
1.76689
1.767
1.76713
1.76725
1.76736
1.76745
1.76754
1.7676
1.76763
1.76764
1.7676
1.76752
1.76741
1.76731
1.76721
1.76713
1.76708
1.76706
1.76706
1.76709
1.76713
1.76717
1.7672
1.76724
1.76727
1.76729
1.7673
1.76731
1.7673
1.76731
1.76731
1.76731
1.76732
1.76732
1.76732
1.7673
1.76729
1.76727
1.76723
1.76719
1.76715
1.76711
1.76708
1.76707
1.76707
1.76709
1.76711
1.76713
1.76714
1.76714
1.76712
1.76711
1.76711
1.76713
1.76716
1.76721
1.76728
1.76735
1.76742
1.76748
1.76751
1.7675
1.76745
1.76737
1.76728
1.76719
1.76712
1.76708
1.76705
1.76704
1.767
1.76696
1.76693
1.76688
1.76684
1.76681
1.7668
1.76682
1.76686
1.7669
1.76696
1.76701
1.76705
1.76708
1.76709
1.7671
1.7671
1.76711
1.76712
1.76713
1.76716
1.7672
1.76724
1.7673
1.76736
1.76747
1.76761
1.7678
1.76803
1.76828
1.76842
1.76827
1.76774
1.76692
1.76616
1.76575
1.76574
1.766
1.76636
1.76672
1.76702
1.76726
1.76742
1.7675
1.76751
1.76746
1.76738
1.76732
1.76728
1.76728
1.76729
1.76729
1.76722
1.76709
1.76691
1.76674
1.76662
1.76656
1.76656
1.7666
1.76666
1.76674
1.76681
1.76687
1.76692
1.76696
1.76699
1.76702
1.76704
1.76705
1.76705
1.76707
1.76707
1.76709
1.7671
1.76711
1.76713
1.76715
1.76717
1.76718
1.76719
1.76721
1.76722
1.76722
1.76724
1.76724
1.76726
1.76726
1.76728
1.76733
1.76739
1.76746
1.76756
1.76767
1.76781
1.76794
1.76803
1.76803
1.76784
1.76743
1.76687
1.7663
1.76589
1.76573
1.7658
1.766
1.76626
1.76651
1.76674
1.76693
1.76709
1.76722
1.76733
1.76742
1.76749
1.76755
1.76759
1.76764
1.76765
1.76763
1.76757
1.7675
1.76742
1.76735
1.76732
1.76733
1.76738
1.76741
1.76737
1.76721
1.76696
1.76667
1.7664
1.76627
1.76626
1.76635
1.7665
1.76666
1.76681
1.76694
1.76706
1.76717
1.76726
1.76735
1.76744
1.76753
1.76762
1.76771
1.76781
1.76789
1.76794
1.76795
1.76787
1.76773
1.76753
1.76729
1.76706
1.76688
1.76676
1.76669
1.76666
1.76666
1.76669
1.76673
1.7668
1.76691
1.76704
1.76723
1.76747
1.76773
1.76796
1.76806
1.76793
1.76753
1.76699
1.76647
1.76617
1.76612
1.76627
1.76646
1.76668
1.76685
1.76697
1.76706
1.76711
1.76714
1.76717
1.76718
1.76719
1.7672
1.76721
1.76721
1.76721
1.7672
1.76717
1.76715
1.76712
1.76709
1.76707
1.76706
1.76709
1.76716
1.76728
1.7675
1.76781
1.76817
1.76848
1.76853
1.76812
1.76727
1.76633
1.76576
1.7657
1.76599
1.76643
1.76687
1.76726
1.76762
1.768
1.76844
1.76893
1.76933
1.76933
1.76862
1.76728
1.76596
1.76528
1.7653
1.76568
1.76611
1.76645
1.76668
1.76681
1.76687
1.76689
1.76689
1.76689
1.76688
1.76688
1.76691
1.76696
1.76705
1.76715
1.76729
1.76744
1.7676
1.76775
1.76787
1.76794
1.76792
1.76782
1.76762
1.76738
1.76714
1.76693
1.7668
1.76675
1.76678
1.7669
1.76711
1.7674
1.76773
1.76809
1.76835
1.7684
1.7681
1.76747
1.76676
1.76626
1.7661
1.76623
1.76648
1.76674
1.76695
1.7671
1.7672
1.76724
1.76727
1.76729
1.76732
1.76736
1.76744
1.76752
1.76758
1.76762
1.76761
1.76755
1.76747
1.76738
1.76734
1.76734
1.76739
1.76744
1.76745
1.7674
1.76729
1.76715
1.76702
1.76694
1.76695
1.76703
1.76715
1.76728
1.76739
1.76746
1.76751
1.76749
1.76746
1.76737
1.7673
1.76725
1.76722
1.76724
1.7673
1.76739
1.76751
1.76763
1.76773
1.76778
1.76777
1.76767
1.76752
1.76733
1.76712
1.76694
1.76683
1.76682
1.76689
1.76702
1.76719
1.76736
1.76748
1.76756
1.76758
1.76755
1.76748
1.76738
1.76726
1.76713
1.76704
1.76696
1.76693
1.76693
1.76697
1.76702
1.76707
1.76712
1.76715
1.76718
1.76719
1.76719
1.7672
1.76719
1.76718
1.76718
1.76719
1.7672
1.7672
1.76719
1.76721
1.76721
1.76721
1.76723
1.76723
1.76724
1.76725
1.76726
1.76728
1.7673
1.76731
1.76734
1.76737
1.7674
1.76742
1.76742
1.76741
1.76738
1.76733
1.76726
1.76719
1.76713
1.76708
1.76706
1.76706
1.76707
1.76709
1.76712
1.76714
1.76715
1.76715
1.76713
1.76711
1.76707
1.76705
1.76702
1.76702
1.76701
1.76702
1.76703
1.76706
1.7671
1.76715
1.7672
1.76726
1.76732
1.76738
1.76743
1.76748
1.76751
1.76753
1.76753
1.76748
1.76738
1.76721
1.76701
1.7668
1.76664
1.76656
1.76655
1.76663
1.76679
1.76702
1.76732
1.76769
1.76811
1.76853
1.76884
1.76886
1.76849
1.76781
1.76712
-4.71443
-4.71407
-4.71368
-4.71293
-4.71074
-4.70787
-4.70457
-4.70102
-4.69781
-4.69453
-4.69079
-4.68944
-4.68818
-4.68719
-4.6881
-4.68912
-4.69167
-4.69435
-4.69599
-4.69805
-4.6995
-4.7
-4.70095
-4.70093
-4.70061
-4.70127
-4.70174
-4.70175
-4.70297
-4.7036
-4.70303
-4.70353
-4.70266
-4.70343
-4.70279
-4.70256
-4.70185
-4.70158
-4.70087
-4.70108
-4.70098
-4.70086
-4.70131
-4.70127
-4.70074
-4.70034
-4.70022
-4.6995
-4.69986
-4.69937
-4.69955
-4.69922
-4.69916
-4.69922
-4.70002
-4.70109
-4.70192
-4.70287
-4.70413
-4.70383
-4.70271
-4.70201
-4.7021
-4.70199
-4.70159
-4.70111
-4.7012
-4.70065
-4.70142
-4.70105
-4.70118
-4.70084
-4.7014
-4.70181
-4.70147
-4.70216
-4.70236
-4.70266
-4.70259
-4.70311
-4.70272
-4.70267
-4.70297
-4.70334
-4.70348
-4.70336
-4.70297
-4.705
-4.70384
-4.70414
-4.7047
-4.70475
-4.70565
-4.70545
-4.70522
-4.70543
-4.70641
-4.70635
-4.7066
-4.70578
-4.70645
-4.70497
-4.70525
-4.70522
-4.70383
-4.70293
-4.70346
-4.70347
-4.70383
-4.70318
-4.70403
-4.70426
-4.7055
-4.70535
-4.70518
-4.70453
-4.70495
-4.70417
-4.70447
-4.70388
-4.70497
-4.70453
-4.70513
-4.70525
-4.70562
-4.70552
-4.70511
-4.70517
-4.70468
-4.70411
-4.70424
-4.70372
-4.70387
-4.70437
-4.70425
-4.70406
-4.7039
-4.7042
-4.70347
-4.70326
-4.7027
-4.7026
-4.70191
-4.702
-4.70167
-4.70241
-4.70211
-4.70093
-4.7013
-4.70232
-4.70217
-4.70267
-4.70153
-4.70267
-4.70231
-4.70168
-4.70245
-4.70297
-4.70231
-4.70267
-4.7025
-4.70255
-4.70207
-4.70262
-4.70315
-4.70322
-4.70358
-4.7036
-4.70388
-4.70338
-4.70377
-4.70341
-4.70262
-4.70174
-4.70121
-4.70089
-4.70063
-4.70058
-4.70149
-4.70109
-4.70101
-4.70109
-4.70056
-4.70046
-4.70081
-4.701
-4.7009
-4.70032
-4.70031
-4.70024
-4.70098
-4.70088
-4.7001
-4.70002
-4.70037
-4.69877
-4.6987
-4.69866
-4.69894
-4.69786
-4.69769
-4.69888
-4.69932
-4.69872
-4.69833
-4.69769
-4.69727
-4.69721
-4.69797
-4.69861
-4.69853
-4.69906
-4.69958
-4.69963
-4.69948
-4.69944
-4.69949
-4.69887
-4.69939
-4.69956
-4.70044
-4.70025
-4.70038
-4.70098
-4.70088
-4.70023
-4.70038
-4.70074
-4.70054
-4.70037
-4.70129
-4.70085
-4.70116
-4.70219
-4.70273
-4.70294
-4.70295
-4.70187
-4.7017
-4.70144
-4.70161
-4.70271
-4.70393
-4.70375
-4.70383
-4.70334
-4.7041
-4.70346
-4.70258
-4.70214
-4.70205
-4.70161
-4.70159
-4.70079
-4.6998
-4.70015
-4.70077
-4.70088
-4.7006
-4.70048
-4.70075
-4.70047
-4.70037
-4.69943
-4.69977
-4.70009
-4.70069
-4.70087
-4.70107
-4.70205
-4.70125
-4.70151
-4.70192
-4.70141
-4.70133
-4.70126
-4.70091
-4.70001
-4.70023
-4.69992
-4.69967
-4.70007
-4.70108
-4.70133
-4.70185
-4.70146
-4.70182
-4.70232
-4.70296
-4.70265
-4.70288
-4.70331
-4.70293
-4.7025
-4.70238
-4.70271
-4.70213
-4.70153
-4.70271
-4.70265
-4.70137
-4.701
-4.69987
-4.69845
-4.69841
-4.69842
-4.69804
-4.69805
-4.69921
-4.6994
-4.70055
-4.70203
-4.70215
-4.70254
-4.70289
-4.70273
-4.70254
-4.70321
-4.70355
-4.70297
-4.70266
-4.70336
-4.70338
-4.70362
-4.70333
-4.70304
-4.70233
-4.70201
-4.70208
-4.70207
-4.70207
-4.70251
-4.70277
-4.70244
-4.70275
-4.70222
-4.7028
-4.70252
-4.70254
-4.70361
-4.70298
-4.70306
-4.70449
-4.70546
-4.70538
-4.70456
-4.70451
-4.70416
-4.70363
-4.70351
-4.70348
-4.70339
-4.70323
-4.70243
-4.70283
-4.7031
-4.70265
-4.70269
-4.70276
-4.70285
-4.70248
-4.7018
-4.70081
-4.70088
-4.70127
-4.70169
-4.702
-4.70206
-4.70294
-4.70236
-4.70226
-4.70262
-4.70191
-4.70236
-4.70215
-4.70205
-4.70131
-4.70115
-4.70098
-4.7011
-4.70088
-4.70048
-4.70062
-4.70044
-4.6998
-4.69874
-4.69864
-4.69831
-4.69863
-4.6996
-4.69863
-4.69798
-4.69765
-4.69764
-4.69792
-4.69818
-4.69915
-4.70007
-4.70032
-4.70021
-4.69975
-4.69973
-4.70001
-4.70017
-4.69975
-4.69997
-4.70008
-4.70026
-4.69963
-4.69941
-4.70005
-4.69997
-4.70121
-4.70172
-4.7013
-4.70101
-4.70089
-4.70099
-4.69956
-4.69894
-4.6993
-4.69827
-4.69795
-4.69802
-4.69755
-4.6983
-4.69784
-4.69876
-4.6991
-4.70024
-4.7002
-4.69986
-4.69965
-4.69984
-4.70026
-4.69986
-4.69925
-4.6995
-4.70048
-4.70006
-4.6993
-4.69894
-4.69897
-4.69897
-4.6979
-4.69685
-4.69736
-4.69733
-4.69783
-4.69765
-4.69739
-4.69824
-4.69837
-4.69942
-4.6991
-4.69937
-4.69915
-4.69953
-4.7005
-4.70042
-4.70084
-4.7001
-4.70002
-4.70011
-4.70021
-4.70102
-4.70148
-4.70125
-4.70034
-4.70055
-4.70086
-4.7008
-4.7004
-4.70117
-4.70055
-4.7005
-4.69952
-4.6987
-4.69821
-4.69869
-4.6985
-4.69814
-4.69791
-4.69813
-4.69908
-4.69997
-4.70046
-4.70095
-4.70108
-4.70114
-4.70016
-4.69981
-4.69978
-4.69873
-4.69835
-4.69777
-4.69839
-4.69828
-4.69747
-4.69672
-4.6965
-4.69635
-4.69639
-4.69722
-4.69685
-4.69707
-4.69713
-4.69733
-4.6981
-4.69931
-4.69975
-4.70048
-4.70077
-4.70091
-4.70078
-4.70022
-4.70106
-4.70162
-4.7028
-4.70291
-4.70269
-4.70255
-4.70325
-4.70342
-4.70414
-4.70453
-4.70478
-4.70537
-4.70556
-4.70552
-4.70646
-4.70581
-4.70564
-4.70575
-4.70551
-4.70566
-4.70502
-4.70484
-4.70486
-4.7048
-4.7042
-4.70454
-4.70385
-4.70436
-4.70425
-4.70363
-4.70355
-4.70367
-4.70357
-4.7043
-4.70424
-4.70372
-4.70335
-4.70225
-4.70221
-4.70083
-4.70081
-4.7005
-4.7005
-4.70021
-4.69995
-4.70048
-4.70045
-4.7
-4.69975
-4.70074
-4.70012
-4.69955
-4.70039
-4.70173
-4.70128
-4.70172
-4.70165
-4.70224
-4.7032
-4.70347
-4.70399
-4.70417
-4.70326
-4.70336
-4.70342
-4.70313
-4.70269
-4.70243
-4.70197
-4.70164
-4.70312
-4.70337
-4.70418
-4.70486
-4.70494
-4.70528
-4.70556
-4.70562
-4.70561
-4.70536
-4.70519
-4.70419
-4.70448
-4.70383
-4.70331
-4.7034
-4.70292
-4.70264
-4.70318
-4.70425
-4.70461
-4.70411
-4.70439
-4.70437
-4.70402
-4.70469
-4.70453
-4.70446
-4.70296
-4.70367
-4.70359
-4.70335
-4.70358
-4.70323
-4.70354
-4.70377
-4.7041
-4.70346
-4.70411
-4.70371
-4.70343
-4.70367
-4.70353
-4.70382
-4.70355
-4.70368
-4.70494
-4.70425
-4.70407
-4.7042
-4.70448
-4.7045
-4.70416
-4.70368
-4.7037
-4.70337
-4.70393
-4.70467
-4.70527
-4.70566
-4.70634
-4.70584
-4.70548
-4.70543
-4.70472
-4.70418
-4.70384
-4.7046
-4.70504
-4.70469
-4.70517
-4.70513
-4.70506
-4.70531
-4.70576
-4.70521
-4.70474
-4.70492
-4.70529
-4.70477
-4.70426
-4.70315
-4.70249
-4.702
-4.70182
-4.70238
-4.70233
-4.70269
-4.70256
-4.70299
-4.70382
-4.70313
-4.70348
-4.70416
-4.70412
-4.70396
-4.70339
-4.70329
-4.70409
-4.70368
-4.7028
-4.70267
-4.70223
-4.70195
-4.70183
-4.70232
-4.70267
-4.70227
-4.70185
-4.70262
-4.70231
-4.70318
-4.70251
-4.70273
-4.70247
-4.70234
-4.70356
-4.70343
-4.70302
-4.70371
-4.70294
-4.70341
-4.70361
-4.70486
-4.70581
-4.70586
-4.70668
-4.70586
-4.70491
-4.70427
-4.70423
-4.70361
-4.70345
-4.70393
-4.70458
-4.70464
-4.70561
-4.70579
-4.70638
-4.70676
-4.7066
-4.7065
-4.70647
-4.70487
-4.70536
-4.7054
-4.7044
-4.70314
-4.70329
-4.70304
-4.70298
-4.70313
-4.70287
-4.70311
-4.70308
-4.70382
-4.70304
-4.70298
-4.70392
-4.70373
-4.70345
-4.70309
-4.70297
-4.70251
-4.70129
-4.70221
-4.70228
-4.70185
-4.70246
-4.70215
-4.70135
-4.702
-4.70177
-4.70183
-4.70289
-4.70299
-4.70272
-4.703
-4.70263
-4.70253
-4.70239
-4.70325
-4.70301
-4.70256
-4.70283
-4.70231
-4.70241
-4.70223
-4.70163
-4.70169
-4.70194
-4.7016
-4.70157
-4.70108
-4.70177
-4.70093
-4.70099
-4.70121
-4.70099
-4.70142
-4.70055
-4.69973
-4.69956
-4.69973
-4.70019
-4.70033
-4.70055
-4.701
-4.70076
-4.70001
-4.69941
-4.6984
-4.69826
-4.69809
-4.69834
-4.69927
-4.69976
-4.70022
-4.70154
-4.70129
-4.70219
-4.70214
-4.70248
-4.70142
-4.70032
-4.70085
-4.7012
-4.70153
-4.70125
-4.70142
-4.70114
-4.70162
-4.7015
-4.70184
-4.70234
-4.70178
-4.70284
-4.70189
-4.70119
-4.70149
-4.70101
-4.70038
-4.69951
-4.70038
-4.70093
-4.70131
-4.70108
-4.70172
-4.70152
-4.7021
-4.70264
-4.70327
-4.7041
-4.70483
-4.70514
-4.70521
-4.70551
-4.70529
-4.70534
-4.70555
-4.70551
-4.70433
-4.70477
-4.7041
-4.70379
-4.70485
-4.70405
-4.70379
-4.70347
-4.70328
-4.70327
-4.7027
-4.70325
-4.70458
-4.70451
-4.70422
-4.70461
-4.70512
-4.70533
-4.70471
-4.7045
-4.70395
-4.7041
-4.70443
-4.7041
-4.70488
-4.70524
-4.70519
-4.70462
-4.70414
-4.70349
-4.70328
-4.70367
-4.703
-4.70235
-4.70218
-4.70222
-4.70231
-4.70248
-4.70333
-4.70409
-4.70412
-4.70428
-4.70274
-4.70277
-4.70318
-4.70319
-4.70328
-4.70314
-4.70323
-4.70343
-4.70302
-4.7025
-4.70304
-4.70336
-4.70396
-4.70479
-4.70542
-4.70525
-4.70569
-4.70535
-4.70502
-4.70564
-4.70483
-4.7049
-4.70539
-4.70481
-4.70453
-4.70472
-4.70463
-4.70488
-4.7053
-4.7056
-4.705
-4.70485
-4.70453
-4.7039
-4.70403
-4.70359
-4.70409
-4.70416
-4.70483
-4.70515
-4.7054
-4.7056
-4.70503
-4.70557
-4.70622
-4.70589
-4.70576
-4.70606
-4.70661
-4.70684
-4.70678
-4.70724
-4.70713
-4.70787
-4.70769
-4.70717
-4.7063
-4.70486
-4.70475
-4.70487
-4.70482
-4.70406
-4.70468
-4.70422
-4.7038
-4.70354
-4.70374
-4.70425
-4.70448
-4.70532
-4.70537
-4.70596
-4.7053
-4.70476
-4.70406
-4.70442
-4.70418
-4.70393
-4.70427
-4.70412
-4.70378
-4.70323
-4.70277
-4.70211
-4.70216
-4.7022
-4.70134
-4.70188
-4.70174
-4.70066
-4.70136
-4.70206
-4.70244
-4.70289
-4.70335
-4.70268
-4.70384
-4.70288
-4.70268
-4.7019
-4.70164
-4.70134
-4.70133
-4.70165
-4.70155
-4.70149
-4.70163
-4.70106
-4.70086
-4.70011
-4.70003
-6.64826
-6.64148
-6.62354
-6.60807
-6.59521
-6.58574
-6.57949
-6.57464
-6.57415
-6.57341
-6.57387
-6.57456
-6.57646
-6.57798
-6.57827
-6.58019
-6.58085
-6.57971
-6.57918
-6.57873
-6.57784
-6.57792
-6.57743
-6.57708
-6.57724
-6.57989
-6.57823
-6.57775
-6.5781
-6.57824
-6.57972
-6.57857
-6.57929
-6.58021
-6.57874
-6.57941
-6.57965
-6.58078
-6.58217
-6.58286
-6.58224
-6.58387
-6.58226
-6.58259
-6.58327
-6.58105
-6.57789
-6.57703
-6.57654
-6.57742
-6.57743
-6.58111
-6.58362
-6.58365
-6.58342
-6.58191
-6.58102
-6.58262
-6.58442
-6.58575
-6.58498
-6.58346
-6.58416
-6.58423
-6.58339
-6.58394
-6.58232
-6.58498
-6.58674
-6.58563
-6.58585
-6.58478
-6.58465
-6.58542
-6.58608
-6.5863
-6.5874
-6.58745
-6.5868
-6.58614
-6.58647
-6.58458
-6.58437
-6.58554
-6.58682
-6.5856
-6.58606
-6.58429
-6.58285
-6.58396
-6.58504
-6.58413
-6.58512
-6.58414
-6.58411
-6.58211
-6.58138
-6.58226
-6.58151
-6.58044
-6.58004
-6.57808
-6.57877
-6.57987
-6.57946
-6.57851
-6.57925
-6.57875
-6.57987
-6.58126
-6.58257
-6.58505
-6.58515
-6.58674
-6.58951
-6.58731
-6.58858
-6.58716
-6.58825
-6.58734
-6.58736
-6.58576
-6.58551
-6.58244
-6.58147
-6.57875
-6.57948
-6.58106
-6.58019
-6.57875
-6.58086
-6.58096
-6.58194
-6.58153
-6.58072
-6.58019
-6.58193
-6.58499
-6.58582
-6.58279
-6.58237
-6.58192
-6.58142
-6.5815
-6.58245
-6.58428
-6.58472
-6.58313
-6.58278
-6.58175
-6.5807
-6.58098
-6.58131
-6.58011
-6.58063
-6.58225
-6.58269
-6.58422
-6.5852
-6.58623
-6.58467
-6.58402
-6.58423
-6.58266
-6.5819
-6.5826
-6.58153
-6.58006
-6.57889
-6.57873
-6.57804
-6.57752
-6.5785
-6.58069
-6.5805
-6.5821
-6.58087
-6.57998
-6.58027
-6.582
-6.5822
-6.58346
-6.58226
-6.58416
-6.58565
-6.58648
-6.58638
-6.58408
-6.58447
-6.58172
-6.58328
-6.58296
-6.58268
-6.58372
-6.58377
-6.58348
-6.58185
-6.57988
-6.58018
-6.57923
-6.57836
-6.57758
-6.57723
-6.57824
-6.58023
-6.58221
-6.58574
-6.58593
-6.58698
-6.59018
-6.5926
-6.59006
-6.58905
-6.58961
-6.58985
-6.58882
-6.58754
-6.58341
-6.58258
-6.58052
-6.57914
-6.57718
-6.57885
-6.57964
-6.57859
-6.5809
-6.58039
-6.58154
-6.582
-6.58431
-6.5855
-6.58361
-6.58382
-6.58488
-6.58523
-6.58621
-6.58754
-6.58601
-6.58876
-6.58801
-6.58794
-6.5866
-6.58589
-6.58453
-6.5828
-6.58137
-6.58026
-6.58014
-6.58136
-6.58232
-6.58304
-6.58127
-6.58187
-6.58225
-6.58398
-6.58247
-6.58251
-6.58116
-6.58356
-6.58195
-6.58315
-6.58167
-6.58077
-6.58146
-6.58149
-6.5822
-6.58425
-6.5867
-6.58663
-6.58566
-6.58572
-6.58615
-6.58659
-6.58831
-6.59002
-6.58972
-6.58969
-6.59088
-6.59004
-6.58848
-6.58625
-6.58304
-6.58215
-6.58068
-6.57834
-6.57835
-6.57783
-6.57709
-6.57809
-6.57758
-6.57781
-6.58164
-6.58349
-6.58522
-6.58482
-6.58386
-6.58301
-6.58524
-6.58579
-6.58571
-6.58441
-6.58611
-6.58659
-6.58679
-6.58636
-6.58496
-6.5858
-6.58665
-6.58915
-6.58782
-6.58818
-6.58798
-6.58654
-6.58481
-6.58274
-6.5832
-6.58231
-6.58006
-6.58003
-6.58061
-6.58086
-6.58371
-6.58399
-6.58429
-6.58818
-6.58657
-6.58624
-6.58557
-6.58489
-6.58224
-6.58185
-6.58306
-6.58298
-6.58288
-6.58247
-6.58142
-6.58267
-6.58237
-6.58152
-6.5837
-6.58308
-6.58419
-6.58534
-6.58676
-6.58417
-6.58432
-6.58329
-6.58339
-6.58369
-6.58392
-6.58284
-6.58147
-6.58113
-6.58091
-6.58306
-6.58208
-6.58217
-6.58327
-6.58472
-6.58389
-6.58464
-6.58568
-6.58699
-6.58925
-6.58564
-6.58493
-6.58128
-6.58116
-6.58065
-6.57784
-6.57695
-6.5761
-6.57661
-6.57465
-6.57801
-6.57698
-6.57577
-6.57467
-6.57815
-6.57902
-6.58176
-6.58306
-6.58516
-6.58546
-6.58655
-6.58621
-6.58675
-6.58659
-6.58678
-6.58605
-6.5851
-6.58784
-6.58843
-6.58685
-6.5889
-6.58838
-6.58659
-6.58704
-6.58812
-6.58722
-6.58658
-6.5875
-6.58705
-6.58233
-6.58241
-6.58118
-6.58157
-6.58072
-6.58093
-6.579
-6.57978
-6.57778
-6.57848
-6.57892
-6.5781
-6.57889
-6.57801
-6.57803
-6.57826
-6.57805
-6.57838
-6.57765
-6.57879
-6.58056
-6.58069
-6.58538
-6.58619
-6.5867
-6.58882
-6.58769
-6.58751
-6.58894
-6.58809
-6.58887
-6.5877
-6.58981
-6.59003
-6.58708
-6.58776
-6.58721
-6.58574
-6.58331
-6.58574
-6.58327
-6.5817
-6.58136
-6.58355
-6.58342
-6.58359
-6.5828
-6.58173
-6.58074
-6.58276
-6.58226
-6.58376
-6.58462
-6.58448
-6.58493
-6.58467
-6.58595
-6.58687
-6.5868
-6.58677
-6.58581
-6.5846
-6.58376
-6.58296
-6.58443
-6.58621
-6.58631
-6.58733
-6.58699
-6.58853
-6.58939
-6.58795
-6.58618
-6.58765
-6.58847
-6.58605
-6.58589
-6.5867
-6.58621
-6.58802
-6.58533
-6.58527
-6.58427
-6.58523
-6.58427
-6.58364
-6.58429
-6.58462
-6.58365
-6.58204
-6.58078
-6.58084
-6.57993
-6.57935
-6.57908
-6.5785
-6.57827
-6.58068
-6.58123
-6.5812
-6.58185
-6.58217
-6.58051
-6.58036
-6.58205
-6.58263
-6.58409
-6.58547
-6.58551
-6.58588
-6.5847
-6.58423
-6.5832
-6.58318
-6.58383
-6.58414
-6.58439
-6.58493
-6.58445
-6.58687
-6.58607
-6.58561
-6.5842
-6.58343
-6.58167
-6.58054
-6.57745
-6.57762
-6.57818
-6.58111
-6.57868
-6.5803
-6.57914
-6.58003
-6.58129
-6.5832
-6.58244
-6.5822
-6.58372
-6.58406
-6.58227
-6.58224
-6.58404
-6.58547
-6.58595
-6.58749
-6.58721
-6.58904
-6.59069
-6.59116
-6.58977
-6.59067
-6.5922
-6.59238
-6.59023
-6.5867
-6.58502
-6.58358
-6.58464
-6.58532
-6.58368
-6.58233
-6.58098
-6.58098
-6.58009
-6.58127
-6.58034
-6.58057
-6.58064
-6.58342
-6.58365
-6.58349
-6.58322
-6.58086
-6.58124
-6.5789
-6.5787
-6.5807
-6.58071
-6.57975
-6.57948
-6.57896
-6.58016
-6.57855
-6.5806
-6.57949
-6.57973
-6.57968
-6.58223
-6.58348
-6.58599
-6.58779
-6.58692
-6.58531
-6.58583
-6.58494
-6.58461
-6.58517
-6.5841
-6.5853
-6.58465
-6.58443
-6.58405
-6.5848
-6.58505
-6.58412
-6.58421
-6.58593
-6.5863
-6.5869
-6.5877
-6.58545
-6.58534
-6.58384
-6.58292
-6.58456
-6.58232
-6.58402
-6.58222
-6.58111
-6.58166
-6.58093
-6.58183
-6.58112
-6.58143
-6.58084
-6.58264
-6.58196
-6.58269
-6.58316
-6.58334
-6.58477
-6.58676
-6.58732
-6.58642
-6.58569
-6.58738
-6.58536
-6.58518
-6.58397
-6.58308
-6.58355
-6.58346
-6.58317
-6.58496
-6.58493
-6.5834
-6.58068
-6.58192
-6.58258
-6.58296
-6.58433
-6.58729
-6.58695
-6.58911
-6.58794
-6.58701
-6.58473
-6.58466
-6.58488
-6.58409
-6.58361
-6.58312
-6.58298
-6.58221
-6.58276
-6.58301
-6.58293
-6.58347
-6.58072
-6.58114
-6.58153
-6.57937
-6.57859
-6.57666
-6.58008
-6.57843
-6.58106
-6.57913
-6.5807
-6.57958
-6.58
-6.58067
-6.58
-6.57929
-6.58018
-6.58169
-6.5819
-6.58149
-6.58209
-6.5834
-6.58446
-6.58461
-6.58513
-6.58666
-6.58786
-6.58644
-6.58562
-6.58796
-6.58793
-6.58747
-6.58692
-6.58468
-6.585
-6.58597
-6.58858
-6.58863
-6.58742
-6.58496
-6.58545
-6.58471
-6.58306
-6.58213
-6.58096
-6.58117
-6.57918
-6.57818
-6.57974
-6.58285
-6.58298
-6.58305
-6.58306
-6.58209
-6.58109
-6.58205
-6.5814
-6.58177
-6.58188
-6.58139
-6.58384
-6.58237
-6.58277
-6.58374
-6.58429
-6.58543
-6.58424
-6.58398
-6.58434
-6.58402
-6.58499
-6.58435
-6.58147
-6.58027
-6.58047
-6.58081
-6.58064
-6.5803
-6.57974
-6.57957
-6.57745
-6.57657
-6.57817
-6.57802
-6.57969
-6.5793
-6.57917
-6.57931
-6.57945
-6.58284
-6.58334
-6.58388
-6.58413
-6.58472
-6.5847
-6.58667
-6.58739
-6.58654
-6.58445
-6.58431
-6.58576
-6.58585
-6.58521
-6.58512
-6.58527
-6.58213
-6.58285
-6.58487
-6.58301
-6.58247
-6.58258
-6.58273
-6.58389
-6.58221
-6.58129
-6.5808
-6.58076
-6.58144
-6.57887
-6.57849
-6.58119
-6.5824
-6.58246
-6.57987
-6.57923
-6.57936
-6.57935
-6.57823
-6.57917
-6.5792
-6.57985
-6.58042
-6.58217
-6.58189
-6.58381
-6.58409
-6.58503
-6.58664
-6.58602
-6.58768
-6.58709
-6.58488
-6.58489
-6.58518
-6.58476
-6.58524
-6.58794
-6.58804
-6.58589
-6.58477
-6.58469
-6.58467
-6.5821
-6.5831
-6.5831
-6.58438
-6.58533
-6.58531
-6.58529
-6.58593
-6.5869
-6.58658
-6.58689
-6.58655
-6.58523
-6.58523
-6.58591
-6.58663
-6.58545
-6.58463
-6.58317
-6.58493
-6.58601
-6.58542
-6.58509
-6.58635
-6.58369
-6.58168
-6.58226
-6.58286
-6.58282
-6.58245
-6.58272
-6.58296
-6.58285
-6.58305
-6.58132
-6.58222
-6.58156
-6.58068
-6.5815
-6.57883
-6.57911
-6.58068
-6.57993
-6.57844
-6.58006
-6.58092
-6.58332
-6.58501
-6.58575
-6.58524
-6.58579
-6.58677
-6.58427
-6.58248
-6.5833
-6.58185
-6.58067
-6.58168
-6.57937
-6.58052
-6.57837
-6.57875
-6.57846
-6.57981
-6.57961
-6.5808
-6.58147
-6.5816
-6.58117
-6.58175
-6.58072
-6.58031
-6.58244
-6.58224
-6.58524
-6.58269
-6.58335
-6.58368
-6.58239
-6.584
-6.58366
-6.58232
-6.58256
-6.58438
-6.5826
-6.58016
-6.57999
-6.57887
-6.57778
-6.57899
-6.58089
-6.57989
-6.58116
-6.58144
-6.5827
-6.5817
-6.58073
-6.58048
-6.58063
-6.58087
-6.58051
-6.57953
-6.58146
-6.58008
-6.58186
-6.58094
-6.5822
-6.58143
-6.58093
-6.58072
-6.58211
-6.58218
-6.58226
-6.58302
-6.58448
-6.58506
-6.58705
-6.58592
-6.58589
-6.58434
-6.58606
-6.58549
-6.5835
-6.58266
-6.58229
-6.58308
-6.58149
-6.58275
-6.58203
-6.58258
-6.58248
-6.58078
-6.58137
-6.58104
-6.58144
-6.58067
-6.58037
-6.57926
-6.57991
-6.58196
-6.58211
-6.58358
-6.58469
-6.58349
-6.58254
-6.58214
-6.58358
-6.58072
-6.58101
-6.58251
-6.58005
-6.58079
-6.58115
-6.58017
-6.58015
-6.5811
-6.5808
-6.57927
-6.57817
-6.57849
-6.58022
-6.58139
-6.58329
-6.58457
-6.58456
-6.58549
-6.58214
-6.5813
-6.58361
-6.58486
-6.5857
-6.58451
-6.5836
-6.58203
-6.57949
-6.58024
1.76816
1.76816
1.76816
1.76816
1.76816
1.76816
1.76816
1.76816
1.76816
1.76816
1.76816
1.76815
1.76815
1.76815
1.76815
1.76813
1.76812
1.76809
1.76807
1.76804
1.76802
1.768
1.76796
1.76793
1.7679
1.76788
1.76786
1.76785
1.76782
1.76779
1.76776
1.76774
1.76772
1.7677
1.76768
1.76765
1.76762
1.7676
1.76758
1.76757
1.76756
1.76755
1.76753
1.76752
1.76751
1.7675
1.76748
1.76747
1.76745
1.76744
1.76744
1.76742
1.76741
1.7674
1.7674
1.76738
1.76737
1.76736
1.76735
1.76734
1.76733
1.76734
1.76733
1.76732
1.76731
1.76729
1.76728
1.76727
1.76726
1.76725
1.76724
1.76724
1.76723
1.76722
1.76721
1.76719
1.76719
1.76717
1.76716
1.76716
1.76715
1.76714
1.76714
1.76712
1.76711
1.7671
1.76709
1.76709
1.76709
1.76707
1.76706
1.76704
1.76703
1.76702
1.767
1.76699
1.76699
1.76698
1.76698
1.76698
1.76698
1.76698
1.76698
1.76698
1.76699
1.76701
1.76703
1.76704
1.76707
1.7671
1.76713
1.76715
1.76718
1.76722
1.76726
1.7673
1.76737
1.76746
1.76757
1.76768
1.76776
1.76778
1.76775
1.7676
1.76738
1.76709
1.7668
1.76656
1.76641
1.76636
1.7664
1.76652
1.76668
1.76683
1.76694
1.76701
1.76708
1.76716
1.76728
1.76743
1.76758
1.7677
1.76775
1.76772
1.76761
1.76745
1.76726
1.76706
1.76687
1.7667
1.76657
1.76647
1.76641
1.76639
1.7664
1.76644
1.76651
1.76661
1.76672
1.76685
1.76699
1.76712
1.76725
1.76737
1.76747
1.76755
1.76759
1.76762
1.76763
1.7676
1.76757
1.76753
1.76748
1.7674
1.76729
1.76715
1.767
1.76686
1.76677
1.76674
1.76675
1.76683
1.76694
1.76704
1.76714
1.76724
1.76731
1.76735
1.76737
1.76736
1.76734
1.76729
1.76722
1.76714
1.76707
1.767
1.76695
1.76692
1.76691
1.76692
1.76694
1.76697
1.767
1.76705
1.7671
1.76714
1.76719
1.76723
1.76727
1.76731
1.76736
1.76741
1.76748
1.76754
1.76759
1.76762
1.76761
1.76755
1.76744
1.7673
1.76716
1.76703
1.76694
1.76691
1.76694
1.76701
1.76713
1.76726
1.76736
1.7674
1.76735
1.7672
1.76699
1.76679
1.76666
1.76663
1.76668
1.76681
1.76697
1.76714
1.76729
1.7674
1.76745
1.76741
1.76731
1.76717
1.76701
1.7669
1.76688
1.76693
1.76705
1.76721
1.76737
1.76747
1.76751
1.76749
1.76741
1.76728
1.76715
1.76705
1.76697
1.76691
1.76689
1.76688
1.7669
1.76693
1.76698
1.76702
1.76706
1.7671
1.76712
1.76714
1.76715
1.76715
1.76716
1.76718
1.76722
1.76727
1.76734
1.76743
1.76752
1.76759
1.76764
1.76764
1.76759
1.76748
1.76733
1.76717
1.767
1.76688
1.7668
1.76676
1.76676
1.76679
1.76684
1.76689
1.76694
1.76698
1.767
1.76703
1.76705
1.76706
1.76707
1.76707
1.76707
1.76708
1.76708
1.76709
1.76712
1.76716
1.76721
1.76729
1.76737
1.76748
1.76759
1.7677
1.76776
1.76775
1.76768
1.76752
1.76734
1.76714
1.76694
1.76675
1.76661
1.76654
1.76654
1.76664
1.7668
1.76702
1.76728
1.76753
1.76779
1.76802
1.7682
1.76833
1.76839
1.76834
1.7682
1.76795
1.76762
1.76723
1.76686
1.76654
1.76633
1.76625
1.76626
1.76634
1.76646
1.76658
1.76672
1.76685
1.76698
1.76709
1.76718
1.76727
1.76733
1.76738
1.76741
1.76743
1.76744
1.76742
1.76739
1.76735
1.76729
1.76725
1.7672
1.76716
1.76714
1.76712
1.76711
1.7671
1.76711
1.76712
1.76714
1.76714
1.76714
1.76713
1.76714
1.76714
1.76714
1.76714
1.76716
1.76717
1.76719
1.76722
1.76727
1.76733
1.76741
1.76753
1.76768
1.7679
1.76814
1.76841
1.7686
1.76861
1.76831
1.76773
1.76701
1.76645
1.76618
1.76621
1.76643
1.76671
1.76698
1.76721
1.76742
1.76756
1.76765
1.76766
1.76759
1.76743
1.76721
1.76701
1.76684
1.76673
1.76671
1.76674
1.76682
1.76693
1.76704
1.76714
1.76723
1.76733
1.76742
1.76752
1.76764
1.76778
1.76795
1.76812
1.76828
1.76837
1.76829
1.76799
1.76749
1.7669
1.7664
1.76611
1.76606
1.76619
1.76643
1.7667
1.76694
1.76716
1.76733
1.76749
1.76759
1.76765
1.76766
1.76762
1.76751
1.76736
1.76719
1.76705
1.76695
1.76691
1.76691
1.76695
1.76701
1.76707
1.76713
1.7672
1.76726
1.76732
1.7674
1.76746
1.76754
1.76763
1.76773
1.76783
1.76789
1.76793
1.76794
1.76786
1.76774
1.76758
1.7674
1.76726
1.76719
1.76718
1.76722
1.76728
1.76734
1.76737
1.76737
1.76735
1.7673
1.76723
1.76719
1.76714
1.76709
1.76704
1.76696
1.76688
1.76679
1.76673
1.7667
1.76672
1.76679
1.76689
1.767
1.76713
1.76725
1.76736
1.76745
1.76754
1.7676
1.76763
1.76764
1.7676
1.76752
1.76741
1.76731
1.76721
1.76713
1.76708
1.76706
1.76706
1.76709
1.76713
1.76717
1.7672
1.76724
1.76727
1.76729
1.7673
1.76731
1.7673
1.76731
1.76731
1.76731
1.76732
1.76732
1.76732
1.7673
1.76729
1.76727
1.76723
1.76719
1.76715
1.76711
1.76708
1.76707
1.76707
1.76709
1.76711
1.76713
1.76714
1.76714
1.76712
1.76711
1.76711
1.76713
1.76716
1.76721
1.76728
1.76735
1.76742
1.76748
1.76751
1.7675
1.76745
1.76737
1.76728
1.76719
1.76712
1.76708
1.76705
1.76704
1.767
1.76696
1.76693
1.76688
1.76684
1.76681
1.7668
1.76682
1.76686
1.7669
1.76696
1.76701
1.76705
1.76708
1.76709
1.7671
1.7671
1.76711
1.76712
1.76713
1.76716
1.7672
1.76724
1.7673
1.76736
1.76747
1.76761
1.7678
1.76803
1.76828
1.76842
1.76827
1.76774
1.76692
1.76616
1.76575
1.76574
1.766
1.76636
1.76672
1.76702
1.76726
1.76742
1.7675
1.76751
1.76746
1.76738
1.76732
1.76728
1.76728
1.76729
1.76729
1.76722
1.76709
1.76691
1.76674
1.76662
1.76656
1.76656
1.7666
1.76666
1.76674
1.76681
1.76687
1.76692
1.76696
1.76699
1.76702
1.76704
1.76705
1.76705
1.76707
1.76707
1.76709
1.7671
1.76711
1.76713
1.76715
1.76717
1.76718
1.76719
1.76721
1.76722
1.76722
1.76724
1.76724
1.76726
1.76726
1.76728
1.76733
1.76739
1.76746
1.76756
1.76767
1.76781
1.76794
1.76803
1.76803
1.76784
1.76743
1.76687
1.7663
1.76589
1.76573
1.7658
1.766
1.76626
1.76651
1.76674
1.76693
1.76709
1.76722
1.76733
1.76742
1.76749
1.76755
1.76759
1.76764
1.76765
1.76763
1.76757
1.7675
1.76742
1.76735
1.76732
1.76733
1.76738
1.76741
1.76737
1.76721
1.76696
1.76667
1.7664
1.76627
1.76626
1.76635
1.7665
1.76666
1.76681
1.76694
1.76706
1.76717
1.76726
1.76735
1.76744
1.76753
1.76762
1.76771
1.76781
1.76789
1.76794
1.76795
1.76787
1.76773
1.76753
1.76729
1.76706
1.76688
1.76676
1.76669
1.76666
1.76666
1.76669
1.76673
1.7668
1.76691
1.76704
1.76723
1.76747
1.76773
1.76796
1.76806
1.76793
1.76753
1.76699
1.76647
1.76617
1.76612
1.76627
1.76646
1.76668
1.76685
1.76697
1.76706
1.76711
1.76714
1.76717
1.76718
1.76719
1.7672
1.76721
1.76721
1.76721
1.7672
1.76717
1.76715
1.76712
1.76709
1.76707
1.76706
1.76709
1.76716
1.76728
1.7675
1.76781
1.76817
1.76848
1.76853
1.76812
1.76727
1.76633
1.76576
1.7657
1.76599
1.76643
1.76687
1.76726
1.76762
1.768
1.76844
1.76893
1.76933
1.76933
1.76862
1.76728
1.76596
1.76528
1.7653
1.76568
1.76611
1.76645
1.76668
1.76681
1.76687
1.76689
1.76689
1.76689
1.76688
1.76688
1.76691
1.76696
1.76705
1.76715
1.76729
1.76744
1.7676
1.76775
1.76787
1.76794
1.76792
1.76782
1.76762
1.76738
1.76714
1.76693
1.7668
1.76675
1.76678
1.7669
1.76711
1.7674
1.76773
1.76809
1.76835
1.7684
1.7681
1.76747
1.76676
1.76626
1.7661
1.76623
1.76648
1.76674
1.76695
1.7671
1.7672
1.76724
1.76727
1.76729
1.76732
1.76736
1.76744
1.76752
1.76758
1.76762
1.76761
1.76755
1.76747
1.76738
1.76734
1.76734
1.76739
1.76744
1.76745
1.7674
1.76729
1.76715
1.76702
1.76694
1.76695
1.76703
1.76715
1.76728
1.76739
1.76746
1.76751
1.76749
1.76746
1.76737
1.7673
1.76725
1.76722
1.76724
1.7673
1.76739
1.76751
1.76763
1.76773
1.76778
1.76777
1.76767
1.76752
1.76733
1.76712
1.76694
1.76683
1.76682
1.76689
1.76702
1.76719
1.76736
1.76748
1.76756
1.76758
1.76755
1.76748
1.76738
1.76726
1.76713
1.76704
1.76696
1.76693
1.76693
1.76697
1.76702
1.76707
1.76712
1.76715
1.76718
1.76719
1.76719
1.7672
1.76719
1.76718
1.76718
1.76719
1.7672
1.7672
1.76719
1.76721
1.76721
1.76721
1.76723
1.76723
1.76724
1.76725
1.76726
1.76728
1.7673
1.76731
1.76734
1.76737
1.7674
1.76742
1.76742
1.76741
1.76738
1.76733
1.76726
1.76719
1.76713
1.76708
1.76706
1.76706
1.76707
1.76709
1.76712
1.76714
1.76715
1.76715
1.76713
1.76711
1.76707
1.76705
1.76702
1.76702
1.76701
1.76702
1.76703
1.76706
1.7671
1.76715
1.7672
1.76726
1.76732
1.76738
1.76743
1.76748
1.76751
1.76753
1.76753
1.76748
1.76738
1.76721
1.76701
1.7668
1.76664
1.76656
1.76655
1.76663
1.76679
1.76702
1.76732
1.76769
1.76811
1.76853
1.76884
1.76886
1.76849
1.76781
1.76712
-4.71443
-4.71407
-4.71368
-4.71293
-4.71074
-4.70787
-4.70457
-4.70102
-4.69781
-4.69453
-4.69079
-4.68944
-4.68818
-4.68719
-4.6881
-4.68912
-4.69167
-4.69435
-4.69599
-4.69805
-4.6995
-4.7
-4.70095
-4.70093
-4.70061
-4.70127
-4.70174
-4.70175
-4.70297
-4.7036
-4.70303
-4.70353
-4.70266
-4.70343
-4.70279
-4.70256
-4.70185
-4.70158
-4.70087
-4.70108
-4.70098
-4.70086
-4.70131
-4.70127
-4.70074
-4.70034
-4.70022
-4.6995
-4.69986
-4.69937
-4.69955
-4.69922
-4.69916
-4.69922
-4.70002
-4.70109
-4.70192
-4.70287
-4.70413
-4.70383
-4.70271
-4.70201
-4.7021
-4.70199
-4.70159
-4.70111
-4.7012
-4.70065
-4.70142
-4.70105
-4.70118
-4.70084
-4.7014
-4.70181
-4.70147
-4.70216
-4.70236
-4.70266
-4.70259
-4.70311
-4.70272
-4.70267
-4.70297
-4.70334
-4.70348
-4.70336
-4.70297
-4.705
-4.70384
-4.70414
-4.7047
-4.70475
-4.70565
-4.70545
-4.70522
-4.70543
-4.70641
-4.70635
-4.7066
-4.70578
-4.70645
-4.70497
-4.70525
-4.70522
-4.70383
-4.70293
-4.70346
-4.70347
-4.70383
-4.70318
-4.70403
-4.70426
-4.7055
-4.70535
-4.70518
-4.70453
-4.70495
-4.70417
-4.70447
-4.70388
-4.70497
-4.70453
-4.70513
-4.70525
-4.70562
-4.70552
-4.70511
-4.70517
-4.70468
-4.70411
-4.70424
-4.70372
-4.70387
-4.70437
-4.70425
-4.70406
-4.7039
-4.7042
-4.70347
-4.70326
-4.7027
-4.7026
-4.70191
-4.702
-4.70167
-4.70241
-4.70211
-4.70093
-4.7013
-4.70232
-4.70217
-4.70267
-4.70153
-4.70267
-4.70231
-4.70168
-4.70245
-4.70297
-4.70231
-4.70267
-4.7025
-4.70255
-4.70207
-4.70262
-4.70315
-4.70322
-4.70358
-4.7036
-4.70388
-4.70338
-4.70377
-4.70341
-4.70262
-4.70174
-4.70121
-4.70089
-4.70063
-4.70058
-4.70149
-4.70109
-4.70101
-4.70109
-4.70056
-4.70046
-4.70081
-4.701
-4.7009
-4.70032
-4.70031
-4.70024
-4.70098
-4.70088
-4.7001
-4.70002
-4.70037
-4.69877
-4.6987
-4.69866
-4.69894
-4.69786
-4.69769
-4.69888
-4.69932
-4.69872
-4.69833
-4.69769
-4.69727
-4.69721
-4.69797
-4.69861
-4.69853
-4.69906
-4.69958
-4.69963
-4.69948
-4.69944
-4.69949
-4.69887
-4.69939
-4.69956
-4.70044
-4.70025
-4.70038
-4.70098
-4.70088
-4.70023
-4.70038
-4.70074
-4.70054
-4.70037
-4.70129
-4.70085
-4.70116
-4.70219
-4.70273
-4.70294
-4.70295
-4.70187
-4.7017
-4.70144
-4.70161
-4.70271
-4.70393
-4.70375
-4.70383
-4.70334
-4.7041
-4.70346
-4.70258
-4.70214
-4.70205
-4.70161
-4.70159
-4.70079
-4.6998
-4.70015
-4.70077
-4.70088
-4.7006
-4.70048
-4.70075
-4.70047
-4.70037
-4.69943
-4.69977
-4.70009
-4.70069
-4.70087
-4.70107
-4.70205
-4.70125
-4.70151
-4.70192
-4.70141
-4.70133
-4.70126
-4.70091
-4.70001
-4.70023
-4.69992
-4.69967
-4.70007
-4.70108
-4.70133
-4.70185
-4.70146
-4.70182
-4.70232
-4.70296
-4.70265
-4.70288
-4.70331
-4.70293
-4.7025
-4.70238
-4.70271
-4.70213
-4.70153
-4.70271
-4.70265
-4.70137
-4.701
-4.69987
-4.69845
-4.69841
-4.69842
-4.69804
-4.69805
-4.69921
-4.6994
-4.70055
-4.70203
-4.70215
-4.70254
-4.70289
-4.70273
-4.70254
-4.70321
-4.70355
-4.70297
-4.70266
-4.70336
-4.70338
-4.70362
-4.70333
-4.70304
-4.70233
-4.70201
-4.70208
-4.70207
-4.70207
-4.70251
-4.70277
-4.70244
-4.70275
-4.70222
-4.7028
-4.70252
-4.70254
-4.70361
-4.70298
-4.70306
-4.70449
-4.70546
-4.70538
-4.70456
-4.70451
-4.70416
-4.70363
-4.70351
-4.70348
-4.70339
-4.70323
-4.70243
-4.70283
-4.7031
-4.70265
-4.70269
-4.70276
-4.70285
-4.70248
-4.7018
-4.70081
-4.70088
-4.70127
-4.70169
-4.702
-4.70206
-4.70294
-4.70236
-4.70226
-4.70262
-4.70191
-4.70236
-4.70215
-4.70205
-4.70131
-4.70115
-4.70098
-4.7011
-4.70088
-4.70048
-4.70062
-4.70044
-4.6998
-4.69874
-4.69864
-4.69831
-4.69863
-4.6996
-4.69863
-4.69798
-4.69765
-4.69764
-4.69792
-4.69818
-4.69915
-4.70007
-4.70032
-4.70021
-4.69975
-4.69973
-4.70001
-4.70017
-4.69975
-4.69997
-4.70008
-4.70026
-4.69963
-4.69941
-4.70005
-4.69997
-4.70121
-4.70172
-4.7013
-4.70101
-4.70089
-4.70099
-4.69956
-4.69894
-4.6993
-4.69827
-4.69795
-4.69802
-4.69755
-4.6983
-4.69784
-4.69876
-4.6991
-4.70024
-4.7002
-4.69986
-4.69965
-4.69984
-4.70026
-4.69986
-4.69925
-4.6995
-4.70048
-4.70006
-4.6993
-4.69894
-4.69897
-4.69897
-4.6979
-4.69685
-4.69736
-4.69733
-4.69783
-4.69765
-4.69739
-4.69824
-4.69837
-4.69942
-4.6991
-4.69937
-4.69915
-4.69953
-4.7005
-4.70042
-4.70084
-4.7001
-4.70002
-4.70011
-4.70021
-4.70102
-4.70148
-4.70125
-4.70034
-4.70055
-4.70086
-4.7008
-4.7004
-4.70117
-4.70055
-4.7005
-4.69952
-4.6987
-4.69821
-4.69869
-4.6985
-4.69814
-4.69791
-4.69813
-4.69908
-4.69997
-4.70046
-4.70095
-4.70108
-4.70114
-4.70016
-4.69981
-4.69978
-4.69873
-4.69835
-4.69777
-4.69839
-4.69828
-4.69747
-4.69672
-4.6965
-4.69635
-4.69639
-4.69722
-4.69685
-4.69707
-4.69713
-4.69733
-4.6981
-4.69931
-4.69975
-4.70048
-4.70077
-4.70091
-4.70078
-4.70022
-4.70106
-4.70162
-4.7028
-4.70291
-4.70269
-4.70255
-4.70325
-4.70342
-4.70414
-4.70453
-4.70478
-4.70537
-4.70556
-4.70552
-4.70646
-4.70581
-4.70564
-4.70575
-4.70551
-4.70566
-4.70502
-4.70484
-4.70486
-4.7048
-4.7042
-4.70454
-4.70385
-4.70436
-4.70425
-4.70363
-4.70355
-4.70367
-4.70357
-4.7043
-4.70424
-4.70372
-4.70335
-4.70225
-4.70221
-4.70083
-4.70081
-4.7005
-4.7005
-4.70021
-4.69995
-4.70048
-4.70045
-4.7
-4.69975
-4.70074
-4.70012
-4.69955
-4.70039
-4.70173
-4.70128
-4.70172
-4.70165
-4.70224
-4.7032
-4.70347
-4.70399
-4.70417
-4.70326
-4.70336
-4.70342
-4.70313
-4.70269
-4.70243
-4.70197
-4.70164
-4.70312
-4.70337
-4.70418
-4.70486
-4.70494
-4.70528
-4.70556
-4.70562
-4.70561
-4.70536
-4.70519
-4.70419
-4.70448
-4.70383
-4.70331
-4.7034
-4.70292
-4.70264
-4.70318
-4.70425
-4.70461
-4.70411
-4.70439
-4.70437
-4.70402
-4.70469
-4.70453
-4.70446
-4.70296
-4.70367
-4.70359
-4.70335
-4.70358
-4.70323
-4.70354
-4.70377
-4.7041
-4.70346
-4.70411
-4.70371
-4.70343
-4.70367
-4.70353
-4.70382
-4.70355
-4.70368
-4.70494
-4.70425
-4.70407
-4.7042
-4.70448
-4.7045
-4.70416
-4.70368
-4.7037
-4.70337
-4.70393
-4.70467
-4.70527
-4.70566
-4.70634
-4.70584
-4.70548
-4.70543
-4.70472
-4.70418
-4.70384
-4.7046
-4.70504
-4.70469
-4.70517
-4.70513
-4.70506
-4.70531
-4.70576
-4.70521
-4.70474
-4.70492
-4.70529
-4.70477
-4.70426
-4.70315
-4.70249
-4.702
-4.70182
-4.70238
-4.70233
-4.70269
-4.70256
-4.70299
-4.70382
-4.70313
-4.70348
-4.70416
-4.70412
-4.70396
-4.70339
-4.70329
-4.70409
-4.70368
-4.7028
-4.70267
-4.70223
-4.70195
-4.70183
-4.70232
-4.70267
-4.70227
-4.70185
-4.70262
-4.70231
-4.70318
-4.70251
-4.70273
-4.70247
-4.70234
-4.70356
-4.70343
-4.70302
-4.70371
-4.70294
-4.70341
-4.70361
-4.70486
-4.70581
-4.70586
-4.70668
-4.70586
-4.70491
-4.70427
-4.70423
-4.70361
-4.70345
-4.70393
-4.70458
-4.70464
-4.70561
-4.70579
-4.70638
-4.70676
-4.7066
-4.7065
-4.70647
-4.70487
-4.70536
-4.7054
-4.7044
-4.70314
-4.70329
-4.70304
-4.70298
-4.70313
-4.70287
-4.70311
-4.70308
-4.70382
-4.70304
-4.70298
-4.70392
-4.70373
-4.70345
-4.70309
-4.70297
-4.70251
-4.70129
-4.70221
-4.70228
-4.70185
-4.70246
-4.70215
-4.70135
-4.702
-4.70177
-4.70183
-4.70289
-4.70299
-4.70272
-4.703
-4.70263
-4.70253
-4.70239
-4.70325
-4.70301
-4.70256
-4.70283
-4.70231
-4.70241
-4.70223
-4.70163
-4.70169
-4.70194
-4.7016
-4.70157
-4.70108
-4.70177
-4.70093
-4.70099
-4.70121
-4.70099
-4.70142
-4.70055
-4.69973
-4.69956
-4.69973
-4.70019
-4.70033
-4.70055
-4.701
-4.70076
-4.70001
-4.69941
-4.6984
-4.69826
-4.69809
-4.69834
-4.69927
-4.69976
-4.70022
-4.70154
-4.70129
-4.70219
-4.70214
-4.70248
-4.70142
-4.70032
-4.70085
-4.7012
-4.70153
-4.70125
-4.70142
-4.70114
-4.70162
-4.7015
-4.70184
-4.70234
-4.70178
-4.70284
-4.70189
-4.70119
-4.70149
-4.70101
-4.70038
-4.69951
-4.70038
-4.70093
-4.70131
-4.70108
-4.70172
-4.70152
-4.7021
-4.70264
-4.70327
-4.7041
-4.70483
-4.70514
-4.70521
-4.70551
-4.70529
-4.70534
-4.70555
-4.70551
-4.70433
-4.70477
-4.7041
-4.70379
-4.70485
-4.70405
-4.70379
-4.70347
-4.70328
-4.70327
-4.7027
-4.70325
-4.70458
-4.70451
-4.70422
-4.70461
-4.70512
-4.70533
-4.70471
-4.7045
-4.70395
-4.7041
-4.70443
-4.7041
-4.70488
-4.70524
-4.70519
-4.70462
-4.70414
-4.70349
-4.70328
-4.70367
-4.703
-4.70235
-4.70218
-4.70222
-4.70231
-4.70248
-4.70333
-4.70409
-4.70412
-4.70428
-4.70274
-4.70277
-4.70318
-4.70319
-4.70328
-4.70314
-4.70323
-4.70343
-4.70302
-4.7025
-4.70304
-4.70336
-4.70396
-4.70479
-4.70542
-4.70525
-4.70569
-4.70535
-4.70502
-4.70564
-4.70483
-4.7049
-4.70539
-4.70481
-4.70453
-4.70472
-4.70463
-4.70488
-4.7053
-4.7056
-4.705
-4.70485
-4.70453
-4.7039
-4.70403
-4.70359
-4.70409
-4.70416
-4.70483
-4.70515
-4.7054
-4.7056
-4.70503
-4.70557
-4.70622
-4.70589
-4.70576
-4.70606
-4.70661
-4.70684
-4.70678
-4.70724
-4.70713
-4.70787
-4.70769
-4.70717
-4.7063
-4.70486
-4.70475
-4.70487
-4.70482
-4.70406
-4.70468
-4.70422
-4.7038
-4.70354
-4.70374
-4.70425
-4.70448
-4.70532
-4.70537
-4.70596
-4.7053
-4.70476
-4.70406
-4.70442
-4.70418
-4.70393
-4.70427
-4.70412
-4.70378
-4.70323
-4.70277
-4.70211
-4.70216
-4.7022
-4.70134
-4.70188
-4.70174
-4.70066
-4.70136
-4.70206
-4.70244
-4.70289
-4.70335
-4.70268
-4.70384
-4.70288
-4.70268
-4.7019
-4.70164
-4.70134
-4.70133
-4.70165
-4.70155
-4.70149
-4.70163
-4.70106
-4.70086
-4.70011
-4.70003
-6.64826
-6.64148
-6.62354
-6.60807
-6.59521
-6.58574
-6.57949
-6.57464
-6.57415
-6.57341
-6.57387
-6.57456
-6.57646
-6.57798
-6.57827
-6.58019
-6.58085
-6.57971
-6.57918
-6.57873
-6.57784
-6.57792
-6.57743
-6.57708
-6.57724
-6.57989
-6.57823
-6.57775
-6.5781
-6.57824
-6.57972
-6.57857
-6.57929
-6.58021
-6.57874
-6.57941
-6.57965
-6.58078
-6.58217
-6.58286
-6.58224
-6.58387
-6.58226
-6.58259
-6.58327
-6.58105
-6.57789
-6.57703
-6.57654
-6.57742
-6.57743
-6.58111
-6.58362
-6.58365
-6.58342
-6.58191
-6.58102
-6.58262
-6.58442
-6.58575
-6.58498
-6.58346
-6.58416
-6.58423
-6.58339
-6.58394
-6.58232
-6.58498
-6.58674
-6.58563
-6.58585
-6.58478
-6.58465
-6.58542
-6.58608
-6.5863
-6.5874
-6.58745
-6.5868
-6.58614
-6.58647
-6.58458
-6.58437
-6.58554
-6.58682
-6.5856
-6.58606
-6.58429
-6.58285
-6.58396
-6.58504
-6.58413
-6.58512
-6.58414
-6.58411
-6.58211
-6.58138
-6.58226
-6.58151
-6.58044
-6.58004
-6.57808
-6.57877
-6.57987
-6.57946
-6.57851
-6.57925
-6.57875
-6.57987
-6.58126
-6.58257
-6.58505
-6.58515
-6.58674
-6.58951
-6.58731
-6.58858
-6.58716
-6.58825
-6.58734
-6.58736
-6.58576
-6.58551
-6.58244
-6.58147
-6.57875
-6.57948
-6.58106
-6.58019
-6.57875
-6.58086
-6.58096
-6.58194
-6.58153
-6.58072
-6.58019
-6.58193
-6.58499
-6.58582
-6.58279
-6.58237
-6.58192
-6.58142
-6.5815
-6.58245
-6.58428
-6.58472
-6.58313
-6.58278
-6.58175
-6.5807
-6.58098
-6.58131
-6.58011
-6.58063
-6.58225
-6.58269
-6.58422
-6.5852
-6.58623
-6.58467
-6.58402
-6.58423
-6.58266
-6.5819
-6.5826
-6.58153
-6.58006
-6.57889
-6.57873
-6.57804
-6.57752
-6.5785
-6.58069
-6.5805
-6.5821
-6.58087
-6.57998
-6.58027
-6.582
-6.5822
-6.58346
-6.58226
-6.58416
-6.58565
-6.58648
-6.58638
-6.58408
-6.58447
-6.58172
-6.58328
-6.58296
-6.58268
-6.58372
-6.58377
-6.58348
-6.58185
-6.57988
-6.58018
-6.57923
-6.57836
-6.57758
-6.57723
-6.57824
-6.58023
-6.58221
-6.58574
-6.58593
-6.58698
-6.59018
-6.5926
-6.59006
-6.58905
-6.58961
-6.58985
-6.58882
-6.58754
-6.58341
-6.58258
-6.58052
-6.57914
-6.57718
-6.57885
-6.57964
-6.57859
-6.5809
-6.58039
-6.58154
-6.582
-6.58431
-6.5855
-6.58361
-6.58382
-6.58488
-6.58523
-6.58621
-6.58754
-6.58601
-6.58876
-6.58801
-6.58794
-6.5866
-6.58589
-6.58453
-6.5828
-6.58137
-6.58026
-6.58014
-6.58136
-6.58232
-6.58304
-6.58127
-6.58187
-6.58225
-6.58398
-6.58247
-6.58251
-6.58116
-6.58356
-6.58195
-6.58315
-6.58167
-6.58077
-6.58146
-6.58149
-6.5822
-6.58425
-6.5867
-6.58663
-6.58566
-6.58572
-6.58615
-6.58659
-6.58831
-6.59002
-6.58972
-6.58969
-6.59088
-6.59004
-6.58848
-6.58625
-6.58304
-6.58215
-6.58068
-6.57834
-6.57835
-6.57783
-6.57709
-6.57809
-6.57758
-6.57781
-6.58164
-6.58349
-6.58522
-6.58482
-6.58386
-6.58301
-6.58524
-6.58579
-6.58571
-6.58441
-6.58611
-6.58659
-6.58679
-6.58636
-6.58496
-6.5858
-6.58665
-6.58915
-6.58782
-6.58818
-6.58798
-6.58654
-6.58481
-6.58274
-6.5832
-6.58231
-6.58006
-6.58003
-6.58061
-6.58086
-6.58371
-6.58399
-6.58429
-6.58818
-6.58657
-6.58624
-6.58557
-6.58489
-6.58224
-6.58185
-6.58306
-6.58298
-6.58288
-6.58247
-6.58142
-6.58267
-6.58237
-6.58152
-6.5837
-6.58308
-6.58419
-6.58534
-6.58676
-6.58417
-6.58432
-6.58329
-6.58339
-6.58369
-6.58392
-6.58284
-6.58147
-6.58113
-6.58091
-6.58306
-6.58208
-6.58217
-6.58327
-6.58472
-6.58389
-6.58464
-6.58568
-6.58699
-6.58925
-6.58564
-6.58493
-6.58128
-6.58116
-6.58065
-6.57784
-6.57695
-6.5761
-6.57661
-6.57465
-6.57801
-6.57698
-6.57577
-6.57467
-6.57815
-6.57902
-6.58176
-6.58306
-6.58516
-6.58546
-6.58655
-6.58621
-6.58675
-6.58659
-6.58678
-6.58605
-6.5851
-6.58784
-6.58843
-6.58685
-6.5889
-6.58838
-6.58659
-6.58704
-6.58812
-6.58722
-6.58658
-6.5875
-6.58705
-6.58233
-6.58241
-6.58118
-6.58157
-6.58072
-6.58093
-6.579
-6.57978
-6.57778
-6.57848
-6.57892
-6.5781
-6.57889
-6.57801
-6.57803
-6.57826
-6.57805
-6.57838
-6.57765
-6.57879
-6.58056
-6.58069
-6.58538
-6.58619
-6.5867
-6.58882
-6.58769
-6.58751
-6.58894
-6.58809
-6.58887
-6.5877
-6.58981
-6.59003
-6.58708
-6.58776
-6.58721
-6.58574
-6.58331
-6.58574
-6.58327
-6.5817
-6.58136
-6.58355
-6.58342
-6.58359
-6.5828
-6.58173
-6.58074
-6.58276
-6.58226
-6.58376
-6.58462
-6.58448
-6.58493
-6.58467
-6.58595
-6.58687
-6.5868
-6.58677
-6.58581
-6.5846
-6.58376
-6.58296
-6.58443
-6.58621
-6.58631
-6.58733
-6.58699
-6.58853
-6.58939
-6.58795
-6.58618
-6.58765
-6.58847
-6.58605
-6.58589
-6.5867
-6.58621
-6.58802
-6.58533
-6.58527
-6.58427
-6.58523
-6.58427
-6.58364
-6.58429
-6.58462
-6.58365
-6.58204
-6.58078
-6.58084
-6.57993
-6.57935
-6.57908
-6.5785
-6.57827
-6.58068
-6.58123
-6.5812
-6.58185
-6.58217
-6.58051
-6.58036
-6.58205
-6.58263
-6.58409
-6.58547
-6.58551
-6.58588
-6.5847
-6.58423
-6.5832
-6.58318
-6.58383
-6.58414
-6.58439
-6.58493
-6.58445
-6.58687
-6.58607
-6.58561
-6.5842
-6.58343
-6.58167
-6.58054
-6.57745
-6.57762
-6.57818
-6.58111
-6.57868
-6.5803
-6.57914
-6.58003
-6.58129
-6.5832
-6.58244
-6.5822
-6.58372
-6.58406
-6.58227
-6.58224
-6.58404
-6.58547
-6.58595
-6.58749
-6.58721
-6.58904
-6.59069
-6.59116
-6.58977
-6.59067
-6.5922
-6.59238
-6.59023
-6.5867
-6.58502
-6.58358
-6.58464
-6.58532
-6.58368
-6.58233
-6.58098
-6.58098
-6.58009
-6.58127
-6.58034
-6.58057
-6.58064
-6.58342
-6.58365
-6.58349
-6.58322
-6.58086
-6.58124
-6.5789
-6.5787
-6.5807
-6.58071
-6.57975
-6.57948
-6.57896
-6.58016
-6.57855
-6.5806
-6.57949
-6.57973
-6.57968
-6.58223
-6.58348
-6.58599
-6.58779
-6.58692
-6.58531
-6.58583
-6.58494
-6.58461
-6.58517
-6.5841
-6.5853
-6.58465
-6.58443
-6.58405
-6.5848
-6.58505
-6.58412
-6.58421
-6.58593
-6.5863
-6.5869
-6.5877
-6.58545
-6.58534
-6.58384
-6.58292
-6.58456
-6.58232
-6.58402
-6.58222
-6.58111
-6.58166
-6.58093
-6.58183
-6.58112
-6.58143
-6.58084
-6.58264
-6.58196
-6.58269
-6.58316
-6.58334
-6.58477
-6.58676
-6.58732
-6.58642
-6.58569
-6.58738
-6.58536
-6.58518
-6.58397
-6.58308
-6.58355
-6.58346
-6.58317
-6.58496
-6.58493
-6.5834
-6.58068
-6.58192
-6.58258
-6.58296
-6.58433
-6.58729
-6.58695
-6.58911
-6.58794
-6.58701
-6.58473
-6.58466
-6.58488
-6.58409
-6.58361
-6.58312
-6.58298
-6.58221
-6.58276
-6.58301
-6.58293
-6.58347
-6.58072
-6.58114
-6.58153
-6.57937
-6.57859
-6.57666
-6.58008
-6.57843
-6.58106
-6.57913
-6.5807
-6.57958
-6.58
-6.58067
-6.58
-6.57929
-6.58018
-6.58169
-6.5819
-6.58149
-6.58209
-6.5834
-6.58446
-6.58461
-6.58513
-6.58666
-6.58786
-6.58644
-6.58562
-6.58796
-6.58793
-6.58747
-6.58692
-6.58468
-6.585
-6.58597
-6.58858
-6.58863
-6.58742
-6.58496
-6.58545
-6.58471
-6.58306
-6.58213
-6.58096
-6.58117
-6.57918
-6.57818
-6.57974
-6.58285
-6.58298
-6.58305
-6.58306
-6.58209
-6.58109
-6.58205
-6.5814
-6.58177
-6.58188
-6.58139
-6.58384
-6.58237
-6.58277
-6.58374
-6.58429
-6.58543
-6.58424
-6.58398
-6.58434
-6.58402
-6.58499
-6.58435
-6.58147
-6.58027
-6.58047
-6.58081
-6.58064
-6.5803
-6.57974
-6.57957
-6.57745
-6.57657
-6.57817
-6.57802
-6.57969
-6.5793
-6.57917
-6.57931
-6.57945
-6.58284
-6.58334
-6.58388
-6.58413
-6.58472
-6.5847
-6.58667
-6.58739
-6.58654
-6.58445
-6.58431
-6.58576
-6.58585
-6.58521
-6.58512
-6.58527
-6.58213
-6.58285
-6.58487
-6.58301
-6.58247
-6.58258
-6.58273
-6.58389
-6.58221
-6.58129
-6.5808
-6.58076
-6.58144
-6.57887
-6.57849
-6.58119
-6.5824
-6.58246
-6.57987
-6.57923
-6.57936
-6.57935
-6.57823
-6.57917
-6.5792
-6.57985
-6.58042
-6.58217
-6.58189
-6.58381
-6.58409
-6.58503
-6.58664
-6.58602
-6.58768
-6.58709
-6.58488
-6.58489
-6.58518
-6.58476
-6.58524
-6.58794
-6.58804
-6.58589
-6.58477
-6.58469
-6.58467
-6.5821
-6.5831
-6.5831
-6.58438
-6.58533
-6.58531
-6.58529
-6.58593
-6.5869
-6.58658
-6.58689
-6.58655
-6.58523
-6.58523
-6.58591
-6.58663
-6.58545
-6.58463
-6.58317
-6.58493
-6.58601
-6.58542
-6.58509
-6.58635
-6.58369
-6.58168
-6.58226
-6.58286
-6.58282
-6.58245
-6.58272
-6.58296
-6.58285
-6.58305
-6.58132
-6.58222
-6.58156
-6.58068
-6.5815
-6.57883
-6.57911
-6.58068
-6.57993
-6.57844
-6.58006
-6.58092
-6.58332
-6.58501
-6.58575
-6.58524
-6.58579
-6.58677
-6.58427
-6.58248
-6.5833
-6.58185
-6.58067
-6.58168
-6.57937
-6.58052
-6.57837
-6.57875
-6.57846
-6.57981
-6.57961
-6.5808
-6.58147
-6.5816
-6.58117
-6.58175
-6.58072
-6.58031
-6.58244
-6.58224
-6.58524
-6.58269
-6.58335
-6.58368
-6.58239
-6.584
-6.58366
-6.58232
-6.58256
-6.58438
-6.5826
-6.58016
-6.57999
-6.57887
-6.57778
-6.57899
-6.58089
-6.57989
-6.58116
-6.58144
-6.5827
-6.5817
-6.58073
-6.58048
-6.58063
-6.58087
-6.58051
-6.57953
-6.58146
-6.58008
-6.58186
-6.58094
-6.5822
-6.58143
-6.58093
-6.58072
-6.58211
-6.58218
-6.58226
-6.58302
-6.58448
-6.58506
-6.58705
-6.58592
-6.58589
-6.58434
-6.58606
-6.58549
-6.5835
-6.58266
-6.58229
-6.58308
-6.58149
-6.58275
-6.58203
-6.58258
-6.58248
-6.58078
-6.58137
-6.58104
-6.58144
-6.58067
-6.58037
-6.57926
-6.57991
-6.58196
-6.58211
-6.58358
-6.58469
-6.58349
-6.58254
-6.58214
-6.58358
-6.58072
-6.58101
-6.58251
-6.58005
-6.58079
-6.58115
-6.58017
-6.58015
-6.5811
-6.5808
-6.57927
-6.57817
-6.57849
-6.58022
-6.58139
-6.58329
-6.58457
-6.58456
-6.58549
-6.58214
-6.5813
-6.58361
-6.58486
-6.5857
-6.58451
-6.5836
-6.58203
-6.57949
-6.58024
