1  1.83586 1.83586 0
2  1.88348 1.85967 0.0168361
3  1.89247 1.87061 0.0143413
4  1.87759 1.87235 0.0108617
5  1.90746 1.87937 0.0107211
6  1.96109 1.89299 0.0153096
7  1.88308 1.89158 0.0131878
8  1.89656 1.8922 0.011554
9  1.92646 1.89601 0.0108791
10  1.9545 1.90185 0.0112542
11  1.97166 1.9082 0.0118865
12  1.99171 1.91516 0.0127717
13  1.93424 1.91663 0.0118733
14  1.89229 1.91489 0.0111517
15  1.92196 1.91536 0.0104182
16  1.94765 1.91738 0.00996055
17  1.89532 1.91608 0.00945881
18  1.92023 1.91631 0.00893612
19  1.91634 1.91631 0.0084658
20  1.96139 1.91857 0.00833719
21  1.98348 1.92166 0.00849394
22  1.94204 1.92258 0.00815823
23  1.98217 1.92518 0.00820459
24  1.93359 1.92553 0.00787021
25  1.89166 1.92417 0.00767107
26  1.90506 1.92344 0.00741117
27  1.91621 1.92317 0.00714151
28  1.98031 1.92521 0.00717216
29  1.96647 1.92663 0.00706455
30  1.94591 1.92727 0.00685823
31  2.01303 1.93004 0.00717324
32  1.9396 1.93034 0.00695529
33  1.88581 1.92899 0.0068742
34  1.89558 1.92801 0.00674187
35  1.93292 1.92815 0.0065507
36  1.91182 1.92769 0.00638443
37  1.90612 1.92711 0.00623845
38  1.93698 1.92737 0.00607969
39  1.96583 1.92836 0.00600324
40  1.91726 1.92808 0.00585956
41  1.9312 1.92816 0.00571714
42  1.92552 1.92809 0.00558136
43  1.92401 1.928 0.00545237
44  1.91827 1.92778 0.00533293
45  1.8828 1.92678 0.00530725
46  1.8671 1.92548 0.0053481
47  1.91572 1.92527 0.00523834
48  1.99632 1.92675 0.0053342
49  1.99259 1.9281 0.0053919
50  2.00216 1.92958 0.00548375
51  1.97654 1.9305 0.00545298
52  1.99459 1.93173 0.00548564
53  1.98041 1.93265 0.0054585
54  1.93895 1.93277 0.00535866
55  2.011 1.93419 0.00544676
56  2.0372 1.93603 0.00565158
57  2.01899 1.93748 0.00573677
58  1.99668 1.9385 0.00572792
59  1.99707 1.9395 0.0057162
60  1.95206 1.93971 0.00562476
61  1.94307 1.93976 0.00553282
62  1.96097 1.9401 0.00545415
63  1.97681 1.94069 0.00539862
64  2.03374 1.94214 0.00550657
65  1.96033 1.94242 0.00542897
66  1.9995 1.94328 0.00541516
67  2.01661 1.94438 0.0054438
68  1.97592 1.94484 0.00538348
69  1.96437 1.94513 0.00531289
70  1.98485 1.94569 0.00526721
71  1.99281 1.94636 0.00523466
72  1.98406 1.94688 0.00518808
73  1.96139 1.94708 0.00512082
74  1.93086 1.94686 0.0050563
75  1.95254 1.94694 0.00498945
76  1.94506 1.94691 0.00492386
77  2.01455 1.94779 0.00493766
78  1.9904 1.94834 0.00490448
79  1.95981 1.94848 0.00484455
80  1.94416 1.94843 0.00478429
81  1.93702 1.94829 0.0047273
82  1.93387 1.94811 0.00467292
83  1.97112 1.94839 0.00462483
84  1.95793 1.9485 0.00457117
85  1.96678 1.94872 0.00452244
86  1.92879 1.94848 0.00447579
87  1.92319 1.94819 0.00443377
88  1.98492 1.94861 0.00440299
89  1.95145 1.94864 0.00435364
90  1.97854 1.94898 0.00431792
91  1.98268 1.94935 0.00428633
92  1.94299 1.94928 0.0042403
93  1.96134 1.94941 0.00419668
94  1.94726 1.94938 0.0041521
95  1.93188 1.9492 0.00411248
96  1.94295 1.94913 0.00407016
97  1.93157 1.94895 0.00403222
98  1.9661 1.94913 0.00399487
99  2.00533 1.9497 0.00399465
100  1.96147 1.94981 0.00395644
1  1.42074 1.42074 0
2  1.29946 1.3601 0.0428815
3  1.33056 1.35025 0.0296966
4  1.36263 1.35335 0.0224329
5  1.33058 1.34879 0.0184028
6  1.35582 1.34996 0.0153729
7  1.34387 1.34909 0.0132014
8  1.34003 1.34796 0.0115998
9  1.34156 1.34725 0.0103327
10  1.35191 1.34772 0.00930993
11  1.37922 1.35058 0.00889309
12  1.37238 1.3524 0.00833548
13  1.33222 1.35084 0.00783744
14  1.30213 1.34736 0.00801291
15  1.34591 1.34727 0.0074793
16  1.31545 1.34528 0.00727136
17  1.35971 1.34613 0.00689298
18  1.30502 1.34384 0.00687802
19  1.31969 1.34257 0.0066325
20  1.35777 1.34333 0.00634426
21  1.34526 1.34342 0.00604282
22  1.32887 1.34276 0.00580423
23  1.33521 1.34243 0.00556115
24  1.37702 1.34387 0.00551295
25  1.37417 1.34509 0.00542401
26  1.33828 1.34482 0.00522171
27  1.29439 1.34296 0.00535198
28  1.3265 1.34237 0.00519301
29  1.35628 1.34285 0.00503603
30  1.35722 1.34333 0.00489089
31  1.33577 1.34308 0.00473919
32  1.33999 1.34299 0.00459207
33  1.2856 1.34125 0.00477082
34  1.35167 1.34156 0.00464034
35  1.37239 1.34244 0.00459062
36  1.32763 1.34202 0.00448148
37  1.32976 1.34169 0.0043726
38  1.33303 1.34147 0.00426347
39  1.37321 1.34228 0.00423115
40  1.29884 1.34119 0.00426244
41  1.33025 1.34093 0.00416683
42  1.29873 1.33992 0.004187
43  1.3257 1.33959 0.00410267
44  1.31434 1.33902 0.00404937
45  1.33015 1.33882 0.00396417
46  1.34036 1.33885 0.00387813
47  1.34273 1.33894 0.0037965
48  1.36119 1.3394 0.0037456
49  1.37442 1.34011 0.00373674
50  1.296 1.33923 0.00376473
51  1.36045 1.33965 0.00371383
52  1.3142 1.33916 0.00367452
53  1.32517 1.3389 0.00361466
54  1.30625 1.33829 0.00359791
55  1.35416 1.33858 0.00354405
56  1.33753 1.33856 0.00348082
57  1.35043 1.33877 0.00342598
58  1.35666 1.33908 0.00338077
59  1.34748 1.33922 0.00332646
60  1.32641 1.33901 0.00327786
61  1.33199 1.33889 0.00322614
62  1.32178 1.33862 0.00318588
63  1.3211 1.33834 0.00314742
64  1.33469 1.33828 0.00309875
65  1.34304 1.33835 0.00305194
66  1.31658 1.33802 0.00302348
67  1.30898 1.33759 0.00300927
68  1.31178 1.33721 0.00298885
69  1.31951 1.33695 0.00295653
70  1.33315 1.3369 0.00291479
71  1.36326 1.33727 0.00289728
72  1.33264 1.33721 0.00285776
73  1.34674 1.33734 0.00282159
74  1.31742 1.33707 0.00279627
75  1.30955 1.3367 0.00278296
76  1.3248 1.33654 0.00275074
77  1.33398 1.33651 0.00271522
78  1.33859 1.33654 0.00268054
79  1.26702 1.33566 0.00278732
80  1.36908 1.33608 0.0027836
81  1.29263 1.33554 0.00280044
82  1.34257 1.33563 0.0027676
83  1.39256 1.33631 0.00281797
84  1.34967 1.33647 0.00278891
85  1.33415 1.33644 0.00275623
86  1.38306 1.33698 0.00277697
87  1.33507 1.33696 0.00274514
88  1.36352 1.33726 0.00273048
89  1.35902 1.33751 0.00271072
90  1.35803 1.33774 0.00269017
91  1.31684 1.33751 0.0026704
92  1.33996 1.33753 0.0026415
93  1.34227 1.33758 0.00261359
94  1.3493 1.33771 0.00258876
95  1.35959 1.33794 0.00257173
96  1.35829 1.33815 0.00255367
97  1.35607 1.33834 0.00253401
98  1.3456 1.33841 0.00250924
99  1.33573 1.33838 0.00248404
100  1.29349 1.33793 0.00249944
1  0.907516 0.907516 0
2  0.919136 0.913326 0.00410847
3  0.914547 0.913733 0.00275905
4  0.915509 0.914177 0.00210471
5  0.916635 0.914668 0.00174022
6  0.911619 0.91416 0.00152262
7  0.908472 0.913348 0.0015064
8  0.908077 0.912689 0.00145507
9  0.910043 0.912395 0.00132276
10  0.914614 0.912617 0.00120895
11  0.912948 0.912647 0.00109942
12  0.909853 0.912414 0.00103216
13  0.912956 0.912456 0.000953606
14  0.918579 0.912893 0.000980683
15  0.910591 0.91274 0.00092723
16  0.911556 0.912666 0.000872222
17  0.915674 0.912843 0.000838671
18  0.906468 0.912488 0.000863612
19  0.924261 0.913108 0.00101642
20  0.911594 0.913032 0.000968409
21  0.909307 0.912855 0.000938404
22  0.91984 0.913172 0.000947943
23  0.91215 0.913128 0.000907769
24  0.915991 0.913247 0.000877749
25  0.920238 0.913527 0.000886066
26  0.901857 0.913078 0.000958959
27  0.92335 0.913459 0.000996054
28  0.911828 0.9134 0.000962181
29  0.907428 0.913194 0.000950788
30  0.913691 0.913211 0.000919239
31  0.91544 0.913283 0.000892394
32  0.914757 0.913329 0.000865695
33  0.912515 0.913304 0.000839813
34  0.913197 0.913301 0.000815118
35  0.924255 0.913614 0.000849794
36  0.904253 0.913354 0.000865055
37  0.911665 0.913308 0.000842879
38  0.91117 0.913252 0.000822574
39  0.911544 0.913208 0.000802647
40  0.915355 0.913262 0.000784372
41  0.914179 0.913284 0.00076556
42  0.911287 0.913237 0.000748807
43  0.914238 0.91326 0.000731755
44  0.911563 0.913222 0.00071614
45  0.914174 0.913243 0.000700538
46  0.917346 0.913332 0.000690966
47  0.909203 0.913244 0.000681826
48  0.91702 0.913323 0.000672144
49  0.898323 0.913017 0.00072479
50  0.918304 0.913122 0.000717967
51  0.912005 0.9131 0.000704223
52  0.908878 0.913019 0.000695347
53  0.910182 0.912966 0.000684285
54  0.90992 0.912909 0.000673933
55  0.92126 0.913061 0.000678568
56  0.9083 0.912976 0.000671756
57  0.904943 0.912835 0.000674593
58  0.910356 0.912792 0.000664315
59  0.914353 0.912819 0.000653582
60  0.916524 0.912881 0.000645598
61  0.910342 0.912839 0.000636355
62  0.913215 0.912845 0.00062612
63  0.923251 0.91301 0.000637598
64  0.909872 0.912961 0.000629518
65  0.910588 0.912925 0.000620891
66  0.926771 0.913135 0.000645956
67  0.903165 0.912986 0.000653227
68  0.916707 0.91304 0.00064591
69  0.916065 0.913084 0.000638035
70  0.912575 0.913077 0.000628961
71  0.910906 0.913046 0.000620846
72  0.914184 0.913062 0.000612424
73  0.91066 0.913029 0.000604918
74  0.915345 0.913061 0.000597553
75  0.906195 0.912969 0.000596556
76  0.912396 0.912962 0.000588754
77  0.912663 0.912958 0.000581121
78  0.919989 0.913048 0.000580621
79  0.91069 0.913018 0.000574038
80  0.919048 0.913093 0.00057179
81  0.918112 0.913155 0.000568078
82  0.911979 0.913141 0.000561331
83  0.913672 0.913147 0.000554605
84  0.902659 0.913022 0.000561882
85  0.912867 0.913021 0.000555275
86  0.921103 0.913115 0.000556714
87  0.905836 0.913031 0.000556565
88  0.916285 0.913068 0.000551468
89  0.911374 0.913049 0.0005456
90  0.90741 0.912986 0.000543123
91  0.912633 0.912982 0.000537168
92  0.912338 0.912975 0.000531375
93  0.914394 0.912991 0.00052588
94  0.909275 0.912951 0.000521769
95  0.916966 0.912993 0.000517985
96  0.911971 0.912983 0.000512699
97  0.914165 0.912995 0.000507558
98  0.911071 0.912975 0.000502758
99  0.909258 0.912938 0.00049908
100  0.916425 0.912973 0.000495306
