1  -0.291517 -0.291517 0
2  -0.339192 -0.315354 0.0168555
3  -0.34804 -0.32625 0.014332
4  -0.333132 -0.32797 0.0108518
5  -0.362974 -0.334971 0.010704
6  -0.416634 -0.348581 0.015295
7  -0.338509 -0.347142 0.0131775
8  -0.35218 -0.347772 0.0115453
9  -0.382045 -0.35158 0.0108724
10  -0.410173 -0.357439 0.0112538
11  -0.427313 -0.363792 0.011889
12  -0.447301 -0.370751 0.0127737
13  -0.389799 -0.372216 0.0118748
14  -0.347907 -0.37048 0.0111528
15  -0.377611 -0.370955 0.0104194
16  -0.403165 -0.372968 0.00996081
17  -0.350887 -0.371669 0.00945919
18  -0.375899 -0.371904 0.0089366
19  -0.371992 -0.371909 0.00846625
20  -0.417119 -0.374169 0.00833926
21  -0.439074 -0.37726 0.0084956
22  -0.397731 -0.378191 0.00816024
23  -0.437816 -0.380783 0.00820691
24  -0.389087 -0.381129 0.00787224
25  -0.347231 -0.379773 0.00767324
26  -0.360664 -0.379038 0.00741323
27  -0.371912 -0.378774 0.00714336
28  -0.436053 -0.38082 0.00717518
29  -0.422092 -0.382243 0.00706749
30  -0.401649 -0.38289 0.00686144
31  -0.468675 -0.385657 0.00717647
32  -0.39511 -0.385953 0.00695828
33  -0.341368 -0.384601 0.00687733
34  -0.351275 -0.383621 0.00674454
35  -0.388532 -0.383762 0.0065533
36  -0.367412 -0.383307 0.00638698
37  -0.361773 -0.382725 0.00624082
38  -0.392704 -0.382988 0.00608211
39  -0.421552 -0.383977 0.00600601
40  -0.372911 -0.3837 0.00586222
41  -0.386839 -0.383777 0.00571974
42  -0.381107 -0.383713 0.00558391
43  -0.37961 -0.383618 0.00545487
44  -0.373771 -0.383394 0.00533548
45  -0.33835 -0.382393 0.00530998
46  -0.322669 -0.381095 0.00535092
47  -0.371423 -0.380889 0.00524103
48  -0.451966 -0.38237 0.00533693
49  -0.448231 -0.383714 0.00539461
50  -0.45776 -0.385195 0.00548622
51  -0.432156 -0.386115 0.00545538
52  -0.450124 -0.387346 0.00548758
53  -0.435956 -0.388264 0.00546015
54  -0.394604 -0.388381 0.0053603
55  -0.466664 -0.389804 0.00544853
56  -0.492822 -0.391644 0.00565326
57  -0.474585 -0.393099 0.0057383
58  -0.452211 -0.394118 0.00572915
59  -0.452593 -0.395109 0.00571713
60  -0.407552 -0.395317 0.00562561
61  -0.398618 -0.395371 0.00553364
62  -0.416534 -0.395712 0.00545491
63  -0.43243 -0.396295 0.00539937
64  -0.489351 -0.397749 0.0055073
65  -0.415868 -0.398028 0.00542963
66  -0.455274 -0.398895 0.00541619
67  -0.472318 -0.399991 0.00544509
68  -0.431609 -0.400456 0.00538483
69  -0.420157 -0.400741 0.00531436
70  -0.440549 -0.40131 0.00526877
71  -0.448568 -0.401976 0.00523644
72  -0.439653 -0.402499 0.00518979
73  -0.416951 -0.402697 0.00512247
74  -0.386472 -0.402478 0.00505794
75  -0.40805 -0.402552 0.00499105
76  -0.400613 -0.402527 0.00492544
77  -0.470053 -0.403404 0.00493893
78  -0.445774 -0.403947 0.00490539
79  -0.415224 -0.404089 0.00484538
80  -0.399621 -0.404034 0.00478513
81  -0.392395 -0.40389 0.00472821
82  -0.389369 -0.403713 0.00467386
83  -0.426634 -0.403989 0.0046257
84  -0.413312 -0.4041 0.00457197
85  -0.422207 -0.404313 0.00452314
86  -0.384317 -0.404081 0.00447652
87  -0.378798 -0.40379 0.00443449
88  -0.440458 -0.404207 0.00440363
89  -0.407066 -0.404239 0.00435427
90  -0.434148 -0.404571 0.00431855
91  -0.438264 -0.404941 0.00428693
92  -0.398697 -0.404873 0.00424087
93  -0.416966 -0.405003 0.00419727
94  -0.402841 -0.40498 0.00415268
95  -0.387454 -0.404796 0.00411306
96  -0.398485 -0.40473 0.00407074
97  -0.387108 -0.404549 0.00403283
98  -0.421647 -0.404723 0.00399545
99  -0.460802 -0.405289 0.00399504
100  -0.41697 -0.405406 0.0039568
1  -5.29729 -5.29729 0
2  -5.17378 -5.23554 0.0436668
3  -5.20591 -5.22566 0.0302074
4  -5.23883 -5.22895 0.0228343
5  -5.20583 -5.22433 0.0187297
6  -5.23005 -5.22528 0.0156323
7  -5.21906 -5.22439 0.0134244
8  -5.21613 -5.22336 0.0117861
9  -5.21902 -5.22288 0.0104864
10  -5.23003 -5.22359 0.00946208
11  -5.25791 -5.22671 0.00910177
12  -5.24877 -5.22855 0.0085268
13  -5.20776 -5.22695 0.0080195
14  -5.17531 -5.22326 0.00825151
15  -5.2209 -5.22311 0.00770291
16  -5.19068 -5.22108 0.00748327
17  -5.23749 -5.22204 0.00710506
18  -5.17981 -5.2197 0.00708722
19  -5.19732 -5.21852 0.00681137
20  -5.23357 -5.21927 0.00651221
21  -5.22273 -5.21944 0.00620419
22  -5.20464 -5.21876 0.00595852
23  -5.21232 -5.21848 0.00570605
24  -5.25402 -5.21997 0.00565709
25  -5.25032 -5.22118 0.00555959
26  -5.21548 -5.22096 0.00535009
27  -5.17045 -5.21909 0.00546921
28  -5.2002 -5.21841 0.00531533
29  -5.23113 -5.21885 0.0051501
30  -5.23398 -5.21936 0.00500305
31  -5.21463 -5.2192 0.00484399
32  -5.21771 -5.21916 0.00469284
33  -5.16175 -5.21742 0.00486235
34  -5.22731 -5.21771 0.00472803
35  -5.25066 -5.21865 0.00468574
36  -5.2056 -5.21829 0.00456959
37  -5.20434 -5.21791 0.0044616
38  -5.206 -5.2176 0.00435519
39  -5.24621 -5.21833 0.00430487
40  -5.17491 -5.21725 0.00433193
41  -5.20647 -5.21698 0.00423424
42  -5.17133 -5.2159 0.00427064
43  -5.20216 -5.21558 0.00418325
44  -5.19171 -5.21503 0.00412319
45  -5.2062 -5.21484 0.00403623
46  -5.21649 -5.21487 0.00394864
47  -5.21966 -5.21498 0.00386594
48  -5.24074 -5.21551 0.00382247
49  -5.25148 -5.21625 0.00381427
50  -5.17133 -5.21535 0.0038423
51  -5.23318 -5.2157 0.00378283
52  -5.1873 -5.21515 0.00374929
53  -5.20066 -5.21488 0.00368851
54  -5.18241 -5.21428 0.00366888
55  -5.22947 -5.21455 0.00361256
56  -5.21006 -5.21447 0.00354893
57  -5.226 -5.21468 0.00349243
58  -5.23333 -5.215 0.003447
59  -5.22459 -5.21516 0.00339241
60  -5.20171 -5.21494 0.00334327
61  -5.20996 -5.21485 0.00328945
62  -5.19898 -5.2146 0.00324634
63  -5.19926 -5.21435 0.00320393
64  -5.21043 -5.21429 0.00315446
65  -5.21795 -5.21435 0.00310643
66  -5.19302 -5.21403 0.00307612
67  -5.1851 -5.21359 0.00306035
68  -5.18676 -5.2132 0.00304067
69  -5.19634 -5.21296 0.00300641
70  -5.21016 -5.21292 0.00296373
71  -5.23961 -5.21329 0.00294573
72  -5.20916 -5.21323 0.00290538
73  -5.22398 -5.21338 0.0028693
74  -5.193 -5.21311 0.00284372
75  -5.18323 -5.21271 0.00283357
76  -5.2015 -5.21256 0.00280013
77  -5.21423 -5.21258 0.00276384
78  -5.21384 -5.2126 0.00272846
79  -5.14144 -5.2117 0.00283872
80  -5.24424 -5.2121 0.00283224
81  -5.16755 -5.21155 0.0028502
82  -5.21655 -5.21161 0.00281609
83  -5.27237 -5.21235 0.00287571
84  -5.22882 -5.21254 0.00284816
85  -5.20973 -5.21251 0.00281484
86  -5.25859 -5.21305 0.00283265
87  -5.20909 -5.213 0.00280046
88  -5.23876 -5.21329 0.00278389
89  -5.23579 -5.21355 0.00276406
90  -5.23556 -5.21379 0.00274415
91  -5.19306 -5.21356 0.00272343
92  -5.21957 -5.21363 0.00269461
93  -5.21862 -5.21368 0.00266617
94  -5.22307 -5.21378 0.00263968
95  -5.2351 -5.21401 0.00262141
96  -5.23493 -5.21422 0.00260315
97  -5.23134 -5.2144 0.00258229
98  -5.22001 -5.21446 0.00255657
99  -5.2097 -5.21441 0.0025312
100  -5.16953 -5.21396 0.00254537
1  -6.91353 -6.91353 0
2  -6.9247 -6.91911 0.00395071
3  -6.92239 -6.92021 0.00278087
4  -6.92169 -6.92058 0.0021101
5  -6.92333 -6.92113 0.00175835
6  -6.91726 -6.92048 0.00157888
7  -6.91541 -6.91976 0.00151018
8  -6.91256 -6.91886 0.00156657
9  -6.91549 -6.91848 0.00143663
10  -6.92137 -6.91877 0.00132171
11  -6.91845 -6.91874 0.00120188
12  -6.91583 -6.9185 0.00112596
13  -6.91927 -6.91856 0.0010409
14  -6.92544 -6.91905 0.00107635
15  -6.91583 -6.91884 0.00102585
16  -6.91782 -6.91877 0.000963712
17  -6.92117 -6.91891 0.000917239
18  -6.91419 -6.91865 0.000903042
19  -6.93195 -6.91935 0.00109351
20  -6.91809 -6.91929 0.00104065
21  -6.91495 -6.91908 0.00101141
22  -6.92678 -6.91943 0.00102413
23  -6.91773 -6.91936 0.00098227
24  -6.92387 -6.91955 0.000959133
25  -6.92835 -6.9199 0.000983261
26  -6.90893 -6.91948 0.0010319
27  -6.93137 -6.91992 0.00108363
28  -6.91906 -6.91989 0.00104536
29  -6.91446 -6.9197 0.0010259
30  -6.92028 -6.91972 0.000991886
31  -6.92321 -6.91983 0.000966276
32  -6.92114 -6.91987 0.00093694
33  -6.91874 -6.91984 0.000909173
34  -6.91952 -6.91983 0.00088248
35  -6.93179 -6.92017 0.000921038
36  -6.91145 -6.91993 0.000926738
37  -6.91856 -6.91989 0.00090243
38  -6.91618 -6.91979 0.000883937
39  -6.91849 -6.91976 0.000861904
40  -6.92158 -6.9198 0.000841561
41  -6.92059 -6.91982 0.000821254
42  -6.91852 -6.91979 0.000802287
43  -6.92233 -6.91985 0.000785798
44  -6.91818 -6.91981 0.00076886
45  -6.92212 -6.91987 0.00075348
46  -6.9247 -6.91997 0.000744391
47  -6.91557 -6.91988 0.000734408
48  -6.92447 -6.91997 0.000725317
49  -6.90425 -6.91965 0.00077825
50  -6.9246 -6.91975 0.000768955
51  -6.91793 -6.91972 0.000754702
52  -6.91581 -6.91964 0.00074392
53  -6.91576 -6.91957 0.000733473
54  -6.91621 -6.9195 0.000722522
55  -6.92859 -6.91967 0.000728041
56  -6.91359 -6.91956 0.000723102
57  -6.91108 -6.91941 0.000725546
58  -6.9166 -6.91936 0.000714653
59  -6.92082 -6.91939 0.000702965
60  -6.92374 -6.91946 0.000694981
61  -6.91645 -6.91941 0.000685336
62  -6.91983 -6.91942 0.000674315
63  -6.92944 -6.91958 0.00068213
64  -6.91673 -6.91953 0.000672918
65  -6.91785 -6.91951 0.000663061
66  -6.93399 -6.91973 0.000688359
67  -6.90937 -6.91957 0.000695212
68  -6.92191 -6.91961 0.000685841
69  -6.92395 -6.91967 0.000678781
70  -6.91961 -6.91967 0.000669085
71  -6.91755 -6.91964 0.000660328
72  -6.92302 -6.91969 0.000652821
73  -6.91777 -6.91966 0.000644406
74  -6.92192 -6.91969 0.000636422
75  -6.91281 -6.9196 0.00063451
76  -6.91882 -6.91959 0.000626244
77  -6.91996 -6.91959 0.00061813
78  -6.92695 -6.91969 0.000617357
79  -6.91824 -6.91967 0.000609816
80  -6.92546 -6.91974 0.000606477
81  -6.92482 -6.9198 0.000602226
82  -6.91813 -6.91978 0.000595226
83  -6.92051 -6.91979 0.00058812
84  -6.90949 -6.91967 0.000593772
85  -6.92011 -6.91968 0.000586809
86  -6.92846 -6.91978 0.000588819
87  -6.91091 -6.91968 0.000590801
88  -6.92355 -6.91972 0.000585727
89  -6.91777 -6.9197 0.000579554
90  -6.91287 -6.91962 0.000578061
91  -6.91946 -6.91962 0.000571712
92  -6.92 -6.91962 0.000565513
93  -6.92284 -6.91966 0.000560488
94  -6.91791 -6.91964 0.000554835
95  -6.92536 -6.9197 0.000552252
96  -6.91913 -6.91969 0.000546532
97  -6.92061 -6.9197 0.000540978
98  -6.91861 -6.91969 0.000535574
99  -6.91474 -6.91964 0.000532493
100  -6.92248 -6.91967 0.000527924
