1  1.54435 1.54435 0
2  1.54429 1.54432 1.94755e-05
3  1.54443 1.54436 3.3907e-05
4  1.54446 1.54438 3.33384e-05
5  1.54448 1.5444 3.22943e-05
6  1.54445 1.54441 2.80121e-05
7  1.54458 1.54443 3.23666e-05
8  1.54438 1.54443 2.90718e-05
9  1.54441 1.54443 2.59025e-05
10  1.54432 1.54442 2.52961e-05
11  1.54435 1.54441 2.3649e-05
12  1.54441 1.54441 2.16783e-05
13  1.54444 1.54441 2.01388e-05
14  1.54438 1.54441 1.87919e-05
15  1.54434 1.54441 1.80368e-05
16  1.54448 1.54441 1.75158e-05
17  1.54443 1.54441 1.65195e-05
18  1.54433 1.54441 1.62125e-05
19  1.54435 1.5444 1.56287e-05
20  1.54427 1.5444 1.61279e-05
21  1.54441 1.5444 1.53684e-05
22  1.54431 1.54439 1.5175e-05
23  1.54436 1.54439 1.46002e-05
24  1.5445 1.5444 1.46404e-05
25  1.54443 1.5444 1.41285e-05
26  1.54439 1.5444 1.3586e-05
27  1.5443 1.54439 1.359e-05
28  1.54426 1.54439 1.39089e-05
29  1.54438 1.54439 1.34358e-05
30  1.54426 1.54438 1.36471e-05
31  1.54436 1.54438 1.32382e-05
32  1.54449 1.54439 1.32012e-05
33  1.54444 1.54439 1.28896e-05
34  1.54431 1.54439 1.27258e-05
35  1.54438 1.54439 1.23625e-05
36  1.5444 1.54439 1.20289e-05
37  1.54434 1.54439 1.17603e-05
38  1.54428 1.54438 1.17763e-05
39  1.54428 1.54438 1.17889e-05
40  1.54435 1.54438 1.15165e-05
41  1.54436 1.54438 1.12465e-05
42  1.54442 1.54438 1.10133e-05
43  1.5444 1.54438 1.07704e-05
44  1.5445 1.54438 1.08416e-05
45  1.54445 1.54438 1.07074e-05
46  1.54443 1.54439 1.05181e-05
47  1.5443 1.54438 1.0453e-05
48  1.54435 1.54438 1.0259e-05
49  1.54436 1.54438 1.00617e-05
50  1.5444 1.54438 9.8651e-06
51  1.54438 1.54438 9.67174e-06
52  1.54447 1.54438 9.61589e-06
53  1.54446 1.54439 9.53684e-06
54  1.54435 1.54438 9.38385e-06
55  1.54434 1.54438 9.25324e-06
56  1.54438 1.54438 9.08891e-06
57  1.5444 1.54438 8.93522e-06
58  1.54447 1.54439 8.88926e-06
59  1.54447 1.54439 8.86494e-06
60  1.54451 1.54439 8.93346e-06
61  1.54445 1.54439 8.8516e-06
62  1.54444 1.54439 8.74448e-06
63  1.54438 1.54439 8.60641e-06
64  1.54439 1.54439 8.47207e-06
65  1.54447 1.54439 8.42007e-06
66  1.54423 1.54439 8.65427e-06
67  1.54429 1.54439 8.64837e-06
68  1.54431 1.54439 8.58903e-06
69  1.54421 1.54438 8.82799e-06
70  1.5443 1.54438 8.78428e-06
71  1.54424 1.54438 8.87701e-06
72  1.5444 1.54438 8.75951e-06
73  1.54444 1.54438 8.67665e-06
74  1.54439 1.54438 8.56004e-06
75  1.54449 1.54438 8.55827e-06
76  1.54445 1.54438 8.48427e-06
77  1.5445 1.54439 8.50144e-06
78  1.54463 1.54439 8.9331e-06
79  1.54459 1.54439 9.16172e-06
80  1.54454 1.54439 9.22502e-06
81  1.54462 1.5444 9.53927e-06
82  1.5445 1.5444 9.51099e-06
83  1.54448 1.5444 9.45172e-06
84  1.54462 1.5444 9.69561e-06
85  1.54457 1.5444 9.78462e-06
86  1.54448 1.5444 9.70704e-06
87  1.54439 1.5444 9.59655e-06
88  1.54447 1.5444 9.51352e-06
89  1.54438 1.5444 9.40946e-06
90  1.5444 1.5444 9.30534e-06
91  1.54442 1.5444 9.20419e-06
92  1.54429 1.5444 9.18184e-06
93  1.54437 1.5444 9.08884e-06
94  1.54442 1.5444 8.99388e-06
95  1.54443 1.5444 8.90227e-06
96  1.54447 1.5444 8.83344e-06
97  1.54446 1.5444 8.76223e-06
98  1.54445 1.54441 8.68679e-06
99  1.54453 1.54441 8.68925e-06
100  1.5445 1.54441 8.65263e-06
1  -3.87655 -3.87655 0
2  -3.87433 -3.87544 0.000785299
3  -3.87535 -3.87541 0.000524105
4  -3.87621 -3.87561 0.000429443
5  -3.87526 -3.87554 0.000349162
6  -3.87423 -3.87532 0.000352766
7  -3.87519 -3.8753 0.000302848
8  -3.8761 -3.8754 0.000281038
9  -3.87746 -3.87563 0.000330208
10  -3.87812 -3.87588 0.000379799
11  -3.8787 -3.87613 0.00042305
12  -3.87639 -3.87616 0.000388322
13  -3.87554 -3.87611 0.000361338
14  -3.87318 -3.8759 0.000391358
15  -3.87499 -3.87584 0.000369931
16  -3.87523 -3.8758 0.00034875
17  -3.87778 -3.87592 0.000347202
18  -3.87479 -3.87585 0.000333498
19  -3.87764 -3.87595 0.000328848
20  -3.8758 -3.87594 0.000312494
21  -3.87747 -3.87601 0.000306029
22  -3.87577 -3.876 0.000292321
23  -3.87711 -3.87605 0.000283545
24  -3.877 -3.87609 0.000274474
25  -3.87615 -3.87609 0.000263505
26  -3.8772 -3.87614 0.00025678
27  -3.87606 -3.87613 0.000247285
28  -3.8737 -3.87605 0.000253278
29  -3.87485 -3.876 0.00024785
30  -3.87676 -3.87603 0.00024087
31  -3.87885 -3.87612 0.000249724
32  -3.87771 -3.87617 0.000246833
33  -3.87615 -3.87617 0.000239354
34  -3.87563 -3.87615 0.000232837
35  -3.87827 -3.87621 0.000233916
36  -3.87797 -3.87626 0.000232417
37  -3.87458 -3.87622 0.000230544
38  -3.87296 -3.87613 0.000239853
39  -3.873 -3.87605 0.000246819
40  -3.87607 -3.87605 0.000240649
41  -3.87622 -3.87606 0.000234815
42  -3.87261 -3.87597 0.000243171
43  -3.87646 -3.87599 0.000237779
44  -3.87737 -3.87602 0.000234449
45  -3.87605 -3.87602 0.000229241
46  -3.87612 -3.87602 0.000224269
47  -3.87693 -3.87604 0.000220328
48  -3.87955 -3.87611 0.000227535
49  -3.87705 -3.87613 0.000223697
50  -3.87534 -3.87612 0.000219789
51  -3.87273 -3.87605 0.000225295
52  -3.87311 -3.87599 0.000227955
53  -3.87549 -3.87598 0.000223851
54  -3.87616 -3.87599 0.000219729
55  -3.87531 -3.87597 0.000216082
56  -3.87253 -3.87591 0.000220781
57  -3.87556 -3.87591 0.000216993
58  -3.87667 -3.87592 0.000213652
59  -3.87712 -3.87594 0.000210993
60  -3.87529 -3.87593 0.000207751
61  -3.87797 -3.87596 0.000207021
62  -3.8772 -3.87598 0.000204639
63  -3.87815 -3.87602 0.000204271
64  -3.87574 -3.87601 0.000201124
65  -3.87491 -3.876 0.000198744
66  -3.87644 -3.876 0.000195847
67  -3.87612 -3.876 0.000192933
68  -3.87498 -3.87599 0.000190678
69  -3.87683 -3.876 0.000188299
70  -3.87701 -3.87602 0.000186157
71  -3.87635 -3.87602 0.000183593
72  -3.87652 -3.87603 0.000181175
73  -3.87724 -3.87604 0.000179454
74  -3.87558 -3.87604 0.000177141
75  -3.87368 -3.87601 0.000177553
76  -3.8767 -3.87602 0.000175452
77  -3.88025 -3.87607 0.000181584
78  -3.87525 -3.87606 0.000179561
79  -3.87442 -3.87604 0.000178486
80  -3.87517 -3.87603 0.000176588
81  -3.87492 -3.87601 0.000174939
82  -3.87398 -3.87599 0.000174553
83  -3.87981 -3.87604 0.000178422
84  -3.87915 -3.87607 0.000180118
85  -3.87558 -3.87607 0.000178092
86  -3.87553 -3.87606 0.00017613
87  -3.87401 -3.87604 0.000175673
88  -3.87524 -3.87603 0.000173911
89  -3.87677 -3.87604 0.000172158
90  -3.87753 -3.87605 0.000171042
91  -3.87623 -3.87606 0.000169173
92  -3.87961 -3.87609 0.00017168
93  -3.87635 -3.8761 0.000169856
94  -3.87377 -3.87607 0.000169843
95  -3.87551 -3.87607 0.000168156
96  -3.87663 -3.87607 0.000166508
97  -3.87527 -3.87606 0.000164998
98  -3.87441 -3.87605 0.00016417
99  -3.87397 -3.87603 0.000163844
100  -3.87604 -3.87603 0.000162206
1  -6.00601 -6.00601 0
2  -6.00556 -6.00579 0.000157766
3  -6.00785 -6.00647 0.000569978
4  -6.00618 -6.0064 0.000432282
5  -6.00669 -6.00646 0.000349783
6  -6.00564 -6.00632 0.000316761
7  -6.00694 -6.00641 0.000283654
8  -6.00449 -6.00617 0.000335083
9  -6.00544 -6.00609 0.000307441
10  -6.00676 -6.00616 0.000283914
11  -6.0055 -6.0061 0.000264223
12  -6.00598 -6.00609 0.00024239
13  -6.00631 -6.0061 0.000224369
14  -6.00686 -6.00616 0.000214766
15  -6.00523 -6.0061 0.000209097
16  -6.00626 -6.00611 0.000196277
17  -6.00549 -6.00607 0.000188045
18  -6.00772 -6.00616 0.000198702
19  -6.00769 -6.00624 0.000203759
20  -6.0065 -6.00626 0.000193971
21  -6.00564 -6.00623 0.00018693
22  -6.00694 -6.00626 0.000181198
23  -6.00558 -6.00623 0.0001757
24  -6.00787 -6.0063 0.000181256
25  -6.00811 -6.00637 0.000187916
26  -6.00708 -6.0064 0.000182645
27  -6.00802 -6.00646 0.000185489
28  -6.00723 -6.00649 0.000180922
29  -6.00703 -6.0065 0.000175674
30  -6.00659 -6.00651 0.000169841
31  -6.00777 -6.00655 0.000169202
32  -6.00638 -6.00654 0.000163997
33  -6.00623 -6.00653 0.000159307
34  -6.00633 -6.00653 0.000154738
35  -6.00753 -6.00656 0.000152954
36  -6.0072 -6.00657 0.000149746
37  -6.00689 -6.00658 0.000145948
38  -6.00501 -6.00654 0.000147827
39  -6.00694 -6.00655 0.0001444
40  -6.00623 -6.00654 0.000141015
41  -6.00641 -6.00654 0.00013761
42  -6.00723 -6.00656 0.00013532
43  -6.00809 -6.00659 0.000136812
44  -6.00661 -6.00659 0.000133703
45  -6.00795 -6.00662 0.000134074
46  -6.00735 -6.00664 0.000132094
47  -6.00637 -6.00663 0.000129407
48  -6.00745 -6.00665 0.000127828
49  -6.00593 -6.00664 0.000126065
50  -6.0063 -6.00663 0.000123725
51  -6.00593 -6.00661 0.000122057
52  -6.00693 -6.00662 0.00011986
53  -6.00558 -6.0066 0.000119194
54  -6.00629 -6.0066 0.000117128
55  -6.00733 -6.00661 0.000115766
56  -6.00529 -6.00659 0.000116084
57  -6.00614 -6.00658 0.000114308
58  -6.00625 -6.00657 0.000112479
59  -6.00646 -6.00657 0.000110587
60  -6.00722 -6.00658 0.00010927
61  -6.00611 -6.00657 0.00010775
62  -6.00661 -6.00657 0.000106014
63  -6.00619 -6.00657 0.000104503
64  -6.00686 -6.00657 0.000102972
65  -6.00727 -6.00658 0.00010194
66  -6.00722 -6.00659 0.000100848
67  -6.00621 -6.00659 9.95056e-05
68  -6.00521 -6.00657 0.000100091
69  -6.00788 -6.00659 0.000100444
70  -6.00704 -6.00659 9.92165e-05
71  -6.00664 -6.00659 9.78216e-05
72  -6.00883 -6.00662 0.00010129
73  -6.00711 -6.00663 0.000100122
74  -6.00658 -6.00663 9.87718e-05
75  -6.00662 -6.00663 9.7455e-05
76  -6.00642 -6.00663 9.62111e-05
77  -6.0073 -6.00664 9.53556e-05
78  -6.00696 -6.00664 9.42235e-05
79  -6.00755 -6.00665 9.37265e-05
80  -6.00641 -6.00665 9.2602e-05
81  -6.00671 -6.00665 9.14621e-05
82  -6.00616 -6.00664 9.05443e-05
83  -6.00684 -6.00665 8.9485e-05
84  -6.00683 -6.00665 8.84467e-05
85  -6.00724 -6.00665 8.76811e-05
86  -6.00736 -6.00666 8.70466e-05
87  -6.00508 -6.00664 8.79352e-05
88  -6.00727 -6.00665 8.72197e-05
89  -6.0064 -6.00665 8.62853e-05
90  -6.00546 -6.00664 8.63356e-05
91  -6.00683 -6.00664 8.54124e-05
92  -6.00767 -6.00665 8.52122e-05
93  -6.00845 -6.00667 8.64592e-05
94  -6.00863 -6.00669 8.80261e-05
95  -6.00839 -6.00671 8.89112e-05
96  -6.00716 -6.00671 8.81079e-05
97  -6.00644 -6.00671 8.72434e-05
98  -6.00754 -6.00672 8.67599e-05
99  -6.00548 -6.0067 8.67737e-05
100  -6.00605 -6.0067 8.6149e-05
