1  1.22391 1.22391 0
2  1.25566 1.23978 0.011224
3  1.26165 1.24707 0.00956089
4  1.25173 1.24823 0.00724114
5  1.27164 1.25292 0.00714738
6  1.30739 1.26199 0.0102064
7  1.25539 1.26105 0.00879186
8  1.26437 1.26147 0.00770267
9  1.2843 1.264 0.00725275
10  1.303 1.2679 0.00750279
11  1.31444 1.27213 0.00792435
12  1.32781 1.27677 0.00851444
13  1.28949 1.27775 0.0079155
14  1.26153 1.27659 0.00743446
15  1.2813 1.27691 0.00694546
16  1.29843 1.27825 0.00664037
17  1.26354 1.27739 0.00630587
18  1.28015 1.27754 0.00595741
19  1.27756 1.27754 0.00564387
20  1.3076 1.27904 0.00555812
21  1.32232 1.28111 0.00566262
22  1.29469 1.28172 0.00543882
23  1.32145 1.28345 0.00546973
24  1.28906 1.28368 0.00524681
25  1.26111 1.28278 0.00511405
26  1.27004 1.28229 0.00494078
27  1.27747 1.28211 0.00476101
28  1.32021 1.28347 0.00478144
29  1.31098 1.28442 0.0047097
30  1.29727 1.28485 0.00457215
31  1.34202 1.28669 0.00478216
32  1.29306 1.28689 0.00463686
33  1.2572 1.28599 0.0045828
34  1.26372 1.28534 0.00449458
35  1.28861 1.28543 0.00436713
36  1.27454 1.28513 0.00425628
37  1.27074 1.28474 0.00415897
38  1.29132 1.28491 0.00405313
39  1.31055 1.28557 0.00400216
40  1.27817 1.28539 0.00390637
41  1.28747 1.28544 0.00381142
42  1.28368 1.2854 0.00372091
43  1.28268 1.28533 0.00363491
44  1.27884 1.28518 0.00355529
45  1.2552 1.28452 0.00353817
46  1.24473 1.28365 0.0035654
47  1.27715 1.28351 0.00349223
48  1.33088 1.2845 0.00355614
49  1.32839 1.2854 0.0035946
50  1.33477 1.28638 0.00365583
51  1.31769 1.287 0.00363532
52  1.32973 1.28782 0.00365709
53  1.32028 1.28843 0.003639
54  1.29264 1.28851 0.00357244
55  1.34067 1.28946 0.00363117
56  1.35813 1.29069 0.00376772
57  1.34599 1.29166 0.00382452
58  1.33112 1.29234 0.00381862
59  1.33138 1.293 0.0038108
60  1.30137 1.29314 0.00374984
61  1.29538 1.29317 0.00368855
62  1.30732 1.2934 0.0036361
63  1.31788 1.29379 0.00359908
64  1.35583 1.29476 0.00367105
65  1.30689 1.29495 0.00361931
66  1.333 1.29552 0.00361011
67  1.34441 1.29625 0.0036292
68  1.31728 1.29656 0.00358898
69  1.30958 1.29675 0.00354192
70  1.32323 1.29713 0.00351147
71  1.32854 1.29757 0.00348977
72  1.3227 1.29792 0.00345872
73  1.30759 1.29805 0.00341388
74  1.28724 1.29791 0.00337087
75  1.30169 1.29796 0.0033263
76  1.29671 1.29794 0.00328258
77  1.34303 1.29853 0.00329177
78  1.32693 1.29889 0.00326965
79  1.30654 1.29899 0.0032297
80  1.29611 1.29895 0.00318953
81  1.29135 1.29886 0.00315153
82  1.28925 1.29874 0.00311528
83  1.31408 1.29893 0.00308322
84  1.30529 1.299 0.00304745
85  1.31119 1.29914 0.00301496
86  1.28586 1.29899 0.00298386
87  1.28213 1.2988 0.00295585
88  1.32328 1.29907 0.00293533
89  1.30097 1.2991 0.00290242
90  1.31903 1.29932 0.00287861
91  1.32179 1.29956 0.00285755
92  1.29533 1.29952 0.00282686
93  1.30756 1.2996 0.00279779
94  1.29817 1.29959 0.00276807
95  1.28792 1.29947 0.00274165
96  1.2953 1.29942 0.00271344
97  1.28771 1.2993 0.00268815
98  1.31073 1.29942 0.00266325
99  1.33689 1.2998 0.0026631
100  1.30765 1.29988 0.00263763
1  0.947163 0.947163 0
2  0.866305 0.906734 0.0285876
3  0.887041 0.90017 0.0197977
4  0.908417 0.902232 0.0149553
5  0.887051 0.899196 0.0122685
6  0.903882 0.899977 0.0102486
7  0.895913 0.899396 0.00880094
8  0.89335 0.89864 0.00773321
9  0.894375 0.898166 0.00688847
10  0.901272 0.898477 0.00620662
11  0.919477 0.900386 0.00592873
12  0.914919 0.901597 0.00555699
13  0.888147 0.900562 0.00522496
14  0.868086 0.898243 0.00534194
15  0.897273 0.898178 0.0049862
16  0.876968 0.896852 0.00484758
17  0.90647 0.897418 0.00459532
18  0.870011 0.895896 0.00458535
19  0.87979 0.895048 0.00442167
20  0.90518 0.895555 0.00422951
21  0.89684 0.895616 0.00402854
22  0.885915 0.895175 0.00386949
23  0.890139 0.894956 0.00370744
24  0.91801 0.895916 0.0036753
25  0.916115 0.896724 0.003616
26  0.892185 0.89655 0.00348114
27  0.862928 0.895305 0.00356799
28  0.884334 0.894913 0.003462
29  0.904184 0.895232 0.00335735
30  0.904813 0.895552 0.00326059
31  0.890517 0.895389 0.00315946
32  0.893329 0.895325 0.00306138
33  0.857069 0.894166 0.00318054
34  0.901116 0.89437 0.00309356
35  0.914925 0.894957 0.00306041
36  0.885088 0.894683 0.00298766
37  0.886508 0.894462 0.00291507
38  0.888688 0.89431 0.00284231
39  0.915476 0.894853 0.00282077
40  0.865896 0.894129 0.00284163
41  0.886832 0.893951 0.00277789
42  0.865819 0.893281 0.00279133
43  0.8838 0.893061 0.00273511
44  0.876227 0.892678 0.00269958
45  0.886769 0.892547 0.00264278
46  0.893576 0.892569 0.00258542
47  0.895154 0.892624 0.002531
48  0.907459 0.892933 0.00249707
49  0.916283 0.89341 0.00249116
50  0.863999 0.892822 0.00250982
51  0.906967 0.893099 0.00247589
52  0.876131 0.892773 0.00244968
53  0.883446 0.892597 0.00240977
54  0.870835 0.892194 0.00239861
55  0.902776 0.892386 0.0023627
56  0.891686 0.892374 0.00232054
57  0.90029 0.892512 0.00228398
58  0.904441 0.892718 0.00225385
59  0.898317 0.892813 0.00221764
60  0.884276 0.892671 0.00218524
61  0.887996 0.892594 0.00215076
62  0.881189 0.89241 0.00212392
63  0.880736 0.892225 0.00209828
64  0.889794 0.892187 0.00206584
65  0.895358 0.892236 0.00203463
66  0.877721 0.892016 0.00201565
67  0.872653 0.891727 0.00200618
68  0.87452 0.891474 0.00199257
69  0.879673 0.891303 0.00197102
70  0.888768 0.891266 0.00194319
71  0.90884 0.891514 0.00193152
72  0.888428 0.891471 0.00190517
73  0.897826 0.891558 0.00188106
74  0.878281 0.891379 0.00186418
75  0.873033 0.891134 0.0018553
76  0.883199 0.89103 0.00183383
77  0.889322 0.891008 0.00181015
78  0.892393 0.891025 0.00178703
79  0.844678 0.890439 0.00185821
80  0.912718 0.890717 0.00185574
81  0.861752 0.89036 0.00186696
82  0.895046 0.890417 0.00184507
83  0.92837 0.890874 0.00187865
84  0.89978 0.89098 0.00185927
85  0.889432 0.890962 0.00183749
86  0.922039 0.891323 0.00185131
87  0.890049 0.891308 0.00183009
88  0.909014 0.89151 0.00182032
89  0.906011 0.891673 0.00180715
90  0.905354 0.891825 0.00179345
91  0.877891 0.891672 0.00178026
92  0.893307 0.891689 0.001761
93  0.894847 0.891723 0.00174239
94  0.899534 0.891806 0.00172584
95  0.906391 0.89196 0.00171449
96  0.90553 0.892101 0.00170244
97  0.904045 0.892224 0.00168934
98  0.897067 0.892274 0.00167282
99  0.890488 0.892256 0.00165602
100  0.862325 0.891956 0.00166629
1  0.605011 0.605011 0
2  0.612758 0.608884 0.00273898
3  0.609698 0.609155 0.00183937
4  0.610339 0.609451 0.00140314
5  0.61109 0.609779 0.00116015
6  0.607746 0.60944 0.00101508
7  0.605648 0.608898 0.00100427
8  0.605384 0.608459 0.00097005
9  0.606695 0.608263 0.00088184
10  0.609742 0.608411 0.000805968
11  0.608632 0.608431 0.000732948
12  0.606569 0.608276 0.000688107
13  0.608638 0.608304 0.000635737
14  0.612386 0.608595 0.000653789
15  0.607061 0.608493 0.000618153
16  0.607704 0.608444 0.000581481
17  0.610449 0.608562 0.000559114
18  0.604312 0.608326 0.000575742
19  0.616174 0.608739 0.000677611
20  0.60773 0.608688 0.000645606
21  0.606205 0.60857 0.000625602
22  0.613227 0.608782 0.000631962
23  0.6081 0.608752 0.00060518
24  0.610661 0.608832 0.000585166
25  0.613492 0.609018 0.000590711
26  0.601238 0.608719 0.000639306
27  0.615567 0.608972 0.000664036
28  0.607885 0.608934 0.000641454
29  0.604952 0.608796 0.000633859
30  0.609127 0.608807 0.000612826
31  0.610293 0.608855 0.000594929
32  0.609838 0.608886 0.00057713
33  0.608344 0.60887 0.000559875
34  0.608798 0.608867 0.000543412
35  0.61617 0.609076 0.000566529
36  0.602836 0.608903 0.000576703
37  0.607777 0.608872 0.000561919
38  0.607447 0.608835 0.000548383
39  0.607696 0.608806 0.000535098
40  0.610236 0.608841 0.000522915
41  0.609452 0.608856 0.000510373
42  0.607525 0.608825 0.000499205
43  0.609492 0.60884 0.000487837
44  0.607709 0.608814 0.000477426
45  0.609449 0.608828 0.000467025
46  0.611564 0.608888 0.000460644
47  0.606135 0.608829 0.000454551
48  0.611346 0.608882 0.000448096
49  0.598882 0.608678 0.000483193
50  0.612203 0.608748 0.000478644
51  0.608003 0.608734 0.000469482
52  0.605918 0.60868 0.000463565
53  0.606788 0.608644 0.00045619
54  0.606613 0.608606 0.000449289
55  0.614174 0.608707 0.000452379
56  0.605533 0.608651 0.000447838
57  0.603295 0.608557 0.000449728
58  0.606904 0.608528 0.000442877
59  0.609568 0.608546 0.000435721
60  0.611016 0.608587 0.000430399
61  0.606895 0.608559 0.000424237
62  0.60881 0.608563 0.000417413
63  0.615501 0.608674 0.000425065
64  0.606581 0.608641 0.000419679
65  0.607058 0.608616 0.000413928
66  0.617847 0.608756 0.000430637
67  0.60211 0.608657 0.000435485
68  0.611138 0.608694 0.000430607
69  0.61071 0.608723 0.000425356
70  0.608383 0.608718 0.000419308
71  0.607271 0.608698 0.000413897
72  0.609456 0.608708 0.000408283
73  0.607107 0.608686 0.000403279
74  0.61023 0.608707 0.000398368
75  0.60413 0.608646 0.000397704
76  0.608264 0.608641 0.000392503
77  0.608442 0.608638 0.000387414
78  0.613326 0.608699 0.000387081
79  0.607126 0.608679 0.000382692
80  0.612699 0.608729 0.000381194
81  0.612074 0.60877 0.000378718
82  0.607986 0.608761 0.000374221
83  0.609114 0.608765 0.000369736
84  0.601773 0.608682 0.000374588
85  0.608578 0.60868 0.000370183
86  0.614068 0.608743 0.000371143
87  0.603891 0.608687 0.000371044
88  0.610857 0.608712 0.000367645
89  0.607583 0.608699 0.000363733
90  0.60494 0.608658 0.000362082
91  0.608422 0.608655 0.000358112
92  0.608225 0.60865 0.00035425
93  0.609596 0.60866 0.000350587
94  0.606184 0.608634 0.000347846
95  0.611311 0.608662 0.000345323
96  0.60798 0.608655 0.000341799
97  0.609443 0.608663 0.000338372
98  0.607381 0.60865 0.000335172
99  0.606172 0.608625 0.00033272
100  0.61095 0.608648 0.000330204
