-0.0318404
-0.03185
-0.0318659
-0.0318881
-0.0319166
-0.0319515
-0.0319926
-0.03204
-0.0320938
-0.0321539
-0.0322204
-0.0322932
-0.0323749
-0.0324679
-0.0325677
-0.0326742
-0.0328018
-0.0329271
-0.033069
-0.033223
-0.0333749
-0.0335414
-0.0337059
-0.0338899
-0.0340914
-0.0342915
-0.0345044
-0.034721
-0.0349459
-0.03517
-0.0354122
-0.0356611
-0.0359072
-0.0361745
-0.036449
-0.0367333
-0.0370205
-0.0373158
-0.0376193
-0.0379384
-0.0382546
-0.0385869
-0.038936
-0.039314
-0.039681
-0.0400634
-0.0404642
-0.0408767
-0.0413061
-0.0417411
-0.0421918
-0.0426683
-0.0431522
-0.0436632
-0.0441996
-0.044748
-0.0453163
-0.0459007
-0.0465138
-0.0471495
-0.0478065
-0.0484811
-0.0491839
-0.0499161
-0.0506815
-0.0514696
-0.0522891
-0.0531367
-0.0540285
-0.0549426
-0.0559046
-0.0569095
-0.0579452
-0.0590449
-0.0601923
-0.0613828
-0.0626217
-0.0639143
-0.0652615
-0.0666737
-0.0681571
-0.069713
-0.0713478
-0.0730513
-0.0748469
-0.0767153
-0.0786822
-0.08075
-0.0829134
-0.0851816
-0.0875607
-0.0900493
-0.0926496
-0.095365
-0.0981992
-0.101139
-0.104182
-0.107317
-0.110533
-0.113791
-0.117051
-0.120263
-0.123368
-0.126272
-0.128837
-0.130939
-0.13239
-0.133
-0.13258
-0.130997
-0.12815
-0.124176
-0.119416
-0.114495
-0.110264
-0.107627
-0.107293
-0.109565
-0.114275
-0.120844
-0.128413
-0.136078
-0.142988
-0.148534
-0.152413
-0.154753
-0.156123
-0.157439
-0.159726
-0.163821
-0.170005
-0.177906
-0.186657
-0.195208
-0.202644
-0.208333
-0.211995
-0.213644
-0.213532
-0.212086
-0.209797
-0.207124
-0.204456
-0.202007
-0.199857
-0.197946
-0.196165
-0.194419
-0.192601
-0.190606
-0.18836
-0.185966
-0.183784
-0.1824
-0.182506
-0.184639
-0.188975
-0.195341
-0.203219
-0.21195
-0.220852
-0.229283
-0.236715
-0.242757
-0.247181
-0.249905
-0.25104
-0.250837
-0.249644
-0.247895
-0.246066
-0.244592
-0.243868
-0.244116
-0.245429
-0.24772
-0.250791
-0.254334
-0.258041
-0.26161
-0.264808
-0.267489
-0.269591
-0.271166
-0.27231
-0.273172
-0.273885
-0.274549
-0.275201
-0.275839
-0.276441
-0.276986
-0.277492
-0.278015
-0.278587
-0.279273
-0.280074
-0.280988
-0.28196
-0.282941
-0.283894
-0.284816
-0.285706
-0.286601
-0.287582
-0.288724
-0.290073
-0.291666
-0.29352
-0.295614
-0.297898
-0.300284
-0.302697
-0.305035
-0.307193
-0.309082
-0.310595
-0.31166
-0.312209
-0.312183
-0.311585
-0.310441
-0.308844
-0.30694
-0.30491
-0.302969
-0.301257
-0.299861
-0.298724
-0.29767
-0.296419
-0.294678
-0.292212
-0.28893
-0.284926
-0.280564
-0.27647
-0.273476
-0.272435
-0.273968
-0.27825
-0.284884
-0.292997
-0.301512
-0.30932
-0.315508
-0.319366
-0.320371
-0.318255
-0.31316
-0.305797
-0.297653
-0.290851
-0.287484
-0.288706
-0.294171
-0.302333
-0.311207
-0.319057
-0.324633
-0.327164
-0.326237
-0.321691
-0.313635
-0.302508
-0.289198
-0.275107
-0.262127
-0.252319
-0.247415
-0.248294
-0.254635
-0.265115
-0.277818
-0.290842
-0.302716
-0.312594
-0.320129
-0.325454
-0.328882
-0.330871
-0.33186
-0.332254
-0.332374
-0.332436
-0.332576
-0.332812
-0.333168
-0.333619
-0.334118
-0.334638
-0.335178
-0.335732
-0.33629
-0.336863
-0.337451
-0.338019
-0.338553
-0.338978
-0.33921
-0.339107
-0.338514
-0.337206
-0.334933
-0.331438
-0.326517
-0.320129
-0.312495
-0.304262
-0.296481
-0.290398
-0.287022
-0.286652
-0.288822
-0.292484
-0.296567
-0.30024
-0.303086
-0.305
-0.306087
-0.306571
-0.306738
-0.306828
-0.307025
-0.307406
-0.307996
-0.308707
-0.309407
-0.30996
-0.310254
-0.310227
-0.309928
-0.309447
-0.308964
-0.308651
-0.30861
-0.308891
-0.309443
-0.31015
-0.310824
-0.311316
-0.311529
-0.311378
-0.310899
-0.310137
-0.309224
-0.308262
-0.307394
-0.306702
-0.30624
-0.306025
-0.306033
-0.306229
-0.306553
-0.306969
-0.307429
-0.307928
-0.308471
-0.309057
-0.309713
-0.310438
-0.311202
-0.311974
-0.312659
-0.313176
-0.313402
-0.313175
-0.312311
-0.310591
-0.307815
-0.303772
-0.298295
-0.291306
-0.282922
-0.273571
-0.264021
-0.255427
-0.249132
-0.246329
-0.247713
-0.253229
-0.26203
-0.272836
-0.284301
-0.295301
-0.305058
-0.313162
-0.319466
-0.323914
-0.32658
-0.327503
-0.326738
-0.324334
-0.320366
-0.31502
-0.308645
-0.301787
-0.295113
-0.289283
-0.28477
-0.281698
-0.279902
-0.279022
-0.278723
-0.278842
-0.279343
-0.280283
-0.28169
-0.283528
-0.285657
-0.287911
-0.290112
-0.292145
-0.293951
-0.295532
-0.296916
-0.298169
-0.299315
-0.300415
-0.301458
-0.302459
-0.303406
-0.30429
-0.305104
-0.305834
-0.306468
-0.307015
-0.307492
-0.307872
-0.308206
-0.308472
-0.308702
-0.308893
-0.309043
-0.309173
-0.309252
-0.309281
-0.309244
-0.30913
-0.308917
-0.308578
-0.308099
-0.307435
-0.306575
-0.305476
-0.304146
-0.302588
-0.300809
-0.298884
-0.296867
-0.294886
-0.293068
-0.291531
-0.290388
-0.289668
-0.289337
-0.28931
-0.289437
-0.28958
-0.289591
-0.289361
-0.288847
-0.288051
-0.287056
-0.285973
-0.284934
-0.284127
-0.283688
-0.283735
-0.284333
-0.285458
-0.287041
-0.288946
-0.290979
-0.292967
-0.294733
-0.296159
-0.29716
-0.297745
-0.297968
-0.297902
-0.297644
-0.297281
-0.296843
-0.296313
-0.295649
-0.294729
-0.293484
-0.291876
-0.289908
-0.287714
-0.285424
-0.283242
-0.281355
-0.279936
-0.279069
-0.278756
-0.278924
-0.279419
-0.280025
-0.280574
-0.280961
-0.281163
-0.281278
-0.281528
-0.282135
-0.283253
-0.284887
-0.28692
-0.289145
-0.29136
-0.293342
-0.294962
-0.296111
-0.296716
-0.296746
-0.296216
-0.295196
-0.29386
-0.292428
-0.291142
-0.290184
-0.289703
-0.289775
-0.290426
-0.291681
-0.293638
-0.296347
-0.299834
-0.30402
-0.308706
-0.313571
-0.318291
-0.322573
-0.326178
-0.32895
-0.330772
-0.331606
-0.331431
-0.330284
-0.328215
-0.325368
-0.321942
-0.318182
-0.31441
-0.310906
-0.307868
-0.305462
-0.303778
-0.302834
-0.302593
-0.302927
-0.303652
-0.304444
-0.304931
-0.304728
-0.303561
-0.301315
-0.298078
-0.294192
-0.290149
-0.286522
-0.28381
-0.282307
-0.282001
-0.282664
-0.283866
-0.285169
-0.286252
-0.286952
-0.287307
-0.287547
-0.287999
-0.288898
-0.290417
-0.292465
-0.294865
-0.297391
-0.29995
-0.30256
-0.30535
-0.308463
-0.311864
-0.315434
-0.318929
-0.322072
-0.324611
-0.326414
-0.327388
-0.327518
-0.326811
-0.325314
-0.323066
-0.320105
-0.316482
-0.31226
-0.307564
-0.302602
-0.297637
-0.293052
-0.289259
-0.286653
-0.285522
-0.285944
-0.287754
-0.290649
-0.294223
-0.298089
-0.301934
-0.305545
-0.308794
-0.311623
-0.314027
-0.316028
-0.317664
-0.318966
-0.319965
-0.320669
-0.321113
-0.321294
-0.321212
-0.320884
-0.32035
-0.319673
-0.31896
-0.318359
-0.318043
-0.318193
-0.318957
-0.320427
-0.322566
-0.325236
-0.328202
-0.331166
-0.333768
-0.335643
-0.336403
-0.335646
-0.333017
-0.328233
-0.321195
-0.312122
-0.301657
-0.290882
-0.281087
-0.273577
-0.269581
-0.270121
-0.275552
-0.285131
-0.296877
-0.308421
-0.317814
-0.3239
-0.326203
-0.324625
-0.319249
-0.310362
-0.298837
-0.286519
-0.27637
-0.271676
-0.274297
-0.283391
-0.295987
-0.308805
-0.319626
-0.327574
-0.332666
-0.335349
-0.336193
-0.335691
-0.334268
-0.332246
-0.329887
-0.327417
-0.325063
-0.323116
-0.321827
-0.321433
-0.322035
-0.323575
-0.325839
-0.328512
-0.331234
-0.333673
-0.335584
-0.336805
-0.337198
-0.336645
-0.335013
-0.332143
-0.327864
-0.322061
-0.314759
-0.306288
-0.297409
-0.289272
-0.28326
-0.280498
-0.281417
-0.285544
-0.291772
-0.298781
-0.305514
-0.311291
-0.315818
-0.319122
-0.321344
-0.322736
-0.323519
-0.323882
-0.323974
-0.323877
-0.323573
-0.323034
-0.322201
-0.321024
-0.319506
-0.317748
-0.315917
-0.314258
-0.313034
-0.312444
-0.31255
-0.313298
-0.314553
-0.316171
-0.318004
-0.319944
-0.32189
-0.323673
-0.325101
-0.325963
-0.32602
-0.325146
-0.323321
-0.320699
-0.317564
-0.314349
-0.311475
-0.309338
-0.308165
-0.308019
-0.308798
-0.310314
-0.31234
-0.314621
-0.316888
-0.318931
-0.320554
-0.321696
-0.322339
-0.32259
-0.322557
-0.322424
-0.322376
-0.322532
-0.323038
-0.323952
-0.325259
-0.326881
-0.328637
-0.330316
-0.331706
-0.332622
-0.332929
-0.332548
-0.331472
-0.329771
-0.327577
-0.325075
-0.322534
-0.320233
-0.318429
-0.317309
-0.31696
-0.317355
-0.318397
-0.319943
-0.321889
-0.324101
-0.326441
-0.328824
-0.331129
-0.333237
-0.335022
-0.336398
-0.337274
-0.337591
-0.337294
-0.336363
-0.334799
-0.332635
-0.329871
-0.326583
-0.322869
-0.318848
-0.314674
-0.310505
-0.306526
-0.302885
-0.299705
-0.29709
-0.295038
-0.293509
-0.292431
-0.291741
-0.291402
-0.291477
-0.292064
-0.293293
-0.295226
-0.297799
-0.300851
-0.304118
-0.307314
-0.310191
-0.312591
-0.314448
-0.315735
-0.31652
-0.316901
-0.31698
-0.316858
-0.316629
-0.316381
-0.316155
-0.316006
-0.315924
-0.315917
-0.315954
-0.316005
-0.316029
-0.315961
-0.315762
-0.315379
-0.31474
-0.31382
-0.312584
-0.311022
-0.309174
-0.307134
-0.30502
-0.303021
-0.301354
-0.300254
-0.299896
-0.30036
-0.301623
-0.303498
-0.305709
-0.307845
-0.309449
-0.310018
-0.309072
-0.30612
-0.300772
-0.292864
-0.282656
-0.270992
-0.25948
-0.250308
-0.245647
-0.246769
-0.253259
-0.263054
-0.273264
-0.281293
-0.285513
-0.285414
-0.281592
-0.275502
-0.269256
-0.264924
-0.263947
-0.266529
-0.271752
-0.278146
-0.284325
-0.289455
-0.293318
-0.296212
-0.298692
-0.301297
-0.304383
-0.308015
-0.312035
-0.316198
-0.320251
-0.324013
-0.327389
-0.330347
-0.332872
-0.334989
-0.336692
-0.337971
-0.338798
-0.339091
-0.338758
-0.337681
-0.335708
-0.332707
-0.328594
-0.32338
-0.317238
-0.310552
-0.303861
-0.297658
-0.29217
-0.287093
-0.281722
-0.275219
-0.267267
-0.258591
-0.251234
-0.247875
-0.250482
-0.258961
-0.271275
-0.284708
-0.297057
-0.30714
-0.314638
-0.31974
-0.32284
-0.324394
-0.324814
-0.324489
-0.323783
-0.323025
-0.322534
-0.322564
-0.323252
-0.324626
-0.326569
-0.328852
-0.331206
-0.333379
-0.335173
-0.336435
-0.337096
-0.33711
-0.336443
-0.335084
-0.332991
-0.330089
-0.326322
-0.321578
-0.315795
-0.308967
-0.301197
-0.292764
-0.284131
-0.275892
-0.268705
-0.263071
-0.259275
-0.257299
-0.256913
-0.257759
-0.259433
-0.261539
-0.263693
-0.26561
-0.267106
-0.268156
-0.268843
-0.269383
-0.270027
-0.270997
-0.272456
-0.274435
-0.276873
-0.279627
-0.282513
-0.285327
-0.287934
-0.290236
-0.292144
-0.293645
-0.294755
-0.295512
-0.295965
-0.296159
-0.296142
-0.295957
-0.295642
-0.295221
-0.294701
-0.294092
-0.293408
-0.292611
-0.291685
-0.290571
-0.28922
-0.287559
-0.285511
-0.283028
-0.280032
-6.36323
-6.35866
-6.35083
-6.33926
-6.32286
-6.29996
-6.27193
-6.23619
-6.19458
-6.14508
-6.08869
-6.0233
-5.95203
-5.87764
-5.80271
-5.73092
-5.66617
-5.6098
-5.56582
-5.53553
-5.51763
-5.51043
-5.51427
-5.52458
-5.54059
-5.55775
-5.57534
-5.5927
-5.60694
-5.61965
-5.62888
-5.63409
-5.63529
-5.6342
-5.63048
-5.62469
-5.61858
-5.61311
-5.60852
-5.60398
-5.60149
-5.60076
-5.59991
-5.59997
-5.59945
-5.5975
-5.59295
-5.58741
-5.58143
-5.57564
-5.5685
-5.56289
-5.55921
-5.55821
-5.55812
-5.55896
-5.56081
-5.56245
-5.56348
-5.56455
-5.56297
-5.55895
-5.55459
-5.54931
-5.54357
-5.5382
-5.53281
-5.52869
-5.52496
-5.52074
-5.51801
-5.51614
-5.51516
-5.51664
-5.51988
-5.52319
-5.52777
-5.5322
-5.53551
-5.53885
-5.54154
-5.54304
-5.54446
-5.54465
-5.54631
-5.54816
-5.55196
-5.55815
-5.56489
-5.57241
-5.57951
-5.58382
-5.58586
-5.58527
-5.58152
-5.57551
-5.56849
-5.56088
-5.55193
-5.54476
-5.53952
-5.53635
-5.53428
-5.53423
-5.53439
-5.53669
-5.53741
-5.53709
-5.5367
-5.53367
-5.53181
-5.53037
-5.52949
-5.52923
-5.5294
-5.53056
-5.53299
-5.53549
-5.53852
-5.54153
-5.54431
-5.54658
-5.54823
-5.55064
-5.55127
-5.5521
-5.55074
-5.54884
-5.54696
-5.54274
-5.53926
-5.53583
-5.53225
-5.52846
-5.52571
-5.52315
-5.52036
-5.51689
-5.51268
-5.50849
-5.50511
-5.50403
-5.50323
-5.50327
-5.50451
-5.50614
-5.50758
-5.50832
-5.50922
-5.51025
-5.51065
-5.5123
-5.51515
-5.5194
-5.52592
-5.53437
-5.5419
-5.54735
-5.54933
-5.54851
-5.54404
-5.53635
-5.52561
-5.51303
-5.49982
-5.48742
-5.47556
-5.46421
-5.45569
-5.4501
-5.44537
-5.44393
-5.44543
-5.44898
-5.45647
-5.46619
-5.47673
-5.48894
-5.50229
-5.51533
-5.52776
-5.5393
-5.5464
-5.55082
-5.55134
-5.54873
-5.54277
-5.53242
-5.52049
-5.50764
-5.49667
-5.48627
-5.48032
-5.47765
-5.48
-5.48706
-5.49797
-5.51164
-5.52798
-5.54611
-5.56394
-5.58252
-5.59819
-5.61241
-5.62387
-5.63224
-5.63652
-5.63773
-5.63531
-5.63065
-5.62367
-5.61569
-5.60465
-5.59288
-5.58167
-5.571
-5.5597
-5.5492
-5.54057
-5.53196
-5.52425
-5.51902
-5.51517
-5.51366
-5.51329
-5.51587
-5.51845
-5.52208
-5.52577
-5.52797
-5.53176
-5.53493
-5.53861
-5.54416
-5.55069
-5.55944
-5.56843
-5.57849
-5.59065
-5.60402
-5.61745
-5.63065
-5.64309
-5.65355
-5.66098
-5.66454
-5.66431
-5.66071
-5.65417
-5.64472
-5.63489
-5.62264
-5.61059
-5.59788
-5.58448
-5.56948
-5.55526
-5.54219
-5.52955
-5.52029
-5.51307
-5.50793
-5.50445
-5.50321
-5.50406
-5.50719
-5.51271
-5.51907
-5.52525
-5.53243
-5.53971
-5.54826
-5.55716
-5.5664
-5.57499
-5.58238
-5.58804
-5.59286
-5.59486
-5.59568
-5.59358
-5.59093
-5.58724
-5.58509
-5.5835
-5.58371
-5.58526
-5.58783
-5.59238
-5.59694
-5.60072
-5.60259
-5.60273
-5.60186
-5.5984
-5.59412
-5.5884
-5.5831
-5.57749
-5.57261
-5.56718
-5.56001
-5.55346
-5.54619
-5.53895
-5.53132
-5.52416
-5.51684
-5.51033
-5.50558
-5.50142
-5.49772
-5.49634
-5.49664
-5.49785
-5.50246
-5.50792
-5.51573
-5.52424
-5.5331
-5.54164
-5.55011
-5.55807
-5.5652
-5.57129
-5.57491
-5.57897
-5.58146
-5.58176
-5.58198
-5.58034
-5.57849
-5.57637
-5.57646
-5.57932
-5.58207
-5.58564
-5.58855
-5.58938
-5.58684
-5.5825
-5.57525
-5.56618
-5.55617
-5.54538
-5.53569
-5.52573
-5.51576
-5.50641
-5.49801
-5.49091
-5.48523
-5.47922
-5.47672
-5.47447
-5.47603
-5.47813
-5.483
-5.48934
-5.49691
-5.50443
-5.51254
-5.52103
-5.5289
-5.53581
-5.54183
-5.54775
-5.5523
-5.55593
-5.55726
-5.55596
-5.55469
-5.55147
-5.54889
-5.54621
-5.54314
-5.53984
-5.53761
-5.53392
-5.52775
-5.52152
-5.51415
-5.50792
-5.50294
-5.50021
-5.49942
-5.50182
-5.50647
-5.51234
-5.51762
-5.52138
-5.52269
-5.52353
-5.52203
-5.51909
-5.51516
-5.5119
-5.51032
-5.51143
-5.515
-5.52218
-5.53206
-5.54337
-5.55602
-5.56758
-5.57713
-5.58382
-5.58708
-5.58776
-5.58586
-5.58192
-5.57569
-5.56943
-5.56275
-5.55719
-5.55394
-5.55053
-5.54871
-5.54704
-5.54564
-5.54504
-5.54349
-5.54118
-5.53753
-5.53343
-5.52819
-5.52211
-5.51541
-5.50841
-5.50326
-5.49829
-5.49615
-5.49696
-5.50122
-5.50827
-5.51824
-5.53107
-5.54352
-5.55591
-5.5657
-5.5732
-5.5777
-5.57992
-5.57874
-5.57652
-5.57339
-5.56898
-5.56375
-5.55901
-5.5546
-5.54916
-5.5443
-5.53808
-5.53251
-5.52669
-5.52007
-5.51252
-5.50426
-5.4961
-5.48874
-5.48038
-5.47568
-5.47257
-5.47289
-5.47727
-5.4851
-5.49372
-5.50454
-5.51559
-5.52462
-5.53066
-5.53333
-5.53239
-5.52898
-5.52228
-5.51426
-5.50411
-5.49509
-5.48602
-5.47858
-5.47243
-5.46698
-5.46426
-5.46319
-5.46336
-5.46249
-5.46277
-5.46228
-5.46169
-5.46155
-5.46057
-5.46024
-5.46101
-5.46188
-5.46411
-5.46852
-5.47289
-5.479
-5.48596
-5.4941
-5.50225
-5.51129
-5.51863
-5.5247
-5.52986
-5.53251
-5.53421
-5.53273
-5.52848
-5.52225
-5.51321
-5.50441
-5.49454
-5.4848
-5.47615
-5.47057
-5.46736
-5.46827
-5.47285
-5.48072
-5.49197
-5.50466
-5.51842
-5.53266
-5.54604
-5.55803
-5.56861
-5.57912
-5.58753
-5.59336
-5.59845
-5.60135
-5.60373
-5.60462
-5.60377
-5.60188
-5.5999
-5.59632
-5.59111
-5.5831
-5.57388
-5.56408
-5.55307
-5.5431
-5.53459
-5.52806
-5.52513
-5.52534
-5.52805
-5.53452
-5.54326
-5.55371
-5.56438
-5.57338
-5.58267
-5.58827
-5.59152
-5.59125
-5.58837
-5.58383
-5.57725
-5.57076
-5.56548
-5.56058
-5.55545
-5.54975
-5.54477
-5.54052
-5.53642
-5.53327
-5.53097
-5.52959
-5.52931
-5.53005
-5.53153
-5.53265
-5.53365
-5.53487
-5.53296
-5.5288
-5.52319
-5.51692
-5.50757
-5.49568
-5.48269
-5.46851
-5.45532
-5.44187
-5.43005
-5.42066
-5.41471
-5.41264
-5.41395
-5.42013
-5.43055
-5.44493
-5.46153
-5.48068
-5.50067
-5.52084
-5.54048
-5.55823
-5.57359
-5.58651
-5.59632
-5.60465
-5.6082
-5.60902
-5.60772
-5.60428
-5.60115
-5.59727
-5.59194
-5.58685
-5.58181
-5.57806
-5.57409
-5.56977
-5.56469
-5.5575
-5.54923
-5.53955
-5.53025
-5.52037
-5.51172
-5.50597
-5.50185
-5.50012
-5.50038
-5.50186
-5.50467
-5.50824
-5.51296
-5.51682
-5.52118
-5.52527
-5.53029
-5.5344
-5.538
-5.53994
-5.54239
-5.54378
-5.54452
-5.5438
-5.54344
-5.54342
-5.5444
-5.54652
-5.55007
-5.55466
-5.56158
-5.56791
-5.57561
-5.58141
-5.58489
-5.58705
-5.58598
-5.58124
-5.57458
-5.56367
-5.54988
-5.53545
-5.5209
-5.50864
-5.49902
-5.49285
-5.4907
-5.4933
-5.49817
-5.50609
-5.5143
-5.52223
-5.52904
-5.53549
-5.54011
-5.54361
-5.54681
-5.54935
-5.55206
-5.5553
-5.55893
-5.56273
-5.5665
-5.56991
-5.57212
-5.57286
-5.57169
-5.56956
-5.5654
-5.56045
-5.55147
-5.53989
-5.526
-5.50968
-5.493
-5.47689
-5.46524
-5.45837
-5.45548
-5.45717
-5.46017
-5.46639
-5.4726
-5.47858
-5.48474
-5.49224
-5.49938
-5.50702
-5.51554
-5.52437
-5.53308
-5.5407
-5.54578
-5.55002
-5.55042
-5.55023
-5.5472
-5.54209
-5.5348
-5.52879
-5.52099
-5.5147
-5.51053
-5.50927
-5.51229
-5.5177
-5.52671
-5.53656
-5.54747
-5.55633
-5.56237
-5.56635
-5.56607
-5.56262
-5.55835
-5.55391
-5.55004
-5.54669
-5.54502
-5.54679
-5.54997
-5.55442
-5.55805
-5.56187
-5.56447
-5.56551
-5.56524
-5.56449
-5.56336
-5.56332
-5.56454
-5.56677
-5.5706
-5.57577
-5.58048
-5.58543
-5.58891
-5.59126
-5.59143
-5.58915
-5.58432
-5.57764
-5.56892
-5.55926
-5.54759
-5.53553
-5.52312
-5.51113
-5.50102
-5.49276
-5.48676
-5.48261
-5.48086
-5.48141
-5.48298
-5.48465
-5.48822
-5.4905
-5.4915
-5.49141
-5.48985
-5.48797
-5.48608
-5.48526
-5.48659
-5.49059
-5.49652
-5.50349
-5.50922
-5.51654
-5.52393
-5.53166
-5.54181
-5.55197
-5.56311
-5.57403
-5.58485
-5.59604
-5.60665
-5.61662
-5.62414
-5.63005
-5.63315
-5.63356
-5.63173
-5.62789
-5.62268
-5.61518
-5.60621
-5.59598
-5.58545
-5.57485
-5.5657
-5.55743
-5.55204
-5.54791
-5.54702
-5.5469
-5.5474
-5.54941
-5.55112
-5.55392
-5.55492
-5.55667
-5.55829
-5.55947
-5.5622
-5.56541
-5.56893
-5.57148
-5.57517
-5.57832
-5.58243
-5.58676
-5.59106
-5.59498
-5.5992
-5.60089
-5.6012
-5.5983
-5.59407
-5.58916
-5.58285
-5.57604
-5.5682
-5.55867
-5.549
-5.54163
-5.53612
-5.53224
-5.53106
-5.53116
-5.53276
-5.53536
-5.53925
-5.54319
-5.54536
-5.54621
-5.54464
-5.5407
-5.53492
-5.52758
-5.52089
-5.51586
-5.51279
-5.51207
-5.51556
-5.52095
-5.53075
-5.54177
-5.55297
-5.56327
-5.57318
-5.57992
-5.58379
-5.58552
-5.58657
-5.58773
-5.58898
-5.59037
-5.59261
-5.59596
-5.59945
-5.60331
-5.6081
-5.61182
-5.61606
-5.61857
-5.62001
-5.62137
-5.62057
-5.62066
-5.62101
-5.62148
-5.62401
-5.62748
-5.63153
-5.63444
-5.63769
-5.63994
-5.63956
-5.63613
-5.62957
-5.62076
-5.60983
-5.60033
-5.58975
-5.58016
-5.57212
-5.56645
-5.5599
-5.55518
-5.55117
-5.54791
-5.54479
-5.54149
-5.53857
-5.53696
-5.53491
-5.53359
-5.53378
-5.53407
-5.53435
-5.53488
-5.53587
-5.53623
-5.53759
-5.53738
-5.53535
-5.53378
-5.5308
-5.52804
-5.52693
-5.52505
-5.52503
-5.52641
-5.52668
-5.52697
-5.52621
-5.52334
-5.5201
-5.51712
-5.5149
-5.51527
-5.51951
-5.5276
-5.53817
-5.55002
-5.5634
-5.57475
-5.58583
-5.59443
-5.60027
-5.60468
-5.60619
-5.60594
-5.60435
-5.60288
-5.6004
-5.59855
-5.59769
-5.59746
-5.59572
-5.59326
-5.5887
-5.58362
-5.57698
-5.56893
-5.56058
-5.55275
-5.54488
-5.53849
-5.53271
-5.52895
-5.52606
-5.52211
-5.5193
-5.51401
-5.50848
-5.50579
-5.50465
-5.5055
-5.50975
-5.51701
-5.52547
-5.53365
-5.54194
-5.54839
-5.55039
-5.54923
-5.54436
-5.53564
-5.52467
-5.51226
-5.4994
-5.48853
-5.48013
-5.47511
-5.47425
-5.47614
-7.839
-7.80006
-7.72738
-7.64006
-7.53585
-7.42427
-7.30092
-7.18394
-7.07616
-6.9833
-6.91391
-6.87
-6.85383
-6.86152
-6.88804
-6.92778
-6.97662
-7.02308
-7.06659
-7.10628
-7.13671
-7.15643
-7.16785
-7.16824
-7.16383
-7.15288
-7.13908
-7.12329
-7.10885
-7.09808
-7.08937
-7.08787
-7.09342
-7.10397
-7.11902
-7.1399
-7.16462
-7.19343
-7.21951
-7.24424
-7.26909
-7.28789
-7.29966
-7.30542
-7.30405
-7.29884
-7.28347
-7.26211
-7.23707
-7.21018
-7.18174
-7.15787
-7.1352
-7.12224
-7.11761
-7.11959
-7.13029
-7.14472
-7.16453
-7.18472
-7.20377
-7.21935
-7.23269
-7.24188
-7.24752
-7.249
-7.24655
-7.2449
-7.24093
-7.2378
-7.23494
-7.23386
-7.23007
-7.22893
-7.22863
-7.22746
-7.22446
-7.22395
-7.22098
-7.22155
-7.22226
-7.22371
-7.22599
-7.22637
-7.22854
-7.23075
-7.22863
-7.22803
-7.22301
-7.21644
-7.20806
-7.19805
-7.18676
-7.17658
-7.16389
-7.15087
-7.137
-7.12557
-7.11639
-7.10718
-7.09986
-7.09513
-7.09197
-7.09181
-7.09366
-7.09749
-7.10499
-7.11782
-7.13491
-7.15307
-7.17372
-7.19304
-7.21317
-7.22916
-7.24543
-7.25816
-7.2673
-7.27282
-7.27722
-7.27714
-7.27447
-7.26729
-7.25907
-7.24851
-7.23709
-7.22164
-7.20745
-7.19144
-7.1793
-7.16893
-7.16118
-7.15939
-7.1595
-7.16475
-7.17399
-7.18514
-7.19809
-7.21145
-7.2225
-7.23284
-7.23907
-7.24301
-7.24734
-7.25018
-7.25343
-7.25129
-7.24778
-7.24556
-7.24149
-7.236
-7.22874
-7.21856
-7.20701
-7.19477
-7.18292
-7.17098
-7.15977
-7.14693
-7.1371
-7.13141
-7.12578
-7.12414
-7.12353
-7.12585
-7.13172
-7.14117
-7.15212
-7.16016
-7.17064
-7.18004
-7.18574
-7.19208
-7.19486
-7.19787
-7.19992
-7.20087
-7.20024
-7.20271
-7.20528
-7.20642
-7.20897
-7.21431
-7.21952
-7.22454
-7.22928
-7.23201
-7.2295
-7.23052
-7.22779
-7.22264
-7.2164
-7.20885
-7.19798
-7.19061
-7.17883
-7.16844
-7.15965
-7.15139
-7.14821
-7.14698
-7.14774
-7.15217
-7.15566
-7.16359
-7.17423
-7.18359
-7.19314
-7.20308
-7.21388
-7.2225
-7.23071
-7.23517
-7.24113
-7.24257
-7.24409
-7.243
-7.23864
-7.23428
-7.2291
-7.22235
-7.21542
-7.2071
-7.20194
-7.19945
-7.19542
-7.19363
-7.19193
-7.19346
-7.19175
-7.19308
-7.19364
-7.19343
-7.19767
-7.20094
-7.20291
-7.20419
-7.20262
-7.19954
-7.19504
-7.18636
-7.18041
-7.17186
-7.16595
-7.16099
-7.16054
-7.15749
-7.15844
-7.1608
-7.16218
-7.16311
-7.16422
-7.16532
-7.16679
-7.1679
-7.16899
-7.17108
-7.17266
-7.17715
-7.17966
-7.1853
-7.18665
-7.18681
-7.18625
-7.18664
-7.18938
-7.19041
-7.19532
-7.20227
-7.21105
-7.219
-7.22454
-7.2319
-7.2376
-7.24378
-7.24827
-7.25175
-7.24982
-7.24823
-7.24691
-7.24342
-7.23624
-7.23193
-7.22702
-7.22169
-7.21546
-7.20871
-7.20302
-7.19442
-7.1877
-7.18228
-7.17318
-7.16803
-7.16091
-7.15361
-7.14668
-7.142
-7.14125
-7.13785
-7.1394
-7.14145
-7.14588
-7.15612
-7.16758
-7.17989
-7.19445
-7.21098
-7.22463
-7.23679
-7.24568
-7.2514
-7.25292
-7.25304
-7.24841
-7.24217
-7.23321
-7.22282
-7.21164
-7.20128
-7.19309
-7.18598
-7.18122
-7.1821
-7.18198
-7.18316
-7.18684
-7.19251
-7.1976
-7.20271
-7.20578
-7.20717
-7.20935
-7.20589
-7.20257
-7.19461
-7.18648
-7.17537
-7.16354
-7.15117
-7.14084
-7.13069
-7.1233
-7.12
-7.12083
-7.1242
-7.1327
-7.14453
-7.15775
-7.17205
-7.18919
-7.20783
-7.22574
-7.24512
-7.26282
-7.28067
-7.29517
-7.30544
-7.31183
-7.3169
-7.31773
-7.31221
-7.30291
-7.29242
-7.27805
-7.26194
-7.24304
-7.22109
-7.19797
-7.1741
-7.15021
-7.12905
-7.11091
-7.09666
-7.08693
-7.08364
-7.08366
-7.09083
-7.10279
-7.11727
-7.13619
-7.15532
-7.17401
-7.19231
-7.20928
-7.22631
-7.23682
-7.24382
-7.24865
-7.2507
-7.24941
-7.24536
-7.23608
-7.2255
-7.21515
-7.20514
-7.1991
-7.18999
-7.18183
-7.17621
-7.17099
-7.16971
-7.17022
-7.17195
-7.17595
-7.18143
-7.18695
-7.19187
-7.19602
-7.19917
-7.19966
-7.19661
-7.19445
-7.19152
-7.1905
-7.18801
-7.18835
-7.18841
-7.18951
-7.19133
-7.19468
-7.20434
-7.21124
-7.21908
-7.22747
-7.2341
-7.24253
-7.24744
-7.2491
-7.24994
-7.24833
-7.24349
-7.23994
-7.23614
-7.22898
-7.22374
-7.21595
-7.20845
-7.20296
-7.19525
-7.18814
-7.18409
-7.17788
-7.17327
-7.16938
-7.16606
-7.1638
-7.1651
-7.165
-7.16927
-7.17508
-7.18042
-7.18492
-7.18567
-7.18693
-7.18758
-7.18371
-7.17679
-7.16852
-7.15831
-7.14938
-7.13745
-7.12268
-7.11191
-7.10137
-7.09825
-7.10133
-7.11123
-7.125
-7.1445
-7.16804
-7.19507
-7.22005
-7.24361
-7.26478
-7.28306
-7.29652
-7.30441
-7.30787
-7.30587
-7.30208
-7.29117
-7.27919
-7.26506
-7.25053
-7.23559
-7.22042
-7.20954
-7.19995
-7.19179
-7.18364
-7.17667
-7.17261
-7.17139
-7.17078
-7.17088
-7.173
-7.17654
-7.17433
-7.17456
-7.17235
-7.17199
-7.16875
-7.16535
-7.16225
-7.15863
-7.15559
-7.1536
-7.15154
-7.14841
-7.14488
-7.14308
-7.14777
-7.15042
-7.15813
-7.16965
-7.18262
-7.19604
-7.21197
-7.22983
-7.24302
-7.25633
-7.26559
-7.27417
-7.27847
-7.27856
-7.27781
-7.27196
-7.26408
-7.25394
-7.24099
-7.22615
-7.21219
-7.19741
-7.18328
-7.17485
-7.16831
-7.16583
-7.16642
-7.16971
-7.17355
-7.17464
-7.17915
-7.18214
-7.17846
-7.17915
-7.18034
-7.18243
-7.18378
-7.18914
-7.18757
-7.19055
-7.19165
-7.19205
-7.19418
-7.19257
-7.19398
-7.19814
-7.20409
-7.20955
-7.21357
-7.21907
-7.22645
-7.2307
-7.23349
-7.23301
-7.23241
-7.23072
-7.22668
-7.22008
-7.2147
-7.20474
-7.1964
-7.18693
-7.17977
-7.17247
-7.16252
-7.15637
-7.15032
-7.14855
-7.14652
-7.14416
-7.14784
-7.15191
-7.15849
-7.16737
-7.17432
-7.1825
-7.19013
-7.19704
-7.20315
-7.20944
-7.21232
-7.21305
-7.21161
-7.21462
-7.21743
-7.22291
-7.22775
-7.2358
-7.24528
-7.25452
-7.26016
-7.26488
-7.26551
-7.26149
-7.25677
-7.24866
-7.23655
-7.2231
-7.21263
-7.19894
-7.18605
-7.17037
-7.15906
-7.15209
-7.14852
-7.14439
-7.14464
-7.14732
-7.15445
-7.16376
-7.17078
-7.17706
-7.18238
-7.18285
-7.18575
-7.18495
-7.18336
-7.18085
-7.17885
-7.1786
-7.17866
-7.1802
-7.18262
-7.19071
-7.19898
-7.20649
-7.21373
-7.2201
-7.22683
-7.23613
-7.24402
-7.24803
-7.25429
-7.25947
-7.2603
-7.26154
-7.25692
-7.25268
-7.24432
-7.2363
-7.22661
-7.21636
-7.20663
-7.19645
-7.18669
-7.17663
-7.1714
-7.16844
-7.16549
-7.16545
-7.16744
-7.16937
-7.17662
-7.18555
-7.19374
-7.20323
-7.21057
-7.21275
-7.20952
-7.20856
-7.20262
-7.19509
-7.1829
-7.16939
-7.15454
-7.13819
-7.12357
-7.1155
-7.11005
-7.10632
-7.11061
-7.11837
-7.13393
-7.15426
-7.17713
-7.20131
-7.21789
-7.23157
-7.24049
-7.24398
-7.23949
-7.23015
-7.22357
-7.21123
-7.19942
-7.19391
-7.18887
-7.18623
-7.18521
-7.18778
-7.19552
-7.20479
-7.21375
-7.22274
-7.22813
-7.23246
-7.23211
-7.23001
-7.22531
-7.2168
-7.20988
-7.20259
-7.19452
-7.18896
-7.18262
-7.18159
-7.18094
-7.18048
-7.18017
-7.18029
-7.18045
-7.18208
-7.18588
-7.19424
-7.20013
-7.20759
-7.21496
-7.22185
-7.22955
-7.23601
-7.23929
-7.24179
-7.2409
-7.23797
-7.23249
-7.22522
-7.21823
-7.20912
-7.19815
-7.18737
-7.17432
-7.16316
-7.153
-7.14872
-7.1481
-7.14913
-7.15494
-7.16269
-7.17373
-7.18394
-7.19604
-7.20456
-7.20966
-7.21024
-7.20743
-7.20108
-7.19068
-7.17268
-7.15773
-7.14168
-7.12788
-7.12081
-7.11594
-7.11637
-7.12268
-7.13761
-7.1552
-7.17865
-7.20149
-7.22368
-7.24474
-7.25909
-7.26849
-7.27363
-7.27252
-7.26843
-7.26003
-7.25006
-7.23906
-7.22751
-7.21551
-7.2052
-7.20041
-7.19843
-7.19869
-7.201
-7.20361
-7.20829
-7.21235
-7.21353
-7.21272
-7.21358
-7.21084
-7.20791
-7.20097
-7.19518
-7.18907
-7.18468
-7.1804
-7.18172
-7.18382
-7.18774
-7.19001
-7.1957
-7.20038
-7.20391
-7.20509
-7.20725
-7.20728
-7.20622
-7.20012
-7.19514
-7.19286
-7.1902
-7.18623
-7.1857
-7.18535
-7.18718
-7.19264
-7.19782
-7.19874
-7.20052
-7.20065
-7.19786
-7.19417
-7.18669
-7.17664
-7.16868
-7.15941
-7.15476
-7.14782
-7.14367
-7.14095
-7.1416
-7.14107
-7.14274
-7.14594
-7.14832
-7.15291
-7.15955
-7.16895
-7.18019
-7.19542
-7.21112
-7.22776
-7.23995
-7.25413
-7.26383
-7.27066
-7.27233
-7.27189
-7.27043
-7.26376
-7.25646
-7.25129
-7.24605
-7.23992
-7.23308
-7.22767
-7.22179
-7.21836
-7.21639
-7.21173
-7.20647
-7.19929
-7.1925
-7.18493
-7.17588
-7.16851
-7.16281
-7.15786
-7.15409
-7.15128
-7.15071
-7.15253
-7.15565
-7.15884
-7.16685
-7.17008
-7.17269
-7.17623
-7.17713
-7.17605
-7.17594
-7.17536
-7.17803
-7.1819
-7.1897
-7.19476
-7.20552
-7.21538
-7.22389
-7.23311
-7.24077
-7.24684
-7.25074
-7.2529
-7.25422
-7.25323
-7.24993
-7.24761
-7.24188
-7.23532
-7.2243
-7.21317
-7.20352
-7.19101
-7.18108
-7.17071
-7.16282
-7.15967
-7.15843
-7.16054
-7.16558
-7.17321
-7.17805
-7.18534
-7.19199
-7.198
-7.20144
-7.20063
-7.19765
-7.19514
-7.19283
-7.18962
-7.18413
-7.17787
-7.17195
-7.17033
-7.17038
-7.17214
-7.17612
-7.17815
-7.18305
-7.19049
-7.19748
-7.20178
-7.20766
-7.21197
-7.21644
-7.2206
-7.22049
-7.22171
-7.22278
-7.22023
-7.22006
-7.21874
-7.21633
-7.21382
-7.20944
-7.20877
-7.20927
-7.20703
-7.20372
-7.20017
-7.19983
-7.20065
-7.20133
-7.20533
-7.21405
-7.22284
-7.23359
-7.23916
-7.24605
-7.24607
-7.24571
-7.24084
-7.2331
-7.2207
-7.20789
-7.19526
-7.18269
-7.17047
-7.15844
-7.15309
-7.14815
-7.1441
-7.14847
-7.15567
-7.16631
-7.17587
-7.1865
-7.19399
-7.20146
-7.20875
-7.21211
-7.21357
-7.21137
-7.20919
-7.20267
-7.1932
-7.18319
-7.17246
-7.16247
-7.15509
-7.15392
-7.15756
-7.1621
-7.16889
-7.17912
-0.0318404
-0.0318501
-0.0318662
-0.0318888
-0.031918
-0.0319537
-0.031996
-0.032045
-0.0321008
-0.0321633
-0.0322328
-0.0323092
-0.0323927
-0.0324858
-0.0325886
-0.0327085
-0.0328362
-0.0329839
-0.0331327
-0.0332972
-0.033463
-0.03364
-0.0338402
-0.0340425
-0.0342614
-0.0344709
-0.0346878
-0.034917
-0.0351661
-0.0354281
-0.0356987
-0.0359783
-0.0362623
-0.0365629
-0.0368758
-0.0372086
-0.0375498
-0.0378997
-0.0382637
-0.0386326
-0.0390117
-0.0394159
-0.0398409
-0.0402731
-0.0407203
-0.0411809
-0.0416768
-0.0421827
-0.0427208
-0.0432658
-0.0438256
-0.0444176
-0.0450309
-0.0456759
-0.0463301
-0.0470228
-0.0477481
-0.0484953
-0.0492704
-0.0500816
-0.0509184
-0.0517753
-0.0526867
-0.0536307
-0.0546227
-0.0556573
-0.0567219
-0.0578349
-0.0589934
-0.0601968
-0.0614446
-0.0627413
-0.064096
-0.0655133
-0.0669788
-0.0685186
-0.0700994
-0.0717639
-0.0734885
-0.0752781
-0.0771424
-0.079077
-0.0810893
-0.0831913
-0.0853692
-0.0876327
-0.0899844
-0.0924196
-0.0949501
-0.0975872
-0.100311
-0.103146
-0.106073
-0.109082
-0.112202
-0.115403
-0.118683
-0.122037
-0.125451
-0.128911
-0.132401
-0.135886
-0.139344
-0.142728
-0.146
-0.14912
-0.152035
-0.154731
-0.157148
-0.159274
-0.161118
-0.162677
-0.163953
-0.164925
-0.165545
-0.165698
-0.165208
-0.163878
-0.161538
-0.158105
-0.153692
-0.148678
-0.143709
-0.139723
-0.137647
-0.138224
-0.141698
-0.147769
-0.155681
-0.164441
-0.173058
-0.180698
-0.186904
-0.19161
-0.195083
-0.197697
-0.199687
-0.20102
-0.201345
-0.200302
-0.197678
-0.193654
-0.188776
-0.183811
-0.179555
-0.176655
-0.175515
-0.176317
-0.179059
-0.183615
-0.189721
-0.19702
-0.205088
-0.213531
-0.221992
-0.230162
-0.237735
-0.244452
-0.250092
-0.254481
-0.257541
-0.259268
-0.259697
-0.258933
-0.257112
-0.254425
-0.251097
-0.247342
-0.243425
-0.239563
-0.235908
-0.232598
-0.229776
-0.227652
-0.226511
-0.226673
-0.228347
-0.231498
-0.235801
-0.240703
-0.245583
-0.249887
-0.253275
-0.255599
-0.25684
-0.257119
-0.256615
-0.255564
-0.254201
-0.252766
-0.251494
-0.250608
-0.25027
-0.250585
-0.251589
-0.253254
-0.255478
-0.258105
-0.260966
-0.26387
-0.266658
-0.269215
-0.271429
-0.273224
-0.274588
-0.275499
-0.275966
-0.275987
-0.275567
-0.274679
-0.273291
-0.271358
-0.268818
-0.265681
-0.262014
-0.257996
-0.253948
-0.250309
-0.247549
-0.246055
-0.246013
-0.247364
-0.249785
-0.252756
-0.255702
-0.258077
-0.259418
-0.259508
-0.258412
-0.256573
-0.254811
-0.254108
-0.255259
-0.258516
-0.263455
-0.269193
-0.274724
-0.279225
-0.28219
-0.28345
-0.283089
-0.281412
-0.278954
-0.27645
-0.274658
-0.274195
-0.275318
-0.277743
-0.28081
-0.283691
-0.28563
-0.286154
-0.285143
-0.282823
-0.279711
-0.276489
-0.273878
-0.272394
-0.272234
-0.273305
-0.275343
-0.278028
-0.281092
-0.284328
-0.28754
-0.290561
-0.293244
-0.295521
-0.297337
-0.298745
-0.299832
-0.3007
-0.301456
-0.302157
-0.3028
-0.303293
-0.3035
-0.30324
-0.302315
-0.300581
-0.297977
-0.294568
-0.290557
-0.286321
-0.282343
-0.279182
-0.277308
-0.27706
-0.278499
-0.281394
-0.285338
-0.28986
-0.294501
-0.298931
-0.302963
-0.306524
-0.309612
-0.312288
-0.314616
-0.31666
-0.31849
-0.320171
-0.321758
-0.323287
-0.324802
-0.32629
-0.327758
-0.32915
-0.330377
-0.331334
-0.331852
-0.33172
-0.330749
-0.328744
-0.325611
-0.321404
-0.316403
-0.311148
-0.306317
-0.302632
-0.300617
-0.300604
-0.302687
-0.30678
-0.312532
-0.319364
-0.32646
-0.332931
-0.338008
-0.341117
-0.341903
-0.340213
-0.33599
-0.329329
-0.320495
-0.309932
-0.298355
-0.286731
-0.276092
-0.267526
-0.261926
-0.25998
-0.261874
-0.267269
-0.275254
-0.284657
-0.294367
-0.303564
-0.311737
-0.318662
-0.324229
-0.32846
-0.331456
-0.333339
-0.334238
-0.334291
-0.33366
-0.332474
-0.330896
-0.329085
-0.327192
-0.325406
-0.323868
-0.322704
-0.321999
-0.321777
-0.322041
-0.322715
-0.323702
-0.324911
-0.32626
-0.327668
-0.32907
-0.330452
-0.331774
-0.333078
-0.334336
-0.335564
-0.336749
-0.337915
-0.339042
-0.340121
-0.341122
-0.342021
-0.342753
-0.343247
-0.34338
-0.343015
-0.341918
-0.339781
-0.336241
-0.330816
-0.323084
-0.312736
-0.300059
-0.286338
-0.274099
-0.266476
-0.265642
-0.271322
-0.281051
-0.291682
-0.300903
-0.307614
-0.311573
-0.312994
-0.312229
-0.309762
-0.306124
-0.302007
-0.298247
-0.295708
-0.29506
-0.29655
-0.299984
-0.304763
-0.310117
-0.315344
-0.319925
-0.32356
-0.326116
-0.327599
-0.328058
-0.327543
-0.326095
-0.323689
-0.32019
-0.315403
-0.309059
-0.30095
-0.291107
-0.280049
-0.269044
-0.260029
-0.255179
-0.255945
-0.26225
-0.272484
-0.28424
-0.295371
-0.304486
-0.311009
-0.314925
-0.316493
-0.316071
-0.314026
-0.310766
-0.306689
-0.302291
-0.298124
-0.294793
-0.292819
-0.292472
-0.293711
-0.296194
-0.299399
-0.302792
-0.305944
-0.30859
-0.310614
-0.311963
-0.312656
-0.312708
-0.312136
-0.310904
-0.308986
-0.306286
-0.302737
-0.298274
-0.292887
-0.286654
-0.279782
-0.272681
-0.265956
-0.260224
-0.256031
-0.253568
-0.25261
-0.252619
-0.252958
-0.253084
-0.252693
-0.251729
-0.250339
-0.248807
-0.247412
-0.246403
-0.245901
-0.245862
-0.24626
-0.247077
-0.248384
-0.250373
-0.253207
-0.256957
-0.261476
-0.266429
-0.271371
-0.275825
-0.279454
-0.282032
-0.283439
-0.283685
-0.28282
-0.280934
-0.278142
-0.274634
-0.270641
-0.266468
-0.262471
-0.259032
-0.256459
-0.254931
-0.254462
-0.254898
-0.255948
-0.257296
-0.258664
-0.25983
-0.260688
-0.261173
-0.261292
-0.261071
-0.260555
-0.25981
-0.25888
-0.257815
-0.256653
-0.255413
-0.254121
-0.252804
-0.251453
-0.250103
-0.248794
-0.247566
-0.246485
-0.245637
-0.245116
-0.244979
-0.245244
-0.245859
-0.246716
-0.247687
-0.248643
-0.249464
-0.250124
-0.250631
-0.251069
-0.251525
-0.252086
-0.252753
-0.253491
-0.254166
-0.254607
-0.254633
-0.254063
-0.2528
-0.250813
-0.248212
-0.245212
-0.242156
-0.239415
-0.237341
-0.236162
-0.235929
-0.236523
-0.237728
-0.23932
-0.241146
-0.243199
-0.2455
-0.248142
-0.25122
-0.254731
-0.258569
-0.262538
-0.266419
-0.270003
-0.273136
-0.275731
-0.277795
-0.27939
-0.280632
-0.281635
-0.282505
-0.283319
-0.284094
-0.284835
-0.285464
-0.285903
-0.286046
-0.285798
-0.285044
-0.283645
-0.281359
-0.277866
-0.272671
-0.265224
-0.25521
-0.243161
-0.231099
-0.222531
-0.221005
-0.22761
-0.240088
-0.254463
-0.267318
-0.276913
-0.282861
-0.285535
-0.285539
-0.283631
-0.280549
-0.277058
-0.273822
-0.271269
-0.269482
-0.268228
-0.26711
-0.265858
-0.264519
-0.263575
-0.263665
-0.26534
-0.26874
-0.273585
-0.279307
-0.285308
-0.291079
-0.296318
-0.300875
-0.304742
-0.307975
-0.310676
-0.312957
-0.31492
-0.316644
-0.318198
-0.319613
-0.320902
-0.322067
-0.323112
-0.324016
-0.324792
-0.325413
-0.325863
-0.326149
-0.326264
-0.326217
-0.325998
-0.325625
-0.325125
-0.324521
-0.323819
-0.323058
-0.322215
-0.321274
-0.320141
-0.318699
-0.316787
-0.314216
-0.310762
-0.306198
-0.300328
-0.293106
-0.284752
-0.275986
-0.268239
-0.263506
-0.263711
-0.26972
-0.280654
-0.294302
-0.308238
-0.320672
-0.330704
-0.338166
-0.343254
-0.346298
-0.347662
-0.347643
-0.346477
-0.344328
-0.341358
-0.33768
-0.333442
-0.328806
-0.324024
-0.319371
-0.315153
-0.311603
-0.308868
-0.306889
-0.305383
-0.303967
-0.302279
-0.300287
-0.298398
-0.297511
-0.298674
-0.302641
-0.30939
-0.318064
-0.327445
-0.336408
-0.344208
-0.350526
-0.35533
-0.358733
-0.360892
-0.361959
-0.362045
-0.361205
-0.359459
-0.356777
-0.353128
-0.348497
-0.342885
-0.3364
-0.329291
-0.321938
-0.31496
-0.309044
-0.304887
-0.302961
-0.303379
-0.305866
-0.30988
-0.314843
-0.320245
-0.325729
-0.331052
-0.336037
-0.340467
-0.344048
-0.34646
-0.347216
-0.345828
-0.341951
-0.335609
-0.327582
-0.319727
-0.314618
-0.314471
-0.319869
-0.329306
-0.340307
-0.35068
-0.359262
-0.365727
-0.370319
-0.373453
-0.375546
-0.376938
-0.377866
-0.378487
-0.378926
-0.379219
-0.379419
-0.379553
-0.379686
-0.379846
-0.380096
-0.380516
-0.381152
-0.382065
-0.383273
-0.384747
-0.386383
-0.387947
-0.389069
-0.389198
-0.387566
-0.383268
-0.375527
-0.364309
-0.35123
-0.340095
-0.33572
-0.340725
-0.353317
-0.368776
-0.38268
-0.39268
-0.398249
-0.399677
-0.397345
-0.391277
-0.381078
-0.366188
-0.346792
-0.325379
-0.307782
-0.30109
-0.308304
-0.325459
-0.345348
-0.362741
-0.375844
-0.38505
-0.391489
-0.396228
-0.400083
-0.403578
-0.407056
-0.410645
-0.414376
-0.418116
-0.421652
-0.424732
-0.427078
-0.428438
-0.428554
-0.427244
-0.424375
-0.419945
-0.41413
-0.407376
-0.400399
-0.394075
-0.389303
-0.386713
-0.386561
-0.388636
-0.392383
-0.397045
-0.401753
-0.405628
-0.407809
-0.407503
-0.40403
-0.397025
-0.386867
-0.375165
-0.364921
-0.359616
-0.361233
-0.368928
-0.379714
-0.39044
-0.399175
-0.405295
-0.40905
-0.411006
-0.41177
-0.411847
-0.411533
-0.41098
-0.410166
-0.40895
-0.407125
-0.404578
-0.401292
-0.397473
-0.393547
-0.390002
-0.387209
-0.38526
-0.383899
-0.382666
-0.381144
-0.37914
-0.37684
-0.374733
-0.373474
-0.373582
-0.375156
-0.377778
-0.380676
-0.383076
-0.384398
-0.38443
-0.38324
-0.381108
-0.378428
-0.375654
-0.373144
-0.371233
-0.369999
-0.369387
-0.369161
-0.368932
-0.368292
-0.366835
-0.364252
-0.36044
-0.355524
-0.349863
-0.344055
-0.338815
-0.33483
-0.332661
-0.332585
-0.334463
-0.33774
-0.341573
-0.345068
-0.347488
-0.348374
-0.347648
-0.345539
-0.342426
-0.338831
-0.335279
-0.332229
-0.33005
-0.328987
-0.329146
-0.330437
-0.33265
-0.335392
-0.338248
-0.340874
-0.343042
-0.344678
-0.345801
-0.34652
-0.346948
-0.347225
-0.347438
-0.347644
-0.347887
-0.34817
-0.348458
-0.348742
-0.349
-0.349223
-0.349403
-0.349496
-0.34952
-0.349474
-0.34933
-0.3491
-0.348779
-0.34834
-0.347776
-0.347057
-0.346159
-0.345062
-0.34373
-0.342132
-0.340301
-0.338249
-0.336074
-0.333902
-0.331909
-0.330313
-0.329283
-0.328932
-0.329244
-0.330103
-0.331273
-0.33253
-0.33366
-0.334544
-0.335136
-0.335488
-0.335705
-0.335928
-0.336269
-0.336801
-0.337595
-0.338616
-0.339856
-0.34122
-0.342632
-0.343974
-0.345154
-0.346046
-0.346551
-0.346586
-0.346074
-0.344969
-0.343228
-0.340859
-0.337912
-0.334442
-0.330559
-0.326399
-0.322206
-0.318335
-0.315257
-0.313537
-0.313657
-0.315844
-0.319894
-0.325226
-0.331024
-0.336396
-0.340518
-0.342645
-0.342056
-0.338056
-0.330005
-0.317615
-0.301522
-0.283874
-0.268256
-0.258305
-0.255498
-0.0318404
-0.0318501
-0.0318662
-0.0318888
-0.031918
-0.0319537
-0.031996
-0.032045
-0.0321008
-0.0321633
-0.0322328
-0.0323092
-0.0323927
-0.0324858
-0.0325886
-0.0327085
-0.0328362
-0.0329839
-0.0331327
-0.0332972
-0.033463
-0.03364
-0.0338402
-0.0340425
-0.0342614
-0.0344709
-0.0346878
-0.034917
-0.0351661
-0.0354281
-0.0356987
-0.0359783
-0.0362623
-0.0365629
-0.0368758
-0.0372086
-0.0375498
-0.0378997
-0.0382637
-0.0386326
-0.0390117
-0.0394159
-0.0398409
-0.0402731
-0.0407203
-0.0411809
-0.0416768
-0.0421827
-0.0427208
-0.0432658
-0.0438256
-0.0444176
-0.0450309
-0.0456759
-0.0463301
-0.0470228
-0.0477481
-0.0484953
-0.0492704
-0.0500816
-0.0509184
-0.0517753
-0.0526867
-0.0536307
-0.0546227
-0.0556573
-0.0567219
-0.0578349
-0.0589934
-0.0601968
-0.0614446
-0.0627413
-0.064096
-0.0655133
-0.0669788
-0.0685186
-0.0700994
-0.0717639
-0.0734885
-0.0752781
-0.0771424
-0.079077
-0.0810893
-0.0831913
-0.0853692
-0.0876327
-0.0899844
-0.0924196
-0.0949501
-0.0975872
-0.100311
-0.103146
-0.106073
-0.109082
-0.112202
-0.115403
-0.118683
-0.122037
-0.125451
-0.128911
-0.132401
-0.135886
-0.139344
-0.142728
-0.146
-0.14912
-0.152035
-0.154731
-0.157148
-0.159274
-0.161118
-0.162677
-0.163953
-0.164925
-0.165545
-0.165698
-0.165208
-0.163878
-0.161538
-0.158105
-0.153692
-0.148678
-0.143709
-0.139723
-0.137647
-0.138224
-0.141698
-0.147769
-0.155681
-0.164441
-0.173058
-0.180698
-0.186904
-0.19161
-0.195083
-0.197697
-0.199687
-0.20102
-0.201345
-0.200302
-0.197678
-0.193654
-0.188776
-0.183811
-0.179555
-0.176655
-0.175515
-0.176317
-0.179059
-0.183615
-0.189721
-0.19702
-0.205088
-0.213531
-0.221992
-0.230162
-0.237735
-0.244452
-0.250092
-0.254481
-0.257541
-0.259268
-0.259697
-0.258933
-0.257112
-0.254425
-0.251097
-0.247342
-0.243425
-0.239563
-0.235908
-0.232598
-0.229776
-0.227652
-0.226511
-0.226673
-0.228347
-0.231498
-0.235801
-0.240703
-0.245583
-0.249887
-0.253275
-0.255599
-0.25684
-0.257119
-0.256615
-0.255564
-0.254201
-0.252766
-0.251494
-0.250608
-0.25027
-0.250585
-0.251589
-0.253254
-0.255478
-0.258105
-0.260966
-0.26387
-0.266658
-0.269215
-0.271429
-0.273224
-0.274588
-0.275499
-0.275966
-0.275987
-0.275567
-0.274679
-0.273291
-0.271358
-0.268818
-0.265681
-0.262014
-0.257996
-0.253948
-0.250309
-0.247549
-0.246055
-0.246013
-0.247364
-0.249785
-0.252756
-0.255702
-0.258077
-0.259418
-0.259508
-0.258412
-0.256573
-0.254811
-0.254108
-0.255259
-0.258516
-0.263455
-0.269193
-0.274724
-0.279225
-0.28219
-0.28345
-0.283089
-0.281412
-0.278954
-0.27645
-0.274658
-0.274195
-0.275318
-0.277743
-0.28081
-0.283691
-0.28563
-0.286154
-0.285143
-0.282823
-0.279711
-0.276489
-0.273878
-0.272394
-0.272234
-0.273305
-0.275343
-0.278028
-0.281092
-0.284328
-0.28754
-0.290561
-0.293244
-0.295521
-0.297337
-0.298745
-0.299832
-0.3007
-0.301456
-0.302157
-0.3028
-0.303293
-0.3035
-0.30324
-0.302315
-0.300581
-0.297977
-0.294568
-0.290557
-0.286321
-0.282343
-0.279182
-0.277308
-0.27706
-0.278499
-0.281394
-0.285338
-0.28986
-0.294501
-0.298931
-0.302963
-0.306524
-0.309612
-0.312288
-0.314616
-0.31666
-0.31849
-0.320171
-0.321758
-0.323287
-0.324802
-0.32629
-0.327758
-0.32915
-0.330377
-0.331334
-0.331852
-0.33172
-0.330749
-0.328744
-0.325611
-0.321404
-0.316403
-0.311148
-0.306317
-0.302632
-0.300617
-0.300604
-0.302687
-0.30678
-0.312532
-0.319364
-0.32646
-0.332931
-0.338008
-0.341117
-0.341903
-0.340213
-0.33599
-0.329329
-0.320495
-0.309932
-0.298355
-0.286731
-0.276092
-0.267526
-0.261926
-0.25998
-0.261874
-0.267269
-0.275254
-0.284657
-0.294367
-0.303564
-0.311737
-0.318662
-0.324229
-0.32846
-0.331456
-0.333339
-0.334238
-0.334291
-0.33366
-0.332474
-0.330896
-0.329085
-0.327192
-0.325406
-0.323868
-0.322704
-0.321999
-0.321777
-0.322041
-0.322715
-0.323702
-0.324911
-0.32626
-0.327668
-0.32907
-0.330452
-0.331774
-0.333078
-0.334336
-0.335564
-0.336749
-0.337915
-0.339042
-0.340121
-0.341122
-0.342021
-0.342753
-0.343247
-0.34338
-0.343015
-0.341918
-0.339781
-0.336241
-0.330816
-0.323084
-0.312736
-0.300059
-0.286338
-0.274099
-0.266476
-0.265642
-0.271322
-0.281051
-0.291682
-0.300903
-0.307614
-0.311573
-0.312994
-0.312229
-0.309762
-0.306124
-0.302007
-0.298247
-0.295708
-0.29506
-0.29655
-0.299984
-0.304763
-0.310117
-0.315344
-0.319925
-0.32356
-0.326116
-0.327599
-0.328058
-0.327543
-0.326095
-0.323689
-0.32019
-0.315403
-0.309059
-0.30095
-0.291107
-0.280049
-0.269044
-0.260029
-0.255179
-0.255945
-0.26225
-0.272484
-0.28424
-0.295371
-0.304486
-0.311009
-0.314925
-0.316493
-0.316071
-0.314026
-0.310766
-0.306689
-0.302291
-0.298124
-0.294793
-0.292819
-0.292472
-0.293711
-0.296194
-0.299399
-0.302792
-0.305944
-0.30859
-0.310614
-0.311963
-0.312656
-0.312708
-0.312136
-0.310904
-0.308986
-0.306286
-0.302737
-0.298274
-0.292887
-0.286654
-0.279782
-0.272681
-0.265956
-0.260224
-0.256031
-0.253568
-0.25261
-0.252619
-0.252958
-0.253084
-0.252693
-0.251729
-0.250339
-0.248807
-0.247412
-0.246403
-0.245901
-0.245862
-0.24626
-0.247077
-0.248384
-0.250373
-0.253207
-0.256957
-0.261476
-0.266429
-0.271371
-0.275825
-0.279454
-0.282032
-0.283439
-0.283685
-0.28282
-0.280934
-0.278142
-0.274634
-0.270641
-0.266468
-0.262471
-0.259032
-0.256459
-0.254931
-0.254462
-0.254898
-0.255948
-0.257296
-0.258664
-0.25983
-0.260688
-0.261173
-0.261292
-0.261071
-0.260555
-0.25981
-0.25888
-0.257815
-0.256653
-0.255413
-0.254121
-0.252804
-0.251453
-0.250103
-0.248794
-0.247566
-0.246485
-0.245637
-0.245116
-0.244979
-0.245244
-0.245859
-0.246716
-0.247687
-0.248643
-0.249464
-0.250124
-0.250631
-0.251069
-0.251525
-0.252086
-0.252753
-0.253491
-0.254166
-0.254607
-0.254633
-0.254063
-0.2528
-0.250813
-0.248212
-0.245212
-0.242156
-0.239415
-0.237341
-0.236162
-0.235929
-0.236523
-0.237728
-0.23932
-0.241146
-0.243199
-0.2455
-0.248142
-0.25122
-0.254731
-0.258569
-0.262538
-0.266419
-0.270003
-0.273136
-0.275731
-0.277795
-0.27939
-0.280632
-0.281635
-0.282505
-0.283319
-0.284094
-0.284835
-0.285464
-0.285903
-0.286046
-0.285798
-0.285044
-0.283645
-0.281359
-0.277866
-0.272671
-0.265224
-0.25521
-0.243161
-0.231099
-0.222531
-0.221005
-0.22761
-0.240088
-0.254463
-0.267318
-0.276913
-0.282861
-0.285535
-0.285539
-0.283631
-0.280549
-0.277058
-0.273822
-0.271269
-0.269482
-0.268228
-0.26711
-0.265858
-0.264519
-0.263575
-0.263665
-0.26534
-0.26874
-0.273585
-0.279307
-0.285308
-0.291079
-0.296318
-0.300875
-0.304742
-0.307975
-0.310676
-0.312957
-0.31492
-0.316644
-0.318198
-0.319613
-0.320902
-0.322067
-0.323112
-0.324016
-0.324792
-0.325413
-0.325863
-0.326149
-0.326264
-0.326217
-0.325998
-0.325625
-0.325125
-0.324521
-0.323819
-0.323058
-0.322215
-0.321274
-0.320141
-0.318699
-0.316787
-0.314216
-0.310762
-0.306198
-0.300328
-0.293106
-0.284752
-0.275986
-0.268239
-0.263506
-0.263711
-0.26972
-0.280654
-0.294302
-0.308238
-0.320672
-0.330704
-0.338166
-0.343254
-0.346298
-0.347662
-0.347643
-0.346477
-0.344328
-0.341358
-0.33768
-0.333442
-0.328806
-0.324024
-0.319371
-0.315153
-0.311603
-0.308868
-0.306889
-0.305383
-0.303967
-0.302279
-0.300287
-0.298398
-0.297511
-0.298674
-0.302641
-0.30939
-0.318064
-0.327445
-0.336408
-0.344208
-0.350526
-0.35533
-0.358733
-0.360892
-0.361959
-0.362045
-0.361205
-0.359459
-0.356777
-0.353128
-0.348497
-0.342885
-0.3364
-0.329291
-0.321938
-0.31496
-0.309044
-0.304887
-0.302961
-0.303379
-0.305866
-0.30988
-0.314843
-0.320245
-0.325729
-0.331052
-0.336037
-0.340467
-0.344048
-0.34646
-0.347216
-0.345828
-0.341951
-0.335609
-0.327582
-0.319727
-0.314618
-0.314471
-0.319869
-0.329306
-0.340307
-0.35068
-0.359262
-0.365727
-0.370319
-0.373453
-0.375546
-0.376938
-0.377866
-0.378487
-0.378926
-0.379219
-0.379419
-0.379553
-0.379686
-0.379846
-0.380096
-0.380516
-0.381152
-0.382065
-0.383273
-0.384747
-0.386383
-0.387947
-0.389069
-0.389198
-0.387566
-0.383268
-0.375527
-0.364309
-0.35123
-0.340095
-0.33572
-0.340725
-0.353317
-0.368776
-0.38268
-0.39268
-0.398249
-0.399677
-0.397345
-0.391277
-0.381078
-0.366188
-0.346792
-0.325379
-0.307782
-0.30109
-0.308304
-0.325459
-0.345348
-0.362741
-0.375844
-0.38505
-0.391489
-0.396228
-0.400083
-0.403578
-0.407056
-0.410645
-0.414376
-0.418116
-0.421652
-0.424732
-0.427078
-0.428438
-0.428554
-0.427244
-0.424375
-0.419945
-0.41413
-0.407376
-0.400399
-0.394075
-0.389303
-0.386713
-0.386561
-0.388636
-0.392383
-0.397045
-0.401753
-0.405628
-0.407809
-0.407503
-0.40403
-0.397025
-0.386867
-0.375165
-0.364921
-0.359616
-0.361233
-0.368928
-0.379714
-0.39044
-0.399175
-0.405295
-0.40905
-0.411006
-0.41177
-0.411847
-0.411533
-0.41098
-0.410166
-0.40895
-0.407125
-0.404578
-0.401292
-0.397473
-0.393547
-0.390002
-0.387209
-0.38526
-0.383899
-0.382666
-0.381144
-0.37914
-0.37684
-0.374733
-0.373474
-0.373582
-0.375156
-0.377778
-0.380676
-0.383076
-0.384398
-0.38443
-0.38324
-0.381108
-0.378428
-0.375654
-0.373144
-0.371233
-0.369999
-0.369387
-0.369161
-0.368932
-0.368292
-0.366835
-0.364252
-0.36044
-0.355524
-0.349863
-0.344055
-0.338815
-0.33483
-0.332661
-0.332585
-0.334463
-0.33774
-0.341573
-0.345068
-0.347488
-0.348374
-0.347648
-0.345539
-0.342426
-0.338831
-0.335279
-0.332229
-0.33005
-0.328987
-0.329146
-0.330437
-0.33265
-0.335392
-0.338248
-0.340874
-0.343042
-0.344678
-0.345801
-0.34652
-0.346948
-0.347225
-0.347438
-0.347644
-0.347887
-0.34817
-0.348458
-0.348742
-0.349
-0.349223
-0.349403
-0.349496
-0.34952
-0.349474
-0.34933
-0.3491
-0.348779
-0.34834
-0.347776
-0.347057
-0.346159
-0.345062
-0.34373
-0.342132
-0.340301
-0.338249
-0.336074
-0.333902
-0.331909
-0.330313
-0.329283
-0.328932
-0.329244
-0.330103
-0.331273
-0.33253
-0.33366
-0.334544
-0.335136
-0.335488
-0.335705
-0.335928
-0.336269
-0.336801
-0.337595
-0.338616
-0.339856
-0.34122
-0.342632
-0.343974
-0.345154
-0.346046
-0.346551
-0.346586
-0.346074
-0.344969
-0.343228
-0.340859
-0.337912
-0.334442
-0.330559
-0.326399
-0.322206
-0.318335
-0.315257
-0.313537
-0.313657
-0.315844
-0.319894
-0.325226
-0.331024
-0.336396
-0.340518
-0.342645
-0.342056
-0.338056
-0.330005
-0.317615
-0.301522
-0.283874
-0.268256
-0.258305
-0.255498
-6.36306
-6.35792
-6.34902
-6.3356
-6.31595
-6.29
-6.25701
-6.216
-6.16646
-6.10703
-6.03696
-5.95953
-5.87418
-5.78437
-5.69649
-5.61437
-5.54476
-5.49013
-5.45094
-5.42788
-5.41741
-5.41588
-5.42141
-5.4299
-5.44018
-5.45238
-5.46476
-5.47679
-5.4901
-5.50298
-5.51496
-5.52844
-5.54099
-5.55545
-5.56843
-5.58126
-5.59268
-5.60343
-5.61264
-5.62174
-5.62956
-5.63627
-5.6422
-5.64596
-5.64717
-5.64612
-5.64273
-5.63603
-5.62784
-5.61659
-5.60444
-5.59099
-5.57801
-5.56658
-5.55863
-5.55502
-5.55619
-5.56268
-5.57385
-5.58613
-5.59811
-5.609
-5.61762
-5.62212
-5.62224
-5.61858
-5.6127
-5.60457
-5.59732
-5.58946
-5.58315
-5.57761
-5.5741
-5.57152
-5.56925
-5.56905
-5.5691
-5.56948
-5.56914
-5.56859
-5.56624
-5.56351
-5.56086
-5.5586
-5.55709
-5.55691
-5.55845
-5.5646
-5.56967
-5.578
-5.5879
-5.59807
-5.60932
-5.61918
-5.62838
-5.63719
-5.64594
-5.65292
-5.65963
-5.66474
-5.67063
-5.67333
-5.67636
-5.67727
-5.67495
-5.67147
-5.66831
-5.66425
-5.66087
-5.65729
-5.65626
-5.65549
-5.65631
-5.65595
-5.65545
-5.65414
-5.6535
-5.65136
-5.65016
-5.64814
-5.64801
-5.64662
-5.64636
-5.64543
-5.64419
-5.64158
-5.63758
-5.63302
-5.62721
-5.62127
-5.61682
-5.6135
-5.61352
-5.61717
-5.62366
-5.63311
-5.64469
-5.65751
-5.66873
-5.67879
-5.68614
-5.69136
-5.69352
-5.69425
-5.69258
-5.69024
-5.68526
-5.67804
-5.67133
-5.66462
-5.65656
-5.64936
-5.6411
-5.63585
-5.62999
-5.62491
-5.62268
-5.62212
-5.62267
-5.62656
-5.6317
-5.638
-5.6439
-5.6504
-5.65624
-5.66089
-5.66495
-5.66756
-5.66895
-5.66771
-5.66526
-5.65991
-5.65217
-5.64275
-5.63262
-5.62219
-5.61191
-5.60254
-5.59539
-5.58871
-5.58451
-5.58276
-5.58266
-5.58516
-5.59012
-5.59689
-5.60532
-5.61518
-5.62725
-5.64038
-5.6547
-5.66764
-5.67853
-5.68808
-5.69565
-5.69877
-5.7011
-5.70138
-5.70015
-5.69587
-5.69078
-5.68532
-5.6774
-5.6669
-5.65541
-5.64302
-5.63081
-5.61958
-5.61037
-5.60273
-5.5964
-5.59293
-5.59173
-5.59217
-5.59423
-5.59776
-5.60218
-5.60614
-5.61078
-5.61401
-5.6164
-5.61589
-5.61382
-5.61055
-5.60528
-5.59868
-5.59265
-5.58709
-5.58172
-5.57759
-5.57606
-5.57483
-5.57594
-5.57918
-5.58304
-5.58731
-5.59175
-5.59504
-5.59896
-5.6028
-5.60806
-5.61679
-5.62969
-5.64577
-5.66561
-5.68601
-5.70602
-5.72072
-5.72982
-5.73345
-5.73171
-5.72467
-5.71417
-5.70019
-5.6846
-5.67013
-5.65693
-5.64535
-5.63635
-5.63084
-5.62881
-5.6285
-5.62954
-5.62985
-5.63073
-5.63031
-5.62874
-5.62533
-5.62075
-5.61609
-5.60906
-5.60268
-5.59604
-5.58794
-5.57957
-5.57043
-5.5604
-5.54957
-5.54022
-5.53137
-5.52432
-5.52017
-5.51918
-5.51998
-5.5234
-5.52806
-5.53553
-5.54519
-5.55699
-5.56955
-5.58375
-5.59847
-5.61188
-5.62421
-5.63559
-5.64617
-5.65462
-5.6617
-5.66893
-5.67298
-5.67365
-5.673
-5.66936
-5.66324
-5.6565
-5.64809
-5.63816
-5.62826
-5.62005
-5.61229
-5.60766
-5.60596
-5.60564
-5.60818
-5.61288
-5.61882
-5.62597
-5.63486
-5.64397
-5.65247
-5.66133
-5.67092
-5.67895
-5.68551
-5.68907
-5.68967
-5.68703
-5.68259
-5.67731
-5.6715
-5.66567
-5.66021
-5.65431
-5.64744
-5.64104
-5.63417
-5.62942
-5.6253
-5.62325
-5.62394
-5.62437
-5.62659
-5.63094
-5.63549
-5.63965
-5.64385
-5.64975
-5.65636
-5.66372
-5.67207
-5.68056
-5.68837
-5.69488
-5.69899
-5.70229
-5.70349
-5.70228
-5.70023
-5.69726
-5.69358
-5.68878
-5.68297
-5.67606
-5.66938
-5.66228
-5.65469
-5.64685
-5.63911
-5.63309
-5.62708
-5.62344
-5.62236
-5.62226
-5.62504
-5.62843
-5.63265
-5.63654
-5.64105
-5.64543
-5.64983
-5.65344
-5.65602
-5.65788
-5.65772
-5.6552
-5.65051
-5.64551
-5.63963
-5.63434
-5.6301
-5.62463
-5.62043
-5.61772
-5.61667
-5.61729
-5.61909
-5.62248
-5.62622
-5.62913
-5.63088
-5.63097
-5.62984
-5.62727
-5.62298
-5.61678
-5.61019
-5.60285
-5.59545
-5.58795
-5.5826
-5.58095
-5.58218
-5.58837
-5.59667
-5.60537
-5.61372
-5.62016
-5.62367
-5.62202
-5.61767
-5.61144
-5.60193
-5.59237
-5.58348
-5.57503
-5.56918
-5.56361
-5.56098
-5.55953
-5.56096
-5.56366
-5.56873
-5.57651
-5.58689
-5.59908
-5.61129
-5.62352
-5.63635
-5.64928
-5.65986
-5.66876
-5.67624
-5.68177
-5.68443
-5.6829
-5.67831
-5.67248
-5.66394
-5.65446
-5.64364
-5.6328
-5.62374
-5.61508
-5.6087
-5.60237
-5.59788
-5.59393
-5.59137
-5.59005
-5.58836
-5.58811
-5.5881
-5.59065
-5.59571
-5.60324
-5.61382
-5.62589
-5.63845
-5.65072
-5.6637
-5.67561
-5.68538
-5.69253
-5.69819
-5.69941
-5.69786
-5.69178
-5.68213
-5.66921
-5.65412
-5.63596
-5.61631
-5.59683
-5.57921
-5.56511
-5.55485
-5.54882
-5.54771
-5.55095
-5.55815
-5.56732
-5.57888
-5.59119
-5.60165
-5.61091
-5.61742
-5.62231
-5.62367
-5.62193
-5.61847
-5.61446
-5.61013
-5.60619
-5.60361
-5.6006
-5.59897
-5.59788
-5.59743
-5.59789
-5.5989
-5.59906
-5.59933
-5.59896
-5.59831
-5.59742
-5.59642
-5.59742
-5.59909
-5.60253
-5.60611
-5.61036
-5.61519
-5.62067
-5.62469
-5.62766
-5.62833
-5.62677
-5.62367
-5.61873
-5.61277
-5.60772
-5.60175
-5.59745
-5.59471
-5.59254
-5.59107
-5.58858
-5.58617
-5.58388
-5.58206
-5.58089
-5.5824
-5.58491
-5.59077
-5.59804
-5.60649
-5.61653
-5.62701
-5.63662
-5.64568
-5.65203
-5.65575
-5.65746
-5.65636
-5.6544
-5.6493
-5.64384
-5.63641
-5.62769
-5.61722
-5.60556
-5.59378
-5.58088
-5.5674
-5.55436
-5.54321
-5.53152
-5.52148
-5.51495
-5.51152
-5.50925
-5.51086
-5.51459
-5.52089
-5.52854
-5.53562
-5.54238
-5.54778
-5.55071
-5.5529
-5.55284
-5.54978
-5.54364
-5.5349
-5.52381
-5.51181
-5.50201
-5.49284
-5.48721
-5.48517
-5.48638
-5.49147
-5.49962
-5.51005
-5.52219
-5.53513
-5.54835
-5.56019
-5.57205
-5.58119
-5.58833
-5.59391
-5.59692
-5.59859
-5.60011
-5.60187
-5.60324
-5.60458
-5.60788
-5.61219
-5.61738
-5.62445
-5.63102
-5.6373
-5.64112
-5.6455
-5.64697
-5.64593
-5.64297
-5.63725
-5.63046
-5.62249
-5.61435
-5.60592
-5.60032
-5.59573
-5.5932
-5.59254
-5.59199
-5.59184
-5.59117
-5.59165
-5.59496
-5.59847
-5.60428
-5.61099
-5.61691
-5.6203
-5.62022
-5.61662
-5.61042
-5.60149
-5.59225
-5.58354
-5.57678
-5.57327
-5.57404
-5.57693
-5.58176
-5.58712
-5.59103
-5.59408
-5.59665
-5.60014
-5.60334
-5.6055
-5.60764
-5.6077
-5.60569
-5.60184
-5.59633
-5.58854
-5.58021
-5.57255
-5.56558
-5.5585
-5.55231
-5.54647
-5.54208
-5.53892
-5.53722
-5.53744
-5.5381
-5.54001
-5.54186
-5.54423
-5.54655
-5.54651
-5.54657
-5.54603
-5.54412
-5.54187
-5.53935
-5.53772
-5.53749
-5.53651
-5.5354
-5.5353
-5.53506
-5.53513
-5.53559
-5.53701
-5.53876
-5.54027
-5.5422
-5.54558
-5.54789
-5.55117
-5.55246
-5.55389
-5.55389
-5.55279
-5.55169
-5.54788
-5.54258
-5.53749
-5.53052
-5.52482
-5.51916
-5.51499
-5.51095
-5.50647
-5.50334
-5.49932
-5.4961
-5.49429
-5.49424
-5.49482
-5.49723
-5.50184
-5.50848
-5.51662
-5.52779
-5.5402
-5.55466
-5.57001
-5.58518
-5.59989
-5.61329
-5.62304
-5.63236
-5.63855
-5.64116
-5.64126
-5.64097
-5.63896
-5.63636
-5.63366
-5.63072
-5.62893
-5.6279
-5.62893
-5.62979
-5.63251
-5.63688
-5.6401
-5.64241
-5.643
-5.64145
-5.63667
-5.62799
-5.61836
-5.60523
-5.58976
-5.57464
-5.55925
-5.54537
-5.536
-5.5294
-5.52678
-5.52853
-5.53212
-5.53752
-5.54507
-5.55304
-5.56195
-5.57112
-5.5812
-5.58954
-5.59651
-5.60252
-5.60574
-5.60745
-5.60692
-5.60435
-5.60122
-5.59752
-5.59279
-5.58807
-5.58255
-5.57772
-5.57066
-5.56362
-5.55582
-5.5468
-5.53798
-5.52786
-5.51838
-5.51066
-5.50478
-5.50086
-5.49814
-5.49658
-5.49561
-5.49351
-5.48976
-5.48465
-5.4778
-5.47124
-5.46531
-5.46169
-5.46168
-5.4646
-5.47078
-5.48069
-5.49135
-5.50493
-5.51878
-5.53377
-5.5476
-5.56116
-5.57573
-5.58922
-5.6016
-5.61213
-5.62181
-5.62971
-5.63706
-5.64256
-5.64737
-5.65128
-5.65308
-5.65525
-5.65377
-5.65033
-5.64514
-5.63597
-5.62335
-5.60746
-5.59098
-5.57289
-5.5547
-5.53738
-5.5237
-5.51289
-5.50705
-5.50533
-5.50735
-5.5124
-5.51912
-5.52614
-5.53261
-5.53812
-5.54121
-5.54223
-5.54093
-5.53715
-5.53062
-5.52498
-5.51853
-5.51357
-5.5115
-5.50896
-5.50777
-5.50666
-5.50536
-5.50391
-5.50201
-5.50191
-5.50368
-5.5051
-5.50683
-5.50901
-5.51047
-5.51063
-5.50934
-5.50877
-5.50935
-5.51319
-5.5204
-5.53004
-5.54311
-5.55696
-5.57049
-5.58266
-5.59346
-5.60223
-5.60938
-5.61496
-5.61732
-5.61765
-5.61662
-5.61432
-5.61118
-5.60789
-5.60583
-5.60491
-5.60492
-5.60684
-5.60851
-5.61258
-5.617
-5.62014
-5.62162
-5.62037
-5.61613
-5.60817
-5.59543
-5.57863
-5.55984
-5.53964
-5.52115
-5.50697
-5.49849
-5.49546
-5.49827
-5.5039
-5.51149
-5.52071
-5.52835
-5.53619
-5.54345
-5.54846
-5.5525
-5.55579
-5.55776
-5.55931
-5.56061
-5.56165
-5.56182
-5.56244
-5.56282
-5.56266
-5.56301
-5.5627
-5.56358
-5.56463
-5.567
-5.56951
-5.57184
-5.57334
-5.57292
-5.57266
-5.57232
-5.57184
-5.57308
-5.5764
-5.58124
-5.5866
-5.59248
-5.6001
-5.6089
-5.62027
-5.63145
-5.64112
-5.64728
-5.64809
-5.64473
-5.63626
-5.62332
-5.60702
-5.59134
-5.57537
-5.56115
-5.54903
-5.53928
-5.53184
-5.52632
-5.52378
-5.52265
-5.52381
-5.52492
-5.52694
-5.52936
-5.5334
-5.53743
-5.54202
-5.54766
-5.55303
-5.55804
-5.5622
-5.56522
-5.56624
-5.5657
-5.56255
-5.55587
-5.54821
-5.53806
-5.52605
-5.51612
-5.50785
-5.50231
-5.50102
-5.50436
-5.51089
-5.52258
-5.534
-5.54648
-5.55725
-5.56636
-5.5726
-5.57609
-5.57691
-5.57459
-5.56996
-5.56361
-5.55516
-5.5462
-5.53643
-5.52772
-7.83885
-7.79987
-7.72806
-7.63882
-7.53494
-7.42121
-7.30296
-7.18523
-7.07878
-6.98678
-6.9172
-6.8732
-6.85665
-6.86364
-6.88854
-6.92803
-6.97288
-7.01691
-7.05807
-7.09275
-7.11865
-7.13658
-7.14531
-7.14665
-7.14259
-7.13715
-7.12575
-7.1161
-7.10983
-7.10739
-7.11115
-7.11729
-7.12972
-7.14577
-7.16159
-7.18042
-7.19856
-7.21634
-7.23238
-7.24522
-7.25389
-7.26173
-7.26317
-7.26339
-7.26088
-7.25263
-7.24082
-7.22899
-7.2156
-7.20225
-7.18753
-7.17705
-7.16719
-7.15777
-7.15194
-7.14915
-7.15123
-7.15945
-7.17038
-7.18195
-7.19105
-7.19771
-7.20407
-7.20709
-7.2069
-7.20663
-7.20365
-7.20527
-7.207
-7.20747
-7.21135
-7.21623
-7.22421
-7.23474
-7.24588
-7.25619
-7.2659
-7.27219
-7.27474
-7.27395
-7.27086
-7.26255
-7.25347
-7.24409
-7.23406
-7.2218
-7.21229
-7.20213
-7.19404
-7.19012
-7.18744
-7.18363
-7.18213
-7.17875
-7.17608
-7.17098
-7.16647
-7.16272
-7.15636
-7.14867
-7.14079
-7.1308
-7.12351
-7.11748
-7.11176
-7.10832
-7.11037
-7.11565
-7.12729
-7.14372
-7.16389
-7.18808
-7.21151
-7.23679
-7.26243
-7.2812
-7.30044
-7.31304
-7.32331
-7.32596
-7.32346
-7.31304
-7.29789
-7.27455
-7.2492
-7.21972
-7.19336
-7.16965
-7.14704
-7.12853
-7.11856
-7.11121
-7.10856
-7.10743
-7.1079
-7.11007
-7.11568
-7.1239
-7.1315
-7.13721
-7.14773
-7.1604
-7.17482
-7.19096
-7.20834
-7.22599
-7.24067
-7.25087
-7.25909
-7.2629
-7.26275
-7.26003
-7.25393
-7.24352
-7.233
-7.22288
-7.21209
-7.20408
-7.19831
-7.19619
-7.19537
-7.19906
-7.20635
-7.21327
-7.22079
-7.22786
-7.22974
-7.22661
-7.21863
-7.20659
-7.18964
-7.16992
-7.15064
-7.13375
-7.11792
-7.10929
-7.10459
-7.1075
-7.11841
-7.13613
-7.15562
-7.17711
-7.19488
-7.21279
-7.22616
-7.23426
-7.23694
-7.23345
-7.22951
-7.2203
-7.21424
-7.20603
-7.19813
-7.19212
-7.18575
-7.17944
-7.17193
-7.1639
-7.15781
-7.15042
-7.14366
-7.13845
-7.13609
-7.13836
-7.14533
-7.15598
-7.17146
-7.18613
-7.20309
-7.22246
-7.24004
-7.25046
-7.25922
-7.26568
-7.26767
-7.26444
-7.25742
-7.24474
-7.2332
-7.21891
-7.2043
-7.18854
-7.17653
-7.16454
-7.15263
-7.14713
-7.14295
-7.14524
-7.15171
-7.16431
-7.17882
-7.19164
-7.2063
-7.22011
-7.23051
-7.23844
-7.24368
-7.24341
-7.24537
-7.24244
-7.23935
-7.2344
-7.22961
-7.22353
-7.21621
-7.20799
-7.19871
-7.18908
-7.17976
-7.16968
-7.15959
-7.1482
-7.14141
-7.13767
-7.13934
-7.14215
-7.1506
-7.16085
-7.17694
-7.1898
-7.20506
-7.21621
-7.22581
-7.23435
-7.23931
-7.24214
-7.24386
-7.24416
-7.24083
-7.23622
-7.23296
-7.23089
-7.22995
-7.23143
-7.23385
-7.23488
-7.23622
-7.23812
-7.23654
-7.23198
-7.22396
-7.21203
-7.19967
-7.18459
-7.16732
-7.15206
-7.1369
-7.12323
-7.11418
-7.10767
-7.10696
-7.11562
-7.12812
-7.14558
-7.16443
-7.18413
-7.20303
-7.22222
-7.2358
-7.24457
-7.24836
-7.25222
-7.25282
-7.25172
-7.24885
-7.24394
-7.24009
-7.23498
-7.23039
-7.2213
-7.21389
-7.20671
-7.1998
-7.19455
-7.19102
-7.19175
-7.19227
-7.19194
-7.19375
-7.19564
-7.19649
-7.19922
-7.19882
-7.19812
-7.20093
-7.1983
-7.19699
-7.19521
-7.19313
-7.18863
-7.18575
-7.18373
-7.17959
-7.17454
-7.16826
-7.16051
-7.15443
-7.14663
-7.1389
-7.13591
-7.13305
-7.13602
-7.14384
-7.15679
-7.16972
-7.18786
-7.20534
-7.22262
-7.23724
-7.24798
-7.25312
-7.25372
-7.25164
-7.24679
-7.24255
-7.23456
-7.22803
-7.22363
-7.22102
-7.21759
-7.21704
-7.21763
-7.21894
-7.22124
-7.2174
-7.21593
-7.21081
-7.20817
-7.20365
-7.19481
-7.18554
-7.17401
-7.16208
-7.14682
-7.13733
-7.12536
-7.11656
-7.11246
-7.1184
-7.12735
-7.14332
-7.16196
-7.18395
-7.20487
-7.22552
-7.24208
-7.25566
-7.26392
-7.26775
-7.26628
-7.26101
-7.25697
-7.24959
-7.2399
-7.23453
-7.2278
-7.22121
-7.2183
-7.21723
-7.21505
-7.21358
-7.21349
-7.21117
-7.20306
-7.19762
-7.18833
-7.17804
-7.16416
-7.14968
-7.13245
-7.1186
-7.10397
-7.09521
-7.09028
-7.08868
-7.09343
-7.10099
-7.11328
-7.1287
-7.14546
-7.16339
-7.17989
-7.19709
-7.21328
-7.22598
-7.24143
-7.25139
-7.25954
-7.26789
-7.2715
-7.27439
-7.27706
-7.27546
-7.27348
-7.26759
-7.2632
-7.25553
-7.24396
-7.23599
-7.22747
-7.21925
-7.21163
-7.2105
-7.20589
-7.20309
-7.20176
-7.2025
-7.19983
-7.19603
-7.18975
-7.18198
-7.17367
-7.16857
-7.16206
-7.15932
-7.15807
-7.15786
-7.15983
-7.16202
-7.166
-7.16925
-7.17093
-7.17208
-7.17218
-7.17246
-7.17419
-7.17751
-7.18483
-7.19413
-7.20311
-7.2138
-7.22329
-7.23425
-7.24358
-7.24931
-7.25326
-7.25898
-7.26259
-7.26144
-7.26094
-7.25975
-7.25564
-7.25236
-7.24338
-7.23619
-7.22756
-7.22071
-7.21196
-7.20365
-7.19675
-7.18957
-7.18108
-7.17198
-7.16346
-7.15673
-7.14967
-7.14359
-7.13845
-7.13357
-7.12979
-7.12979
-7.12975
-7.1317
-7.13745
-7.1462
-7.15603
-7.16973
-7.18652
-7.20229
-7.21784
-7.23129
-7.24075
-7.24775
-7.25071
-7.25256
-7.25278
-7.25364
-7.25514
-7.25624
-7.25689
-7.25692
-7.25459
-7.25356
-7.24766
-7.24065
-7.23139
-7.2216
-7.20955
-7.19663
-7.18004
-7.16501
-7.14907
-7.1351
-7.1166
-7.10448
-7.09344
-7.08956
-7.09199
-7.10126
-7.11372
-7.13151
-7.15432
-7.17727
-7.19739
-7.21672
-7.23378
-7.24552
-7.2512
-7.25335
-7.25022
-7.24715
-7.24343
-7.23942
-7.23543
-7.23616
-7.23999
-7.24464
-7.24846
-7.25166
-7.2566
-7.26077
-7.26559
-7.26741
-7.26372
-7.2567
-7.24589
-7.23284
-7.21596
-7.19925
-7.18002
-7.16326
-7.14942
-7.1428
-7.13897
-7.14006
-7.1455
-7.15193
-7.16261
-7.1705
-7.1792
-7.18779
-7.19147
-7.19103
-7.18831
-7.18296
-7.17779
-7.16934
-7.16508
-7.15912
-7.15666
-7.15649
-7.16176
-7.16851
-7.17914
-7.19124
-7.20218
-7.21297
-7.22536
-7.23458
-7.24148
-7.24558
-7.24383
-7.24011
-7.23071
-7.21894
-7.20554
-7.19342
-7.18254
-7.17355
-7.16948
-7.17127
-7.17573
-7.1837
-7.19409
-7.20232
-7.21232
-7.2194
-7.22462
-7.22948
-7.22749
-7.2267
-7.22023
-7.2128
-7.20589
-7.19682
-7.18859
-7.1781
-7.16819
-7.15754
-7.15038
-7.14305
-7.14061
-7.1423
-7.14857
-7.16093
-7.17806
-7.19689
-7.21595
-7.23517
-7.25516
-7.2682
-7.27858
-7.2826
-7.2813
-7.27591
-7.2653
-7.25091
-7.23628
-7.21888
-7.20025
-7.18178
-7.16957
-7.15981
-7.15337
-7.15184
-7.15579
-7.15985
-7.1691
-7.17679
-7.1856
-7.19318
-7.2026
-7.21144
-7.21805
-7.2235
-7.22733
-7.22995
-7.23056
-7.23141
-7.23112
-7.22978
-7.22815
-7.22189
-7.21686
-7.2094
-7.19694
-7.18405
-7.16934
-7.16087
-7.14972
-7.14617
-7.14163
-7.14369
-7.14534
-7.14991
-7.15533
-7.15943
-7.1631
-7.16764
-7.17186
-7.17369
-7.17386
-7.17432
-7.17526
-7.17646
-7.17793
-7.18149
-7.1882
-7.1969
-7.20518
-7.21587
-7.23087
-7.24371
-7.25535
-7.26512
-7.27058
-7.27549
-7.27778
-7.27853
-7.2738
-7.26525
-7.25326
-7.24245
-7.2291
-7.21421
-7.20007
-7.18649
-7.17594
-7.16558
-7.15907
-7.15797
-7.16079
-7.16232
-7.16477
-7.16757
-7.16944
-7.17116
-7.17464
-7.17639
-7.17936
-7.1828
-7.18698
-7.19583
-7.20243
-7.21211
-7.22276
-7.23254
-7.24167
-7.24659
-7.25006
-7.25138
-7.249
-7.24467
-7.23548
-7.22097
-7.20555
-7.18968
-7.17332
-7.15721
-7.14316
-7.13246
-7.12662
-7.12365
-7.12642
-7.13533
-7.14497
-7.15759
-7.16812
-7.17792
-7.18644
-7.19312
-7.20122
-7.20485
-7.20725
-7.20839
-7.20922
-7.20906
-7.21085
-7.21185
-7.21228
-7.21295
-7.2174
-7.22519
-7.2329
-7.2404
-7.24804
-7.25461
-7.25588
-7.25864
-7.26019
-7.25542
-7.24967
-7.24243
-7.23323
-7.22343
-7.20979
-7.1968
-7.18524
-7.17632
-7.17129
-7.16662
-7.16734
-7.17312
-7.17757
-7.17919
-7.17515
-7.16975
-7.16247
-7.15391
-7.14499
-7.14051
-7.13842
-7.1404
-7.1452
-7.15311
-7.15988
-7.16896
-7.17606
-7.18341
-7.19119
-7.19684
-7.20515
-7.21176
-7.2173
-7.22542
-7.23378
-7.2408
-7.24742
-7.25439
-7.25651
-7.25419
-7.25107
-7.2478
-7.24408
-7.23781
-7.23535
-7.23209
-7.23007
-7.2275
-7.22373
-7.21973
-7.21627
-7.21312
-7.20869
-7.20483
-7.20016
-7.19433
-7.18969
-7.18585
-7.1825
-7.17816
-7.17549
-7.17376
-7.17681
-7.18047
-7.18332
-7.18673
-7.19151
-7.19186
-7.19217
-7.19436
-7.19598
-7.19649
-7.19627
-7.19623
-7.1955
-7.19347
-7.19057
-7.1845
-7.18007
-7.17365
-7.16734
-7.16399
-7.15924
-7.16008
-7.16502
-7.17021
-7.17645
-7.18651
-7.19534
-7.20417
-7.21008
-7.21256
-7.21165
-7.21032
-7.20891
-7.20448
-7.20197
-7.20377
-7.20503
-7.20798
-7.21395
-7.21662
-7.22187
-7.22209
-7.22244
-7.21932
-7.21502
-7.20676
-7.19828
-7.18881
-7.17953
-7.17143
-7.16673
-7.16303
-7.16249
-7.16665
-7.17009
-7.17777
-7.18052
-7.18677
-7.1928
-7.19726
-7.20461
-7.20987
-7.21383
-7.21878
-7.22428
-7.2248
-7.22299
-7.2217
-7.21782
-7.21262
-7.2087
-7.20483
-7.1977
-7.19252
-7.18603
-7.18011
-7.17157
-7.16291
-7.15531
-7.1492
-7.14507
-7.14296
-7.14331
-7.1497
-7.15557
-7.16668
-7.17619
-7.18799
-7.19701
-7.20485
-7.21105
-7.21661
-7.21845
-7.21781
-7.21552
-7.21203
-7.20647
-7.20212
-7.19566
-7.19258
-7.19139
-7.19763
-7.20578
-7.21602
-7.22951
-7.24397
-7.25848
-7.26828
-7.27769
-7.2813
-7.28208
-7.27797
-7.26808
-7.25652
-7.24045
-7.22217
-7.20079
-7.1793
-7.15801
-7.141
-7.1291
-7.11989
-7.11689
-7.11836
-7.12199
-7.12971
-7.14097
-7.15613
-7.16805
-7.18322
-7.19884
-7.20899
-7.22024
-7.22849
-7.23236
-7.2338
-7.23275
-7.22715
-7.21759
-7.20661
-7.19633
-7.18794
-7.18052
-7.17622
-7.17428
-7.1742
-7.17806
-7.18015
-7.18653
-7.19701
-7.20646
-7.21461
-7.219
-7.22131
-7.2202
-7.21533
-7.21122
-0.0318404
-0.0318501
-0.0318662
-0.0318888
-0.031918
-0.0319537
-0.031996
-0.032045
-0.0321008
-0.0321633
-0.0322328
-0.0323092
-0.0323927
-0.0324858
-0.0325886
-0.0327085
-0.0328362
-0.0329839
-0.0331327
-0.0332972
-0.033463
-0.03364
-0.0338402
-0.0340425
-0.0342614
-0.0344709
-0.0346878
-0.034917
-0.0351661
-0.0354281
-0.0356987
-0.0359783
-0.0362623
-0.0365629
-0.0368758
-0.0372086
-0.0375498
-0.0378997
-0.0382637
-0.0386326
-0.0390117
-0.0394159
-0.0398409
-0.0402731
-0.0407203
-0.0411809
-0.0416768
-0.0421827
-0.0427208
-0.0432658
-0.0438256
-0.0444176
-0.0450309
-0.0456759
-0.0463301
-0.0470228
-0.0477481
-0.0484953
-0.0492704
-0.0500816
-0.0509184
-0.0517753
-0.0526867
-0.0536307
-0.0546227
-0.0556573
-0.0567219
-0.0578349
-0.0589934
-0.0601968
-0.0614446
-0.0627413
-0.064096
-0.0655133
-0.0669788
-0.0685186
-0.0700994
-0.0717639
-0.0734885
-0.0752781
-0.0771424
-0.079077
-0.0810893
-0.0831913
-0.0853692
-0.0876327
-0.0899844
-0.0924196
-0.0949501
-0.0975872
-0.100311
-0.103146
-0.106073
-0.109082
-0.112202
-0.115403
-0.118683
-0.122037
-0.125451
-0.128911
-0.132401
-0.135886
-0.139344
-0.142728
-0.146
-0.14912
-0.152035
-0.154731
-0.157148
-0.159274
-0.161118
-0.162677
-0.163953
-0.164925
-0.165545
-0.165698
-0.165208
-0.163878
-0.161538
-0.158105
-0.153692
-0.148678
-0.143709
-0.139723
-0.137647
-0.138224
-0.141698
-0.147769
-0.155681
-0.164441
-0.173058
-0.180698
-0.186904
-0.19161
-0.195083
-0.197697
-0.199687
-0.20102
-0.201345
-0.200302
-0.197678
-0.193654
-0.188776
-0.183811
-0.179555
-0.176655
-0.175515
-0.176317
-0.179059
-0.183615
-0.189721
-0.19702
-0.205088
-0.213531
-0.221992
-0.230162
-0.237735
-0.244452
-0.250092
-0.254481
-0.257541
-0.259268
-0.259697
-0.258933
-0.257112
-0.254425
-0.251097
-0.247342
-0.243425
-0.239563
-0.235908
-0.232598
-0.229776
-0.227652
-0.226511
-0.226673
-0.228347
-0.231498
-0.235801
-0.240703
-0.245583
-0.249887
-0.253275
-0.255599
-0.25684
-0.257119
-0.256615
-0.255564
-0.254201
-0.252766
-0.251494
-0.250608
-0.25027
-0.250585
-0.251589
-0.253254
-0.255478
-0.258105
-0.260966
-0.26387
-0.266658
-0.269215
-0.271429
-0.273224
-0.274588
-0.275499
-0.275966
-0.275987
-0.275567
-0.274679
-0.273291
-0.271358
-0.268818
-0.265681
-0.262014
-0.257996
-0.253948
-0.250309
-0.247549
-0.246055
-0.246013
-0.247364
-0.249785
-0.252756
-0.255702
-0.258077
-0.259418
-0.259508
-0.258412
-0.256573
-0.254811
-0.254108
-0.255259
-0.258516
-0.263455
-0.269193
-0.274724
-0.279225
-0.28219
-0.28345
-0.283089
-0.281412
-0.278954
-0.27645
-0.274658
-0.274195
-0.275318
-0.277743
-0.28081
-0.283691
-0.28563
-0.286154
-0.285143
-0.282823
-0.279711
-0.276489
-0.273878
-0.272394
-0.272234
-0.273305
-0.275343
-0.278028
-0.281092
-0.284328
-0.28754
-0.290561
-0.293244
-0.295521
-0.297337
-0.298745
-0.299832
-0.3007
-0.301456
-0.302157
-0.3028
-0.303293
-0.3035
-0.30324
-0.302315
-0.300581
-0.297977
-0.294568
-0.290557
-0.286321
-0.282343
-0.279182
-0.277308
-0.27706
-0.278499
-0.281394
-0.285338
-0.28986
-0.294501
-0.298931
-0.302963
-0.306524
-0.309612
-0.312288
-0.314616
-0.31666
-0.31849
-0.320171
-0.321758
-0.323287
-0.324802
-0.32629
-0.327758
-0.32915
-0.330377
-0.331334
-0.331852
-0.33172
-0.330749
-0.328744
-0.325611
-0.321404
-0.316403
-0.311148
-0.306317
-0.302632
-0.300617
-0.300604
-0.302687
-0.30678
-0.312532
-0.319364
-0.32646
-0.332931
-0.338008
-0.341117
-0.341903
-0.340213
-0.33599
-0.329329
-0.320495
-0.309932
-0.298355
-0.286731
-0.276092
-0.267526
-0.261926
-0.25998
-0.261874
-0.267269
-0.275254
-0.284657
-0.294367
-0.303564
-0.311737
-0.318662
-0.324229
-0.32846
-0.331456
-0.333339
-0.334238
-0.334291
-0.33366
-0.332474
-0.330896
-0.329085
-0.327192
-0.325406
-0.323868
-0.322704
-0.321999
-0.321777
-0.322041
-0.322715
-0.323702
-0.324911
-0.32626
-0.327668
-0.32907
-0.330452
-0.331774
-0.333078
-0.334336
-0.335564
-0.336749
-0.337915
-0.339042
-0.340121
-0.341122
-0.342021
-0.342753
-0.343247
-0.34338
-0.343015
-0.341918
-0.339781
-0.336241
-0.330816
-0.323084
-0.312736
-0.300059
-0.286338
-0.274099
-0.266476
-0.265642
-0.271322
-0.281051
-0.291682
-0.300903
-0.307614
-0.311573
-0.312994
-0.312229
-0.309762
-0.306124
-0.302007
-0.298247
-0.295708
-0.29506
-0.29655
-0.299984
-0.304763
-0.310117
-0.315344
-0.319925
-0.32356
-0.326116
-0.327599
-0.328058
-0.327543
-0.326095
-0.323689
-0.32019
-0.315403
-0.309059
-0.30095
-0.291107
-0.280049
-0.269044
-0.260029
-0.255179
-0.255945
-0.26225
-0.272484
-0.28424
-0.295371
-0.304486
-0.311009
-0.314925
-0.316493
-0.316071
-0.314026
-0.310766
-0.306689
-0.302291
-0.298124
-0.294793
-0.292819
-0.292472
-0.293711
-0.296194
-0.299399
-0.302792
-0.305944
-0.30859
-0.310614
-0.311963
-0.312656
-0.312708
-0.312136
-0.310904
-0.308986
-0.306286
-0.302737
-0.298274
-0.292887
-0.286654
-0.279782
-0.272681
-0.265956
-0.260224
-0.256031
-0.253568
-0.25261
-0.252619
-0.252958
-0.253084
-0.252693
-0.251729
-0.250339
-0.248807
-0.247412
-0.246403
-0.245901
-0.245862
-0.24626
-0.247077
-0.248384
-0.250373
-0.253207
-0.256957
-0.261476
-0.266429
-0.271371
-0.275825
-0.279454
-0.282032
-0.283439
-0.283685
-0.28282
-0.280934
-0.278142
-0.274634
-0.270641
-0.266468
-0.262471
-0.259032
-0.256459
-0.254931
-0.254462
-0.254898
-0.255948
-0.257296
-0.258664
-0.25983
-0.260688
-0.261173
-0.261292
-0.261071
-0.260555
-0.25981
-0.25888
-0.257815
-0.256653
-0.255413
-0.254121
-0.252804
-0.251453
-0.250103
-0.248794
-0.247566
-0.246485
-0.245637
-0.245116
-0.244979
-0.245244
-0.245859
-0.246716
-0.247687
-0.248643
-0.249464
-0.250124
-0.250631
-0.251069
-0.251525
-0.252086
-0.252753
-0.253491
-0.254166
-0.254607
-0.254633
-0.254063
-0.2528
-0.250813
-0.248212
-0.245212
-0.242156
-0.239415
-0.237341
-0.236162
-0.235929
-0.236523
-0.237728
-0.23932
-0.241146
-0.243199
-0.2455
-0.248142
-0.25122
-0.254731
-0.258569
-0.262538
-0.266419
-0.270003
-0.273136
-0.275731
-0.277795
-0.27939
-0.280632
-0.281635
-0.282505
-0.283319
-0.284094
-0.284835
-0.285464
-0.285903
-0.286046
-0.285798
-0.285044
-0.283645
-0.281359
-0.277866
-0.272671
-0.265224
-0.25521
-0.243161
-0.231099
-0.222531
-0.221005
-0.22761
-0.240088
-0.254463
-0.267318
-0.276913
-0.282861
-0.285535
-0.285539
-0.283631
-0.280549
-0.277058
-0.273822
-0.271269
-0.269482
-0.268228
-0.26711
-0.265858
-0.264519
-0.263575
-0.263665
-0.26534
-0.26874
-0.273585
-0.279307
-0.285308
-0.291079
-0.296318
-0.300875
-0.304742
-0.307975
-0.310676
-0.312957
-0.31492
-0.316644
-0.318198
-0.319613
-0.320902
-0.322067
-0.323112
-0.324016
-0.324792
-0.325413
-0.325863
-0.326149
-0.326264
-0.326217
-0.325998
-0.325625
-0.325125
-0.324521
-0.323819
-0.323058
-0.322215
-0.321274
-0.320141
-0.318699
-0.316787
-0.314216
-0.310762
-0.306198
-0.300328
-0.293106
-0.284752
-0.275986
-0.268239
-0.263506
-0.263711
-0.26972
-0.280654
-0.294302
-0.308238
-0.320672
-0.330704
-0.338166
-0.343254
-0.346298
-0.347662
-0.347643
-0.346477
-0.344328
-0.341358
-0.33768
-0.333442
-0.328806
-0.324024
-0.319371
-0.315153
-0.311603
-0.308868
-0.306889
-0.305383
-0.303967
-0.302279
-0.300287
-0.298398
-0.297511
-0.298674
-0.302641
-0.30939
-0.318064
-0.327445
-0.336408
-0.344208
-0.350526
-0.35533
-0.358733
-0.360892
-0.361959
-0.362045
-0.361205
-0.359459
-0.356777
-0.353128
-0.348497
-0.342885
-0.3364
-0.329291
-0.321938
-0.31496
-0.309044
-0.304887
-0.302961
-0.303379
-0.305866
-0.30988
-0.314843
-0.320245
-0.325729
-0.331052
-0.336037
-0.340467
-0.344048
-0.34646
-0.347216
-0.345828
-0.341951
-0.335609
-0.327582
-0.319727
-0.314618
-0.314471
-0.319869
-0.329306
-0.340307
-0.35068
-0.359262
-0.365727
-0.370319
-0.373453
-0.375546
-0.376938
-0.377866
-0.378487
-0.378926
-0.379219
-0.379419
-0.379553
-0.379686
-0.379846
-0.380096
-0.380516
-0.381152
-0.382065
-0.383273
-0.384747
-0.386383
-0.387947
-0.389069
-0.389198
-0.387566
-0.383268
-0.375527
-0.364309
-0.35123
-0.340095
-0.33572
-0.340725
-0.353317
-0.368776
-0.38268
-0.39268
-0.398249
-0.399677
-0.397345
-0.391277
-0.381078
-0.366188
-0.346792
-0.325379
-0.307782
-0.30109
-0.308304
-0.325459
-0.345348
-0.362741
-0.375844
-0.38505
-0.391489
-0.396228
-0.400083
-0.403578
-0.407056
-0.410645
-0.414376
-0.418116
-0.421652
-0.424732
-0.427078
-0.428438
-0.428554
-0.427244
-0.424375
-0.419945
-0.41413
-0.407376
-0.400399
-0.394075
-0.389303
-0.386713
-0.386561
-0.388636
-0.392383
-0.397045
-0.401753
-0.405628
-0.407809
-0.407503
-0.40403
-0.397025
-0.386867
-0.375165
-0.364921
-0.359616
-0.361233
-0.368928
-0.379714
-0.39044
-0.399175
-0.405295
-0.40905
-0.411006
-0.41177
-0.411847
-0.411533
-0.41098
-0.410166
-0.40895
-0.407125
-0.404578
-0.401292
-0.397473
-0.393547
-0.390002
-0.387209
-0.38526
-0.383899
-0.382666
-0.381144
-0.37914
-0.37684
-0.374733
-0.373474
-0.373582
-0.375156
-0.377778
-0.380676
-0.383076
-0.384398
-0.38443
-0.38324
-0.381108
-0.378428
-0.375654
-0.373144
-0.371233
-0.369999
-0.369387
-0.369161
-0.368932
-0.368292
-0.366835
-0.364252
-0.36044
-0.355524
-0.349863
-0.344055
-0.338815
-0.33483
-0.332661
-0.332585
-0.334463
-0.33774
-0.341573
-0.345068
-0.347488
-0.348374
-0.347648
-0.345539
-0.342426
-0.338831
-0.335279
-0.332229
-0.33005
-0.328987
-0.329146
-0.330437
-0.33265
-0.335392
-0.338248
-0.340874
-0.343042
-0.344678
-0.345801
-0.34652
-0.346948
-0.347225
-0.347438
-0.347644
-0.347887
-0.34817
-0.348458
-0.348742
-0.349
-0.349223
-0.349403
-0.349496
-0.34952
-0.349474
-0.34933
-0.3491
-0.348779
-0.34834
-0.347776
-0.347057
-0.346159
-0.345062
-0.34373
-0.342132
-0.340301
-0.338249
-0.336074
-0.333902
-0.331909
-0.330313
-0.329283
-0.328932
-0.329244
-0.330103
-0.331273
-0.33253
-0.33366
-0.334544
-0.335136
-0.335488
-0.335705
-0.335928
-0.336269
-0.336801
-0.337595
-0.338616
-0.339856
-0.34122
-0.342632
-0.343974
-0.345154
-0.346046
-0.346551
-0.346586
-0.346074
-0.344969
-0.343228
-0.340859
-0.337912
-0.334442
-0.330559
-0.326399
-0.322206
-0.318335
-0.315257
-0.313537
-0.313657
-0.315844
-0.319894
-0.325226
-0.331024
-0.336396
-0.340518
-0.342645
-0.342056
-0.338056
-0.330005
-0.317615
-0.301522
-0.283874
-0.268256
-0.258305
-0.255498
-6.36306
-6.35792
-6.34902
-6.3356
-6.31595
-6.29
-6.25701
-6.216
-6.16646
-6.10703
-6.03696
-5.95953
-5.87418
-5.78437
-5.69649
-5.61437
-5.54476
-5.49013
-5.45094
-5.42788
-5.41741
-5.41588
-5.42141
-5.4299
-5.44018
-5.45238
-5.46476
-5.47679
-5.4901
-5.50298
-5.51496
-5.52844
-5.54099
-5.55545
-5.56843
-5.58126
-5.59268
-5.60343
-5.61264
-5.62174
-5.62956
-5.63627
-5.6422
-5.64596
-5.64717
-5.64612
-5.64273
-5.63603
-5.62784
-5.61659
-5.60444
-5.59099
-5.57801
-5.56658
-5.55863
-5.55502
-5.55619
-5.56268
-5.57385
-5.58613
-5.59811
-5.609
-5.61762
-5.62212
-5.62224
-5.61858
-5.6127
-5.60457
-5.59732
-5.58946
-5.58315
-5.57761
-5.5741
-5.57152
-5.56925
-5.56905
-5.5691
-5.56948
-5.56914
-5.56859
-5.56624
-5.56351
-5.56086
-5.5586
-5.55709
-5.55691
-5.55845
-5.5646
-5.56967
-5.578
-5.5879
-5.59807
-5.60932
-5.61918
-5.62838
-5.63719
-5.64594
-5.65292
-5.65963
-5.66474
-5.67063
-5.67333
-5.67636
-5.67727
-5.67495
-5.67147
-5.66831
-5.66425
-5.66087
-5.65729
-5.65626
-5.65549
-5.65631
-5.65595
-5.65545
-5.65414
-5.6535
-5.65136
-5.65016
-5.64814
-5.64801
-5.64662
-5.64636
-5.64543
-5.64419
-5.64158
-5.63758
-5.63302
-5.62721
-5.62127
-5.61682
-5.6135
-5.61352
-5.61717
-5.62366
-5.63311
-5.64469
-5.65751
-5.66873
-5.67879
-5.68614
-5.69136
-5.69352
-5.69425
-5.69258
-5.69024
-5.68526
-5.67804
-5.67133
-5.66462
-5.65656
-5.64936
-5.6411
-5.63585
-5.62999
-5.62491
-5.62268
-5.62212
-5.62267
-5.62656
-5.6317
-5.638
-5.6439
-5.6504
-5.65624
-5.66089
-5.66495
-5.66756
-5.66895
-5.66771
-5.66526
-5.65991
-5.65217
-5.64275
-5.63262
-5.62219
-5.61191
-5.60254
-5.59539
-5.58871
-5.58451
-5.58276
-5.58266
-5.58516
-5.59012
-5.59689
-5.60532
-5.61518
-5.62725
-5.64038
-5.6547
-5.66764
-5.67853
-5.68808
-5.69565
-5.69877
-5.7011
-5.70138
-5.70015
-5.69587
-5.69078
-5.68532
-5.6774
-5.6669
-5.65541
-5.64302
-5.63081
-5.61958
-5.61037
-5.60273
-5.5964
-5.59293
-5.59173
-5.59217
-5.59423
-5.59776
-5.60218
-5.60614
-5.61078
-5.61401
-5.6164
-5.61589
-5.61382
-5.61055
-5.60528
-5.59868
-5.59265
-5.58709
-5.58172
-5.57759
-5.57606
-5.57483
-5.57594
-5.57918
-5.58304
-5.58731
-5.59175
-5.59504
-5.59896
-5.6028
-5.60806
-5.61679
-5.62969
-5.64577
-5.66561
-5.68601
-5.70602
-5.72072
-5.72982
-5.73345
-5.73171
-5.72467
-5.71417
-5.70019
-5.6846
-5.67013
-5.65693
-5.64535
-5.63635
-5.63084
-5.62881
-5.6285
-5.62954
-5.62985
-5.63073
-5.63031
-5.62874
-5.62533
-5.62075
-5.61609
-5.60906
-5.60268
-5.59604
-5.58794
-5.57957
-5.57043
-5.5604
-5.54957
-5.54022
-5.53137
-5.52432
-5.52017
-5.51918
-5.51998
-5.5234
-5.52806
-5.53553
-5.54519
-5.55699
-5.56955
-5.58375
-5.59847
-5.61188
-5.62421
-5.63559
-5.64617
-5.65462
-5.6617
-5.66893
-5.67298
-5.67365
-5.673
-5.66936
-5.66324
-5.6565
-5.64809
-5.63816
-5.62826
-5.62005
-5.61229
-5.60766
-5.60596
-5.60564
-5.60818
-5.61288
-5.61882
-5.62597
-5.63486
-5.64397
-5.65247
-5.66133
-5.67092
-5.67895
-5.68551
-5.68907
-5.68967
-5.68703
-5.68259
-5.67731
-5.6715
-5.66567
-5.66021
-5.65431
-5.64744
-5.64104
-5.63417
-5.62942
-5.6253
-5.62325
-5.62394
-5.62437
-5.62659
-5.63094
-5.63549
-5.63965
-5.64385
-5.64975
-5.65636
-5.66372
-5.67207
-5.68056
-5.68837
-5.69488
-5.69899
-5.70229
-5.70349
-5.70228
-5.70023
-5.69726
-5.69358
-5.68878
-5.68297
-5.67606
-5.66938
-5.66228
-5.65469
-5.64685
-5.63911
-5.63309
-5.62708
-5.62344
-5.62236
-5.62226
-5.62504
-5.62843
-5.63265
-5.63654
-5.64105
-5.64543
-5.64983
-5.65344
-5.65602
-5.65788
-5.65772
-5.6552
-5.65051
-5.64551
-5.63963
-5.63434
-5.6301
-5.62463
-5.62043
-5.61772
-5.61667
-5.61729
-5.61909
-5.62248
-5.62622
-5.62913
-5.63088
-5.63097
-5.62984
-5.62727
-5.62298
-5.61678
-5.61019
-5.60285
-5.59545
-5.58795
-5.5826
-5.58095
-5.58218
-5.58837
-5.59667
-5.60537
-5.61372
-5.62016
-5.62367
-5.62202
-5.61767
-5.61144
-5.60193
-5.59237
-5.58348
-5.57503
-5.56918
-5.56361
-5.56098
-5.55953
-5.56096
-5.56366
-5.56873
-5.57651
-5.58689
-5.59908
-5.61129
-5.62352
-5.63635
-5.64928
-5.65986
-5.66876
-5.67624
-5.68177
-5.68443
-5.6829
-5.67831
-5.67248
-5.66394
-5.65446
-5.64364
-5.6328
-5.62374
-5.61508
-5.6087
-5.60237
-5.59788
-5.59393
-5.59137
-5.59005
-5.58836
-5.58811
-5.5881
-5.59065
-5.59571
-5.60324
-5.61382
-5.62589
-5.63845
-5.65072
-5.6637
-5.67561
-5.68538
-5.69253
-5.69819
-5.69941
-5.69786
-5.69178
-5.68213
-5.66921
-5.65412
-5.63596
-5.61631
-5.59683
-5.57921
-5.56511
-5.55485
-5.54882
-5.54771
-5.55095
-5.55815
-5.56732
-5.57888
-5.59119
-5.60165
-5.61091
-5.61742
-5.62231
-5.62367
-5.62193
-5.61847
-5.61446
-5.61013
-5.60619
-5.60361
-5.6006
-5.59897
-5.59788
-5.59743
-5.59789
-5.5989
-5.59906
-5.59933
-5.59896
-5.59831
-5.59742
-5.59642
-5.59742
-5.59909
-5.60253
-5.60611
-5.61036
-5.61519
-5.62067
-5.62469
-5.62766
-5.62833
-5.62677
-5.62367
-5.61873
-5.61277
-5.60772
-5.60175
-5.59745
-5.59471
-5.59254
-5.59107
-5.58858
-5.58617
-5.58388
-5.58206
-5.58089
-5.5824
-5.58491
-5.59077
-5.59804
-5.60649
-5.61653
-5.62701
-5.63662
-5.64568
-5.65203
-5.65575
-5.65746
-5.65636
-5.6544
-5.6493
-5.64384
-5.63641
-5.62769
-5.61722
-5.60556
-5.59378
-5.58088
-5.5674
-5.55436
-5.54321
-5.53152
-5.52148
-5.51495
-5.51152
-5.50925
-5.51086
-5.51459
-5.52089
-5.52854
-5.53562
-5.54238
-5.54778
-5.55071
-5.5529
-5.55284
-5.54978
-5.54364
-5.5349
-5.52381
-5.51181
-5.50201
-5.49284
-5.48721
-5.48517
-5.48638
-5.49147
-5.49962
-5.51005
-5.52219
-5.53513
-5.54835
-5.56019
-5.57205
-5.58119
-5.58833
-5.59391
-5.59692
-5.59859
-5.60011
-5.60187
-5.60324
-5.60458
-5.60788
-5.61219
-5.61738
-5.62445
-5.63102
-5.6373
-5.64112
-5.6455
-5.64697
-5.64593
-5.64297
-5.63725
-5.63046
-5.62249
-5.61435
-5.60592
-5.60032
-5.59573
-5.5932
-5.59254
-5.59199
-5.59184
-5.59117
-5.59165
-5.59496
-5.59847
-5.60428
-5.61099
-5.61691
-5.6203
-5.62022
-5.61662
-5.61042
-5.60149
-5.59225
-5.58354
-5.57678
-5.57327
-5.57404
-5.57693
-5.58176
-5.58712
-5.59103
-5.59408
-5.59665
-5.60014
-5.60334
-5.6055
-5.60764
-5.6077
-5.60569
-5.60184
-5.59633
-5.58854
-5.58021
-5.57255
-5.56558
-5.5585
-5.55231
-5.54647
-5.54208
-5.53892
-5.53722
-5.53744
-5.5381
-5.54001
-5.54186
-5.54423
-5.54655
-5.54651
-5.54657
-5.54603
-5.54412
-5.54187
-5.53935
-5.53772
-5.53749
-5.53651
-5.5354
-5.5353
-5.53506
-5.53513
-5.53559
-5.53701
-5.53876
-5.54027
-5.5422
-5.54558
-5.54789
-5.55117
-5.55246
-5.55389
-5.55389
-5.55279
-5.55169
-5.54788
-5.54258
-5.53749
-5.53052
-5.52482
-5.51916
-5.51499
-5.51095
-5.50647
-5.50334
-5.49932
-5.4961
-5.49429
-5.49424
-5.49482
-5.49723
-5.50184
-5.50848
-5.51662
-5.52779
-5.5402
-5.55466
-5.57001
-5.58518
-5.59989
-5.61329
-5.62304
-5.63236
-5.63855
-5.64116
-5.64126
-5.64097
-5.63896
-5.63636
-5.63366
-5.63072
-5.62893
-5.6279
-5.62893
-5.62979
-5.63251
-5.63688
-5.6401
-5.64241
-5.643
-5.64145
-5.63667
-5.62799
-5.61836
-5.60523
-5.58976
-5.57464
-5.55925
-5.54537
-5.536
-5.5294
-5.52678
-5.52853
-5.53212
-5.53752
-5.54507
-5.55304
-5.56195
-5.57112
-5.5812
-5.58954
-5.59651
-5.60252
-5.60574
-5.60745
-5.60692
-5.60435
-5.60122
-5.59752
-5.59279
-5.58807
-5.58255
-5.57772
-5.57066
-5.56362
-5.55582
-5.5468
-5.53798
-5.52786
-5.51838
-5.51066
-5.50478
-5.50086
-5.49814
-5.49658
-5.49561
-5.49351
-5.48976
-5.48465
-5.4778
-5.47124
-5.46531
-5.46169
-5.46168
-5.4646
-5.47078
-5.48069
-5.49135
-5.50493
-5.51878
-5.53377
-5.5476
-5.56116
-5.57573
-5.58922
-5.6016
-5.61213
-5.62181
-5.62971
-5.63706
-5.64256
-5.64737
-5.65128
-5.65308
-5.65525
-5.65377
-5.65033
-5.64514
-5.63597
-5.62335
-5.60746
-5.59098
-5.57289
-5.5547
-5.53738
-5.5237
-5.51289
-5.50705
-5.50533
-5.50735
-5.5124
-5.51912
-5.52614
-5.53261
-5.53812
-5.54121
-5.54223
-5.54093
-5.53715
-5.53062
-5.52498
-5.51853
-5.51357
-5.5115
-5.50896
-5.50777
-5.50666
-5.50536
-5.50391
-5.50201
-5.50191
-5.50368
-5.5051
-5.50683
-5.50901
-5.51047
-5.51063
-5.50934
-5.50877
-5.50935
-5.51319
-5.5204
-5.53004
-5.54311
-5.55696
-5.57049
-5.58266
-5.59346
-5.60223
-5.60938
-5.61496
-5.61732
-5.61765
-5.61662
-5.61432
-5.61118
-5.60789
-5.60583
-5.60491
-5.60492
-5.60684
-5.60851
-5.61258
-5.617
-5.62014
-5.62162
-5.62037
-5.61613
-5.60817
-5.59543
-5.57863
-5.55984
-5.53964
-5.52115
-5.50697
-5.49849
-5.49546
-5.49827
-5.5039
-5.51149
-5.52071
-5.52835
-5.53619
-5.54345
-5.54846
-5.5525
-5.55579
-5.55776
-5.55931
-5.56061
-5.56165
-5.56182
-5.56244
-5.56282
-5.56266
-5.56301
-5.5627
-5.56358
-5.56463
-5.567
-5.56951
-5.57184
-5.57334
-5.57292
-5.57266
-5.57232
-5.57184
-5.57308
-5.5764
-5.58124
-5.5866
-5.59248
-5.6001
-5.6089
-5.62027
-5.63145
-5.64112
-5.64728
-5.64809
-5.64473
-5.63626
-5.62332
-5.60702
-5.59134
-5.57537
-5.56115
-5.54903
-5.53928
-5.53184
-5.52632
-5.52378
-5.52265
-5.52381
-5.52492
-5.52694
-5.52936
-5.5334
-5.53743
-5.54202
-5.54766
-5.55303
-5.55804
-5.5622
-5.56522
-5.56624
-5.5657
-5.56255
-5.55587
-5.54821
-5.53806
-5.52605
-5.51612
-5.50785
-5.50231
-5.50102
-5.50436
-5.51089
-5.52258
-5.534
-5.54648
-5.55725
-5.56636
-5.5726
-5.57609
-5.57691
-5.57459
-5.56996
-5.56361
-5.55516
-5.5462
-5.53643
-5.52772
-7.83885
-7.79987
-7.72806
-7.63882
-7.53494
-7.42121
-7.30296
-7.18523
-7.07878
-6.98678
-6.9172
-6.8732
-6.85665
-6.86364
-6.88854
-6.92803
-6.97288
-7.01691
-7.05807
-7.09275
-7.11865
-7.13658
-7.14531
-7.14665
-7.14259
-7.13715
-7.12575
-7.1161
-7.10983
-7.10739
-7.11115
-7.11729
-7.12972
-7.14577
-7.16159
-7.18042
-7.19856
-7.21634
-7.23238
-7.24522
-7.25389
-7.26173
-7.26317
-7.26339
-7.26088
-7.25263
-7.24082
-7.22899
-7.2156
-7.20225
-7.18753
-7.17705
-7.16719
-7.15777
-7.15194
-7.14915
-7.15123
-7.15945
-7.17038
-7.18195
-7.19105
-7.19771
-7.20407
-7.20709
-7.2069
-7.20663
-7.20365
-7.20527
-7.207
-7.20747
-7.21135
-7.21623
-7.22421
-7.23474
-7.24588
-7.25619
-7.2659
-7.27219
-7.27474
-7.27395
-7.27086
-7.26255
-7.25347
-7.24409
-7.23406
-7.2218
-7.21229
-7.20213
-7.19404
-7.19012
-7.18744
-7.18363
-7.18213
-7.17875
-7.17608
-7.17098
-7.16647
-7.16272
-7.15636
-7.14867
-7.14079
-7.1308
-7.12351
-7.11748
-7.11176
-7.10832
-7.11037
-7.11565
-7.12729
-7.14372
-7.16389
-7.18808
-7.21151
-7.23679
-7.26243
-7.2812
-7.30044
-7.31304
-7.32331
-7.32596
-7.32346
-7.31304
-7.29789
-7.27455
-7.2492
-7.21972
-7.19336
-7.16965
-7.14704
-7.12853
-7.11856
-7.11121
-7.10856
-7.10743
-7.1079
-7.11007
-7.11568
-7.1239
-7.1315
-7.13721
-7.14773
-7.1604
-7.17482
-7.19096
-7.20834
-7.22599
-7.24067
-7.25087
-7.25909
-7.2629
-7.26275
-7.26003
-7.25393
-7.24352
-7.233
-7.22288
-7.21209
-7.20408
-7.19831
-7.19619
-7.19537
-7.19906
-7.20635
-7.21327
-7.22079
-7.22786
-7.22974
-7.22661
-7.21863
-7.20659
-7.18964
-7.16992
-7.15064
-7.13375
-7.11792
-7.10929
-7.10459
-7.1075
-7.11841
-7.13613
-7.15562
-7.17711
-7.19488
-7.21279
-7.22616
-7.23426
-7.23694
-7.23345
-7.22951
-7.2203
-7.21424
-7.20603
-7.19813
-7.19212
-7.18575
-7.17944
-7.17193
-7.1639
-7.15781
-7.15042
-7.14366
-7.13845
-7.13609
-7.13836
-7.14533
-7.15598
-7.17146
-7.18613
-7.20309
-7.22246
-7.24004
-7.25046
-7.25922
-7.26568
-7.26767
-7.26444
-7.25742
-7.24474
-7.2332
-7.21891
-7.2043
-7.18854
-7.17653
-7.16454
-7.15263
-7.14713
-7.14295
-7.14524
-7.15171
-7.16431
-7.17882
-7.19164
-7.2063
-7.22011
-7.23051
-7.23844
-7.24368
-7.24341
-7.24537
-7.24244
-7.23935
-7.2344
-7.22961
-7.22353
-7.21621
-7.20799
-7.19871
-7.18908
-7.17976
-7.16968
-7.15959
-7.1482
-7.14141
-7.13767
-7.13934
-7.14215
-7.1506
-7.16085
-7.17694
-7.1898
-7.20506
-7.21621
-7.22581
-7.23435
-7.23931
-7.24214
-7.24386
-7.24416
-7.24083
-7.23622
-7.23296
-7.23089
-7.22995
-7.23143
-7.23385
-7.23488
-7.23622
-7.23812
-7.23654
-7.23198
-7.22396
-7.21203
-7.19967
-7.18459
-7.16732
-7.15206
-7.1369
-7.12323
-7.11418
-7.10767
-7.10696
-7.11562
-7.12812
-7.14558
-7.16443
-7.18413
-7.20303
-7.22222
-7.2358
-7.24457
-7.24836
-7.25222
-7.25282
-7.25172
-7.24885
-7.24394
-7.24009
-7.23498
-7.23039
-7.2213
-7.21389
-7.20671
-7.1998
-7.19455
-7.19102
-7.19175
-7.19227
-7.19194
-7.19375
-7.19564
-7.19649
-7.19922
-7.19882
-7.19812
-7.20093
-7.1983
-7.19699
-7.19521
-7.19313
-7.18863
-7.18575
-7.18373
-7.17959
-7.17454
-7.16826
-7.16051
-7.15443
-7.14663
-7.1389
-7.13591
-7.13305
-7.13602
-7.14384
-7.15679
-7.16972
-7.18786
-7.20534
-7.22262
-7.23724
-7.24798
-7.25312
-7.25372
-7.25164
-7.24679
-7.24255
-7.23456
-7.22803
-7.22363
-7.22102
-7.21759
-7.21704
-7.21763
-7.21894
-7.22124
-7.2174
-7.21593
-7.21081
-7.20817
-7.20365
-7.19481
-7.18554
-7.17401
-7.16208
-7.14682
-7.13733
-7.12536
-7.11656
-7.11246
-7.1184
-7.12735
-7.14332
-7.16196
-7.18395
-7.20487
-7.22552
-7.24208
-7.25566
-7.26392
-7.26775
-7.26628
-7.26101
-7.25697
-7.24959
-7.2399
-7.23453
-7.2278
-7.22121
-7.2183
-7.21723
-7.21505
-7.21358
-7.21349
-7.21117
-7.20306
-7.19762
-7.18833
-7.17804
-7.16416
-7.14968
-7.13245
-7.1186
-7.10397
-7.09521
-7.09028
-7.08868
-7.09343
-7.10099
-7.11328
-7.1287
-7.14546
-7.16339
-7.17989
-7.19709
-7.21328
-7.22598
-7.24143
-7.25139
-7.25954
-7.26789
-7.2715
-7.27439
-7.27706
-7.27546
-7.27348
-7.26759
-7.2632
-7.25553
-7.24396
-7.23599
-7.22747
-7.21925
-7.21163
-7.2105
-7.20589
-7.20309
-7.20176
-7.2025
-7.19983
-7.19603
-7.18975
-7.18198
-7.17367
-7.16857
-7.16206
-7.15932
-7.15807
-7.15786
-7.15983
-7.16202
-7.166
-7.16925
-7.17093
-7.17208
-7.17218
-7.17246
-7.17419
-7.17751
-7.18483
-7.19413
-7.20311
-7.2138
-7.22329
-7.23425
-7.24358
-7.24931
-7.25326
-7.25898
-7.26259
-7.26144
-7.26094
-7.25975
-7.25564
-7.25236
-7.24338
-7.23619
-7.22756
-7.22071
-7.21196
-7.20365
-7.19675
-7.18957
-7.18108
-7.17198
-7.16346
-7.15673
-7.14967
-7.14359
-7.13845
-7.13357
-7.12979
-7.12979
-7.12975
-7.1317
-7.13745
-7.1462
-7.15603
-7.16973
-7.18652
-7.20229
-7.21784
-7.23129
-7.24075
-7.24775
-7.25071
-7.25256
-7.25278
-7.25364
-7.25514
-7.25624
-7.25689
-7.25692
-7.25459
-7.25356
-7.24766
-7.24065
-7.23139
-7.2216
-7.20955
-7.19663
-7.18004
-7.16501
-7.14907
-7.1351
-7.1166
-7.10448
-7.09344
-7.08956
-7.09199
-7.10126
-7.11372
-7.13151
-7.15432
-7.17727
-7.19739
-7.21672
-7.23378
-7.24552
-7.2512
-7.25335
-7.25022
-7.24715
-7.24343
-7.23942
-7.23543
-7.23616
-7.23999
-7.24464
-7.24846
-7.25166
-7.2566
-7.26077
-7.26559
-7.26741
-7.26372
-7.2567
-7.24589
-7.23284
-7.21596
-7.19925
-7.18002
-7.16326
-7.14942
-7.1428
-7.13897
-7.14006
-7.1455
-7.15193
-7.16261
-7.1705
-7.1792
-7.18779
-7.19147
-7.19103
-7.18831
-7.18296
-7.17779
-7.16934
-7.16508
-7.15912
-7.15666
-7.15649
-7.16176
-7.16851
-7.17914
-7.19124
-7.20218
-7.21297
-7.22536
-7.23458
-7.24148
-7.24558
-7.24383
-7.24011
-7.23071
-7.21894
-7.20554
-7.19342
-7.18254
-7.17355
-7.16948
-7.17127
-7.17573
-7.1837
-7.19409
-7.20232
-7.21232
-7.2194
-7.22462
-7.22948
-7.22749
-7.2267
-7.22023
-7.2128
-7.20589
-7.19682
-7.18859
-7.1781
-7.16819
-7.15754
-7.15038
-7.14305
-7.14061
-7.1423
-7.14857
-7.16093
-7.17806
-7.19689
-7.21595
-7.23517
-7.25516
-7.2682
-7.27858
-7.2826
-7.2813
-7.27591
-7.2653
-7.25091
-7.23628
-7.21888
-7.20025
-7.18178
-7.16957
-7.15981
-7.15337
-7.15184
-7.15579
-7.15985
-7.1691
-7.17679
-7.1856
-7.19318
-7.2026
-7.21144
-7.21805
-7.2235
-7.22733
-7.22995
-7.23056
-7.23141
-7.23112
-7.22978
-7.22815
-7.22189
-7.21686
-7.2094
-7.19694
-7.18405
-7.16934
-7.16087
-7.14972
-7.14617
-7.14163
-7.14369
-7.14534
-7.14991
-7.15533
-7.15943
-7.1631
-7.16764
-7.17186
-7.17369
-7.17386
-7.17432
-7.17526
-7.17646
-7.17793
-7.18149
-7.1882
-7.1969
-7.20518
-7.21587
-7.23087
-7.24371
-7.25535
-7.26512
-7.27058
-7.27549
-7.27778
-7.27853
-7.2738
-7.26525
-7.25326
-7.24245
-7.2291
-7.21421
-7.20007
-7.18649
-7.17594
-7.16558
-7.15907
-7.15797
-7.16079
-7.16232
-7.16477
-7.16757
-7.16944
-7.17116
-7.17464
-7.17639
-7.17936
-7.1828
-7.18698
-7.19583
-7.20243
-7.21211
-7.22276
-7.23254
-7.24167
-7.24659
-7.25006
-7.25138
-7.249
-7.24467
-7.23548
-7.22097
-7.20555
-7.18968
-7.17332
-7.15721
-7.14316
-7.13246
-7.12662
-7.12365
-7.12642
-7.13533
-7.14497
-7.15759
-7.16812
-7.17792
-7.18644
-7.19312
-7.20122
-7.20485
-7.20725
-7.20839
-7.20922
-7.20906
-7.21085
-7.21185
-7.21228
-7.21295
-7.2174
-7.22519
-7.2329
-7.2404
-7.24804
-7.25461
-7.25588
-7.25864
-7.26019
-7.25542
-7.24967
-7.24243
-7.23323
-7.22343
-7.20979
-7.1968
-7.18524
-7.17632
-7.17129
-7.16662
-7.16734
-7.17312
-7.17757
-7.17919
-7.17515
-7.16975
-7.16247
-7.15391
-7.14499
-7.14051
-7.13842
-7.1404
-7.1452
-7.15311
-7.15988
-7.16896
-7.17606
-7.18341
-7.19119
-7.19684
-7.20515
-7.21176
-7.2173
-7.22542
-7.23378
-7.2408
-7.24742
-7.25439
-7.25651
-7.25419
-7.25107
-7.2478
-7.24408
-7.23781
-7.23535
-7.23209
-7.23007
-7.2275
-7.22373
-7.21973
-7.21627
-7.21312
-7.20869
-7.20483
-7.20016
-7.19433
-7.18969
-7.18585
-7.1825
-7.17816
-7.17549
-7.17376
-7.17681
-7.18047
-7.18332
-7.18673
-7.19151
-7.19186
-7.19217
-7.19436
-7.19598
-7.19649
-7.19627
-7.19623
-7.1955
-7.19347
-7.19057
-7.1845
-7.18007
-7.17365
-7.16734
-7.16399
-7.15924
-7.16008
-7.16502
-7.17021
-7.17645
-7.18651
-7.19534
-7.20417
-7.21008
-7.21256
-7.21165
-7.21032
-7.20891
-7.20448
-7.20197
-7.20377
-7.20503
-7.20798
-7.21395
-7.21662
-7.22187
-7.22209
-7.22244
-7.21932
-7.21502
-7.20676
-7.19828
-7.18881
-7.17953
-7.17143
-7.16673
-7.16303
-7.16249
-7.16665
-7.17009
-7.17777
-7.18052
-7.18677
-7.1928
-7.19726
-7.20461
-7.20987
-7.21383
-7.21878
-7.22428
-7.2248
-7.22299
-7.2217
-7.21782
-7.21262
-7.2087
-7.20483
-7.1977
-7.19252
-7.18603
-7.18011
-7.17157
-7.16291
-7.15531
-7.1492
-7.14507
-7.14296
-7.14331
-7.1497
-7.15557
-7.16668
-7.17619
-7.18799
-7.19701
-7.20485
-7.21105
-7.21661
-7.21845
-7.21781
-7.21552
-7.21203
-7.20647
-7.20212
-7.19566
-7.19258
-7.19139
-7.19763
-7.20578
-7.21602
-7.22951
-7.24397
-7.25848
-7.26828
-7.27769
-7.2813
-7.28208
-7.27797
-7.26808
-7.25652
-7.24045
-7.22217
-7.20079
-7.1793
-7.15801
-7.141
-7.1291
-7.11989
-7.11689
-7.11836
-7.12199
-7.12971
-7.14097
-7.15613
-7.16805
-7.18322
-7.19884
-7.20899
-7.22024
-7.22849
-7.23236
-7.2338
-7.23275
-7.22715
-7.21759
-7.20661
-7.19633
-7.18794
-7.18052
-7.17622
-7.17428
-7.1742
-7.17806
-7.18015
-7.18653
-7.19701
-7.20646
-7.21461
-7.219
-7.22131
-7.2202
-7.21533
-7.21122
