1.2
1.20001
1.20002
1.20003
1.20005
1.20008
1.2001
1.20014
1.20017
1.20021
1.20026
1.20031
1.20036
1.20042
1.20049
1.20056
1.20063
1.20072
1.2008
1.20089
1.20099
1.20109
1.2012
1.20132
1.20144
1.20157
1.2017
1.20184
1.20199
1.20215
1.20231
1.20248
1.20266
1.20284
1.20303
1.20324
1.20345
1.20367
1.2039
1.20413
1.20438
1.20464
1.20491
1.20519
1.20548
1.20579
1.20611
1.20644
1.20678
1.20714
1.20751
1.20789
1.2083
1.20872
1.20915
1.2096
1.21008
1.21057
1.21108
1.21161
1.21217
1.21274
1.21334
1.21397
1.21462
1.2153
1.216
1.21674
1.2175
1.2183
1.21913
1.21999
1.22089
1.22182
1.22279
1.22381
1.22486
1.22596
1.2271
1.22829
1.22953
1.23081
1.23215
1.23354
1.23499
1.23649
1.23805
1.23967
1.24136
1.24311
1.24492
1.24679
1.24873
1.25074
1.2528
1.25493
1.25711
1.25935
1.26162
1.26393
1.26625
1.26858
1.27088
1.27314
1.27533
1.27742
1.27938
1.28118
1.28281
1.28425
1.2855
1.28655
1.28742
1.2881
1.28853
1.28867
1.28839
1.28756
1.28607
1.28385
1.28097
1.27764
1.2743
1.27155
1.27002
1.27021
1.27233
1.27622
1.28139
1.2872
1.29297
1.29815
1.30239
1.30563
1.30802
1.30981
1.31118
1.31212
1.31242
1.31182
1.31017
1.30757
1.30435
1.30102
1.29811
1.29607
1.29518
1.29558
1.29728
1.30021
1.30419
1.30899
1.31434
1.31995
1.3256
1.33107
1.33616
1.34071
1.34454
1.34756
1.34969
1.35093
1.3513
1.35087
1.34972
1.34798
1.34579
1.34331
1.3407
1.33811
1.33565
1.33342
1.3315
1.33003
1.3292
1.32921
1.33023
1.33224
1.33505
1.33829
1.34156
1.34448
1.34681
1.34843
1.34932
1.34957
1.34928
1.34861
1.34771
1.34675
1.34589
1.34526
1.34499
1.34515
1.34577
1.34684
1.34829
1.35002
1.35191
1.35386
1.35573
1.35746
1.35895
1.36018
1.36112
1.36176
1.3621
1.36214
1.36189
1.36133
1.36043
1.35918
1.35753
1.35548
1.35307
1.35041
1.3477
1.34524
1.34333
1.34224
1.34212
1.34293
1.34448
1.34644
1.34843
1.35006
1.35103
1.35118
1.35051
1.34931
1.34811
1.34754
1.34817
1.3502
1.35341
1.35721
1.36094
1.36402
1.36611
1.36706
1.36692
1.36587
1.36427
1.36258
1.36131
1.36091
1.36155
1.3631
1.36513
1.36708
1.36845
1.36891
1.36834
1.36686
1.36482
1.36265
1.36086
1.35978
1.35959
1.36024
1.36154
1.36329
1.36532
1.36747
1.36962
1.37166
1.37348
1.37503
1.37627
1.37723
1.37797
1.37856
1.37907
1.37954
1.37997
1.38032
1.38048
1.38034
1.37977
1.37867
1.377
1.37477
1.37213
1.36931
1.36662
1.36444
1.3631
1.36282
1.36367
1.36551
1.36809
1.37108
1.37418
1.37715
1.37987
1.38227
1.38437
1.38618
1.38775
1.38913
1.39036
1.39149
1.39255
1.39357
1.39458
1.39558
1.39656
1.39749
1.39833
1.399
1.39937
1.39934
1.39875
1.39748
1.39547
1.39273
1.38944
1.38594
1.38266
1.3801
1.37864
1.37849
1.37975
1.38235
1.3861
1.3906
1.39534
1.39971
1.40321
1.40543
1.40612
1.40516
1.40252
1.39823
1.39247
1.38551
1.37783
1.37005
1.36286
1.35698
1.35303
1.35147
1.35249
1.35587
1.36106
1.36727
1.37375
1.37994
1.38547
1.39016
1.39396
1.39688
1.39896
1.40028
1.40095
1.40104
1.40066
1.3999
1.39887
1.39768
1.39642
1.39522
1.39417
1.39337
1.39286
1.39269
1.39283
1.39325
1.39389
1.39469
1.39558
1.39652
1.39746
1.39838
1.39928
1.40014
1.40098
1.4018
1.40259
1.40337
1.40412
1.40484
1.40552
1.40613
1.40663
1.40698
1.4071
1.4069
1.40622
1.40487
1.40262
1.39915
1.39415
1.38743
1.37911
1.36996
1.36161
1.35614
1.3551
1.35851
1.36482
1.37193
1.37822
1.38288
1.3857
1.3868
1.38643
1.38488
1.38252
1.37978
1.37723
1.37543
1.37485
1.3757
1.37788
1.381
1.38455
1.38806
1.39117
1.39366
1.39544
1.39649
1.39686
1.39658
1.39568
1.39414
1.39189
1.38879
1.38467
1.37938
1.37293
1.36561
1.35822
1.35202
1.34845
1.34856
1.35244
1.35906
1.36687
1.37437
1.38061
1.38514
1.38791
1.3891
1.38894
1.38767
1.38557
1.3829
1.37997
1.37716
1.37487
1.37345
1.37311
1.37384
1.37543
1.37754
1.3798
1.38193
1.38373
1.38512
1.38606
1.38657
1.38665
1.38631
1.38553
1.3843
1.38255
1.38025
1.37734
1.37381
1.3697
1.36514
1.36041
1.35588
1.35198
1.34907
1.34731
1.34658
1.34654
1.34676
1.34687
1.34665
1.34604
1.34514
1.34412
1.34317
1.34247
1.34209
1.34203
1.34227
1.34278
1.34362
1.34489
1.34672
1.34916
1.35213
1.35542
1.35872
1.36174
1.36423
1.36602
1.36705
1.36729
1.36678
1.36559
1.36378
1.36149
1.35885
1.35607
1.35338
1.35103
1.34925
1.34816
1.34778
1.34802
1.34868
1.34957
1.35048
1.35128
1.35188
1.35223
1.35233
1.3522
1.35188
1.3514
1.35079
1.35008
1.34931
1.34848
1.34762
1.34674
1.34585
1.34495
1.34407
1.34325
1.34251
1.34194
1.34157
1.34145
1.34159
1.34198
1.34253
1.34317
1.34381
1.34437
1.34482
1.34518
1.34547
1.34578
1.34614
1.34658
1.34707
1.34753
1.34785
1.3479
1.34756
1.34677
1.34549
1.34379
1.34181
1.33977
1.33791
1.33648
1.33563
1.33541
1.33576
1.33654
1.33758
1.33879
1.34013
1.34164
1.34338
1.3454
1.34771
1.35025
1.35289
1.35549
1.35791
1.36003
1.36179
1.3632
1.3643
1.36514
1.36582
1.3664
1.36695
1.36747
1.36797
1.3684
1.36871
1.36883
1.36869
1.36823
1.36734
1.36589
1.36365
1.36031
1.35551
1.349
1.34105
1.33291
1.32685
1.32529
1.32918
1.33723
1.3468
1.35554
1.36218
1.36639
1.36837
1.36853
1.36736
1.36536
1.36304
1.36085
1.3591
1.35787
1.35701
1.35626
1.35543
1.35454
1.35386
1.35383
1.35483
1.35699
1.36013
1.36391
1.36791
1.37179
1.37532
1.37841
1.38103
1.38323
1.38506
1.38661
1.38794
1.38911
1.39016
1.39111
1.39197
1.39275
1.39346
1.39407
1.39459
1.39501
1.39533
1.39553
1.39562
1.3956
1.39546
1.39522
1.3949
1.3945
1.39404
1.39353
1.39298
1.39236
1.39162
1.39068
1.38945
1.38779
1.38555
1.38258
1.37876
1.37403
1.36852
1.36268
1.35738
1.35396
1.35372
1.35735
1.36436
1.37335
1.38269
1.39111
1.39798
1.40312
1.40666
1.40882
1.40984
1.40991
1.4092
1.40783
1.4059
1.40348
1.40069
1.39763
1.39445
1.39133
1.38848
1.38607
1.38419
1.38283
1.3818
1.38086
1.37977
1.37846
1.37718
1.37648
1.37709
1.37954
1.38386
1.38955
1.3958
1.40184
1.40714
1.41146
1.41476
1.41712
1.41864
1.41942
1.41954
1.41904
1.41793
1.4162
1.41383
1.41081
1.40713
1.40286
1.39815
1.39326
1.38856
1.38452
1.38161
1.38017
1.3803
1.38183
1.38443
1.38769
1.39127
1.39493
1.39849
1.40184
1.40484
1.40731
1.409
1.40963
1.40887
1.40646
1.40238
1.3971
1.39177
1.3881
1.38764
1.39089
1.39699
1.40429
1.4113
1.41715
1.4216
1.42478
1.42695
1.4284
1.42937
1.43001
1.43044
1.43073
1.43094
1.43108
1.43118
1.43126
1.43137
1.43153
1.43179
1.4322
1.43279
1.43358
1.43455
1.43563
1.43669
1.43748
1.43766
1.43671
1.43405
1.42913
1.42186
1.41317
1.40548
1.40199
1.4047
1.41272
1.42298
1.43245
1.43941
1.44341
1.44463
1.44331
1.43952
1.43301
1.42341
1.41075
1.39648
1.38426
1.37891
1.38284
1.39382
1.4071
1.41894
1.42797
1.43434
1.43878
1.44202
1.44463
1.44698
1.44929
1.45169
1.45417
1.45666
1.45904
1.46113
1.46275
1.46373
1.4639
1.46313
1.46132
1.45846
1.45467
1.45021
1.44555
1.44126
1.43795
1.43606
1.4358
1.43705
1.43946
1.44253
1.44569
1.44835
1.44995
1.44993
1.44784
1.44341
1.43681
1.42904
1.42201
1.41806
1.41866
1.42346
1.43055
1.43778
1.44377
1.44802
1.45067
1.45207
1.45265
1.45273
1.45254
1.45218
1.45166
1.45088
1.44971
1.44806
1.44592
1.4434
1.44077
1.43837
1.43645
1.4351
1.43416
1.43334
1.43235
1.43105
1.42952
1.42809
1.42717
1.42715
1.42812
1.42981
1.43175
1.4334
1.43437
1.43447
1.43375
1.43238
1.43062
1.42876
1.42707
1.42574
1.42487
1.42442
1.42425
1.42412
1.42373
1.42282
1.42117
1.41871
1.4155
1.41176
1.40788
1.40432
1.40157
1.39999
1.3998
1.40093
1.40305
1.40559
1.40797
1.40967
1.41038
1.41001
1.40868
1.40665
1.40427
1.40189
1.39981
1.39829
1.3975
1.39752
1.39832
1.39974
1.40155
1.40345
1.40523
1.40671
1.40783
1.40861
1.40911
1.40942
1.40961
1.40975
1.4099
1.41005
1.41023
1.41043
1.41062
1.4108
1.41095
1.41106
1.41113
1.41116
1.41112
1.41104
1.41089
1.41068
1.41039
1.41002
1.40955
1.40897
1.40825
1.40738
1.40634
1.40513
1.40378
1.40233
1.40087
1.39953
1.39843
1.3977
1.39742
1.39758
1.39812
1.39889
1.39972
1.40049
1.40109
1.4015
1.40175
1.40191
1.40205
1.40226
1.40261
1.40311
1.40378
1.40459
1.40549
1.40643
1.40733
1.40812
1.40874
1.4091
1.40916
1.40885
1.40815
1.40703
1.40549
1.40356
1.40128
1.39871
1.39595
1.39316
1.39055
1.38842
1.38717
1.38711
1.38843
1.39102
1.39452
1.39838
1.40202
1.40487
1.40644
1.40625
1.40383
1.39874
1.39077
1.38024
1.36849
1.35783
1.35074
1.34841
1.2
1.20001
1.20002
1.20003
1.20005
1.20008
1.2001
1.20014
1.20017
1.20021
1.20026
1.20031
1.20036
1.20042
1.20049
1.20056
1.20063
1.20072
1.2008
1.20089
1.20099
1.20109
1.2012
1.20132
1.20144
1.20157
1.2017
1.20184
1.20199
1.20215
1.20231
1.20248
1.20266
1.20284
1.20303
1.20324
1.20345
1.20367
1.2039
1.20413
1.20438
1.20464
1.20491
1.20519
1.20548
1.20579
1.20611
1.20644
1.20678
1.20714
1.20751
1.20789
1.2083
1.20872
1.20915
1.2096
1.21008
1.21057
1.21108
1.21161
1.21217
1.21274
1.21334
1.21397
1.21462
1.2153
1.216
1.21674
1.2175
1.2183
1.21913
1.21999
1.22089
1.22182
1.22279
1.22381
1.22486
1.22596
1.2271
1.22829
1.22953
1.23081
1.23215
1.23354
1.23499
1.23649
1.23805
1.23967
1.24136
1.24311
1.24492
1.24679
1.24873
1.25074
1.2528
1.25493
1.25711
1.25935
1.26162
1.26393
1.26625
1.26858
1.27088
1.27314
1.27533
1.27742
1.27938
1.28118
1.28281
1.28425
1.2855
1.28655
1.28742
1.2881
1.28853
1.28867
1.28839
1.28756
1.28607
1.28385
1.28097
1.27764
1.2743
1.27155
1.27002
1.27021
1.27233
1.27622
1.28139
1.2872
1.29297
1.29815
1.30239
1.30563
1.30802
1.30981
1.31118
1.31212
1.31242
1.31182
1.31017
1.30757
1.30435
1.30102
1.29811
1.29607
1.29518
1.29558
1.29728
1.30021
1.30419
1.30899
1.31434
1.31995
1.3256
1.33107
1.33616
1.34071
1.34454
1.34756
1.34969
1.35093
1.3513
1.35087
1.34972
1.34798
1.34579
1.34331
1.3407
1.33811
1.33565
1.33342
1.3315
1.33003
1.3292
1.32921
1.33023
1.33224
1.33505
1.33829
1.34156
1.34448
1.34681
1.34843
1.34932
1.34957
1.34928
1.34861
1.34771
1.34675
1.34589
1.34526
1.34499
1.34515
1.34577
1.34684
1.34829
1.35002
1.35191
1.35386
1.35573
1.35746
1.35895
1.36018
1.36112
1.36176
1.3621
1.36214
1.36189
1.36133
1.36043
1.35918
1.35753
1.35548
1.35307
1.35041
1.3477
1.34524
1.34333
1.34224
1.34212
1.34293
1.34448
1.34644
1.34843
1.35006
1.35103
1.35118
1.35051
1.34931
1.34811
1.34754
1.34817
1.3502
1.35341
1.35721
1.36094
1.36402
1.36611
1.36706
1.36692
1.36587
1.36427
1.36258
1.36131
1.36091
1.36155
1.3631
1.36513
1.36708
1.36845
1.36891
1.36834
1.36686
1.36482
1.36265
1.36086
1.35978
1.35959
1.36024
1.36154
1.36329
1.36532
1.36747
1.36962
1.37166
1.37348
1.37503
1.37627
1.37723
1.37797
1.37856
1.37907
1.37954
1.37997
1.38032
1.38048
1.38034
1.37977
1.37867
1.377
1.37477
1.37213
1.36931
1.36662
1.36444
1.3631
1.36282
1.36367
1.36551
1.36809
1.37108
1.37418
1.37715
1.37987
1.38227
1.38437
1.38618
1.38775
1.38913
1.39036
1.39149
1.39255
1.39357
1.39458
1.39558
1.39656
1.39749
1.39833
1.399
1.39937
1.39934
1.39875
1.39748
1.39547
1.39273
1.38944
1.38594
1.38266
1.3801
1.37864
1.37849
1.37975
1.38235
1.3861
1.3906
1.39534
1.39971
1.40321
1.40543
1.40612
1.40516
1.40252
1.39823
1.39247
1.38551
1.37783
1.37005
1.36286
1.35698
1.35303
1.35147
1.35249
1.35587
1.36106
1.36727
1.37375
1.37994
1.38547
1.39016
1.39396
1.39688
1.39896
1.40028
1.40095
1.40104
1.40066
1.3999
1.39887
1.39768
1.39642
1.39522
1.39417
1.39337
1.39286
1.39269
1.39283
1.39325
1.39389
1.39469
1.39558
1.39652
1.39746
1.39838
1.39928
1.40014
1.40098
1.4018
1.40259
1.40337
1.40412
1.40484
1.40552
1.40613
1.40663
1.40698
1.4071
1.4069
1.40622
1.40487
1.40262
1.39915
1.39415
1.38743
1.37911
1.36996
1.36161
1.35614
1.3551
1.35851
1.36482
1.37193
1.37822
1.38288
1.3857
1.3868
1.38643
1.38488
1.38252
1.37978
1.37723
1.37543
1.37485
1.3757
1.37788
1.381
1.38455
1.38806
1.39117
1.39366
1.39544
1.39649
1.39686
1.39658
1.39568
1.39414
1.39189
1.38879
1.38467
1.37938
1.37293
1.36561
1.35822
1.35202
1.34845
1.34856
1.35244
1.35906
1.36687
1.37437
1.38061
1.38514
1.38791
1.3891
1.38894
1.38767
1.38557
1.3829
1.37997
1.37716
1.37487
1.37345
1.37311
1.37384
1.37543
1.37754
1.3798
1.38193
1.38373
1.38512
1.38606
1.38657
1.38665
1.38631
1.38553
1.3843
1.38255
1.38025
1.37734
1.37381
1.3697
1.36514
1.36041
1.35588
1.35198
1.34907
1.34731
1.34658
1.34654
1.34676
1.34687
1.34665
1.34604
1.34514
1.34412
1.34317
1.34247
1.34209
1.34203
1.34227
1.34278
1.34362
1.34489
1.34672
1.34916
1.35213
1.35542
1.35872
1.36174
1.36423
1.36602
1.36705
1.36729
1.36678
1.36559
1.36378
1.36149
1.35885
1.35607
1.35338
1.35103
1.34925
1.34816
1.34778
1.34802
1.34868
1.34957
1.35048
1.35128
1.35188
1.35223
1.35233
1.3522
1.35188
1.3514
1.35079
1.35008
1.34931
1.34848
1.34762
1.34674
1.34585
1.34495
1.34407
1.34325
1.34251
1.34194
1.34157
1.34145
1.34159
1.34198
1.34253
1.34317
1.34381
1.34437
1.34482
1.34518
1.34547
1.34578
1.34614
1.34658
1.34707
1.34753
1.34785
1.3479
1.34756
1.34677
1.34549
1.34379
1.34181
1.33977
1.33791
1.33648
1.33563
1.33541
1.33576
1.33654
1.33758
1.33879
1.34013
1.34164
1.34338
1.3454
1.34771
1.35025
1.35289
1.35549
1.35791
1.36003
1.36179
1.3632
1.3643
1.36514
1.36582
1.3664
1.36695
1.36747
1.36797
1.3684
1.36871
1.36883
1.36869
1.36823
1.36734
1.36589
1.36365
1.36031
1.35551
1.349
1.34105
1.33291
1.32685
1.32529
1.32918
1.33723
1.3468
1.35554
1.36218
1.36639
1.36837
1.36853
1.36736
1.36536
1.36304
1.36085
1.3591
1.35787
1.35701
1.35626
1.35543
1.35454
1.35386
1.35383
1.35483
1.35699
1.36013
1.36391
1.36791
1.37179
1.37532
1.37841
1.38103
1.38323
1.38506
1.38661
1.38794
1.38911
1.39016
1.39111
1.39197
1.39275
1.39346
1.39407
1.39459
1.39501
1.39533
1.39553
1.39562
1.3956
1.39546
1.39522
1.3949
1.3945
1.39404
1.39353
1.39298
1.39236
1.39162
1.39068
1.38945
1.38779
1.38555
1.38258
1.37876
1.37403
1.36852
1.36268
1.35738
1.35396
1.35372
1.35735
1.36436
1.37335
1.38269
1.39111
1.39798
1.40312
1.40666
1.40882
1.40984
1.40991
1.4092
1.40783
1.4059
1.40348
1.40069
1.39763
1.39445
1.39133
1.38848
1.38607
1.38419
1.38283
1.3818
1.38086
1.37977
1.37846
1.37718
1.37648
1.37709
1.37954
1.38386
1.38955
1.3958
1.40184
1.40714
1.41146
1.41476
1.41712
1.41864
1.41942
1.41954
1.41904
1.41793
1.4162
1.41383
1.41081
1.40713
1.40286
1.39815
1.39326
1.38856
1.38452
1.38161
1.38017
1.3803
1.38183
1.38443
1.38769
1.39127
1.39493
1.39849
1.40184
1.40484
1.40731
1.409
1.40963
1.40887
1.40646
1.40238
1.3971
1.39177
1.3881
1.38764
1.39089
1.39699
1.40429
1.4113
1.41715
1.4216
1.42478
1.42695
1.4284
1.42937
1.43001
1.43044
1.43073
1.43094
1.43108
1.43118
1.43126
1.43137
1.43153
1.43179
1.4322
1.43279
1.43358
1.43455
1.43563
1.43669
1.43748
1.43766
1.43671
1.43405
1.42913
1.42186
1.41317
1.40548
1.40199
1.4047
1.41272
1.42298
1.43245
1.43941
1.44341
1.44463
1.44331
1.43952
1.43301
1.42341
1.41075
1.39648
1.38426
1.37891
1.38284
1.39382
1.4071
1.41894
1.42797
1.43434
1.43878
1.44202
1.44463
1.44698
1.44929
1.45169
1.45417
1.45666
1.45904
1.46113
1.46275
1.46373
1.4639
1.46313
1.46132
1.45846
1.45467
1.45021
1.44555
1.44126
1.43795
1.43606
1.4358
1.43705
1.43946
1.44253
1.44569
1.44835
1.44995
1.44993
1.44784
1.44341
1.43681
1.42904
1.42201
1.41806
1.41866
1.42346
1.43055
1.43778
1.44377
1.44802
1.45067
1.45207
1.45265
1.45273
1.45254
1.45218
1.45166
1.45088
1.44971
1.44806
1.44592
1.4434
1.44077
1.43837
1.43645
1.4351
1.43416
1.43334
1.43235
1.43105
1.42952
1.42809
1.42717
1.42715
1.42812
1.42981
1.43175
1.4334
1.43437
1.43447
1.43375
1.43238
1.43062
1.42876
1.42707
1.42574
1.42487
1.42442
1.42425
1.42412
1.42373
1.42282
1.42117
1.41871
1.4155
1.41176
1.40788
1.40432
1.40157
1.39999
1.3998
1.40093
1.40305
1.40559
1.40797
1.40967
1.41038
1.41001
1.40868
1.40665
1.40427
1.40189
1.39981
1.39829
1.3975
1.39752
1.39832
1.39974
1.40155
1.40345
1.40523
1.40671
1.40783
1.40861
1.40911
1.40942
1.40961
1.40975
1.4099
1.41005
1.41023
1.41043
1.41062
1.4108
1.41095
1.41106
1.41113
1.41116
1.41112
1.41104
1.41089
1.41068
1.41039
1.41002
1.40955
1.40897
1.40825
1.40738
1.40634
1.40513
1.40378
1.40233
1.40087
1.39953
1.39843
1.3977
1.39742
1.39758
1.39812
1.39889
1.39972
1.40049
1.40109
1.4015
1.40175
1.40191
1.40205
1.40226
1.40261
1.40311
1.40378
1.40459
1.40549
1.40643
1.40733
1.40812
1.40874
1.4091
1.40916
1.40885
1.40815
1.40703
1.40549
1.40356
1.40128
1.39871
1.39595
1.39316
1.39055
1.38842
1.38717
1.38711
1.38843
1.39102
1.39452
1.39838
1.40202
1.40487
1.40644
1.40625
1.40383
1.39874
1.39077
1.38024
1.36849
1.35783
1.35074
1.34841
1.09909
1.0959
1.09023
1.08178
1.07014
1.05476
1.03496
1.00999
0.979099
0.941672
0.897447
0.846727
0.790663
0.731449
0.672263
0.616833
0.568725
0.530525
0.503302
0.486555
0.478609
0.477253
0.480303
0.48598
0.493044
0.500737
0.508674
0.516692
0.524751
0.532922
0.541285
0.54994
0.558884
0.568018
0.577093
0.5858
0.593885
0.601229
0.607843
0.613775
0.619054
0.623608
0.627264
0.629792
0.630954
0.630523
0.628338
0.624352
0.61865
0.611481
0.603259
0.594512
0.585906
0.578239
0.57241
0.569286
0.569512
0.573207
0.579817
0.588201
0.596932
0.604658
0.61035
0.613425
0.613764
0.611645
0.607669
0.602614
0.597269
0.592268
0.587984
0.584512
0.5818
0.579802
0.578521
0.577926
0.577825
0.57788
0.577695
0.576989
0.575683
0.573895
0.571923
0.57017
0.569077
0.569034
0.570321
0.573066
0.577223
0.582572
0.588799
0.595549
0.602446
0.609154
0.615438
0.621172
0.626348
0.631045
0.635355
0.639304
0.642785
0.645577
0.647404
0.648034
0.647413
0.645693
0.643233
0.64052
0.638022
0.636077
0.634815
0.634154
0.633873
0.633735
0.633514
0.633074
0.63237
0.631461
0.63046
0.629503
0.628697
0.62806
0.627486
0.626786
0.625709
0.624041
0.62165
0.618569
0.615023
0.611437
0.608388
0.606523
0.606434
0.608535
0.612938
0.619372
0.627195
0.635541
0.643507
0.650354
0.655626
0.659174
0.661071
0.661495
0.660609
0.658552
0.655435
0.651407
0.646687
0.641537
0.636257
0.631129
0.626379
0.622122
0.618451
0.615487
0.613485
0.612762
0.613578
0.615929
0.619469
0.623637
0.627884
0.631857
0.635395
0.638448
0.640915
0.64264
0.643379
0.642886
0.640993
0.637668
0.633029
0.627344
0.620942
0.614201
0.607525
0.60131
0.595938
0.591751
0.588997
0.587777
0.588071
0.589798
0.592873
0.597256
0.602945
0.609904
0.617958
0.626764
0.63581
0.644503
0.652286
0.658707
0.663518
0.666668
0.668264
0.66848
0.667474
0.665336
0.662061
0.657628
0.652055
0.645452
0.638056
0.630219
0.622362
0.614912
0.608268
0.602743
0.598582
0.595919
0.594766
0.595026
0.596498
0.598878
0.601796
0.604846
0.607591
0.609631
0.61064
0.610424
0.608963
0.606379
0.602936
0.598971
0.594845
0.5909
0.587457
0.584808
0.583177
0.582649
0.583187
0.58466
0.586868
0.589583
0.592535
0.595445
0.598178
0.600911
0.604298
0.609382
0.617177
0.628017
0.641186
0.655111
0.667951
0.678176
0.684829
0.687539
0.686439
0.682038
0.67505
0.666271
0.656531
0.646651
0.63744
0.629646
0.623831
0.620242
0.618709
0.618685
0.619447
0.620283
0.620634
0.620149
0.618698
0.616308
0.613125
0.609359
0.605208
0.600779
0.596077
0.59102
0.585495
0.579452
0.572992
0.566376
0.559993
0.554301
0.549763
0.546734
0.5454
0.545765
0.547696
0.551065
0.55581
0.561915
0.569351
0.577931
0.587251
0.596773
0.605967
0.614472
0.622141
0.628974
0.634996
0.640116
0.644148
0.646886
0.648187
0.648005
0.646328
0.643198
0.638723
0.633116
0.626747
0.620139
0.613892
0.608596
0.604736
0.602619
0.602325
0.603756
0.606659
0.610722
0.615625
0.6211
0.626943
0.633003
0.639117
0.645042
0.650382
0.654597
0.657155
0.657754
0.656466
0.653724
0.650148
0.646289
0.642403
0.63847
0.634359
0.629999
0.62553
0.621305
0.617744
0.615191
0.613803
0.613558
0.614262
0.615682
0.617627
0.620015
0.622844
0.626191
0.630159
0.634803
0.640057
0.645701
0.651383
0.656656
0.661097
0.66437
0.666302
0.666926
0.66642
0.66503
0.663002
0.66049
0.657538
0.654114
0.650165
0.645668
0.640675
0.635338
0.6299
0.624698
0.620102
0.61648
0.614119
0.613159
0.613565
0.615123
0.617517
0.6204
0.623485
0.626596
0.629628
0.632488
0.635035
0.637032
0.638174
0.638187
0.636934
0.634516
0.631242
0.627543
0.623807
0.620336
0.617336
0.614968
0.613379
0.612687
0.61291
0.613938
0.615552
0.617436
0.619204
0.620451
0.620813
0.620072
0.618174
0.615207
0.611351
0.606817
0.601846
0.596796
0.592213
0.588796
0.58727
0.588138
0.591441
0.596633
0.602711
0.608475
0.612851
0.615125
0.614975
0.612487
0.608087
0.602438
0.596281
0.590303
0.584993
0.580591
0.577179
0.574811
0.573617
0.573811
0.57564
0.579243
0.584571
0.591369
0.599213
0.607624
0.616185
0.62457
0.632534
0.639864
0.646307
0.651535
0.655195
0.656968
0.656666
0.654303
0.650086
0.644406
0.637754
0.630657
0.623606
0.616998
0.61114
0.606189
0.602178
0.599007
0.596519
0.594564
0.593036
0.59196
0.591513
0.591996
0.593758
0.597064
0.602023
0.608531
0.616274
0.624799
0.633589
0.642097
0.649833
0.656384
0.66142
0.664675
0.665908
0.664905
0.661501
0.655617
0.647337
0.636953
0.624976
0.612119
0.599276
0.587385
0.57735
0.569916
0.565573
0.564509
0.566578
0.571341
0.578106
0.586045
0.594274
0.601944
0.60837
0.6131
0.615942
0.616928
0.616309
0.614499
0.611971
0.609188
0.606532
0.60426
0.6025
0.601266
0.600496
0.60007
0.599859
0.599724
0.59954
0.599231
0.598791
0.598262
0.597762
0.597464
0.597577
0.598311
0.59982
0.602132
0.605114
0.608428
0.611615
0.614182
0.615685
0.615865
0.614658
0.612195
0.60878
0.60483
0.600837
0.597292
0.594539
0.592637
0.591351
0.590271
0.589039
0.587553
0.586015
0.584836
0.58446
0.585239
0.587373
0.590937
0.595862
0.601903
0.608654
0.615556
0.622033
0.627588
0.63186
0.634687
0.636068
0.636071
0.63479
0.632312
0.628684
0.623941
0.618127
0.611342
0.60374
0.595529
0.586954
0.578267
0.569743
0.561645
0.55427
0.547953
0.54304
0.539859
0.538647
0.539427
0.541962
0.545766
0.55023
0.554769
0.558931
0.562408
0.564968
0.566361
0.566285
0.564431
0.560635
0.55498
0.547891
0.54011
0.532594
0.526308
0.522023
0.520203
0.520957
0.524125
0.529373
0.536287
0.544392
0.553178
0.562109
0.570666
0.578381
0.584905
0.590017
0.593673
0.596003
0.597298
0.597953
0.598413
0.599085
0.600315
0.602328
0.605215
0.608904
0.613176
0.617657
0.621895
0.625441
0.627886
0.628916
0.628381
0.626261
0.622684
0.617945
0.612479
0.606835
0.60164
0.597476
0.594675
0.593183
0.592579
0.592311
0.592011
0.591743
0.591982
0.593344
0.596149
0.600142
0.604531
0.608289
0.610535
0.610705
0.608626
0.60448
0.598746
0.592211
0.585913
0.581006
0.57841
0.578463
0.580722
0.584185
0.587792
0.590869
0.593266
0.595205
0.597029
0.598867
0.600544
0.60165
0.601716
0.600419
0.597683
0.593714
0.588883
0.583647
0.578423
0.573531
0.569157
0.565369
0.562216
0.559726
0.557946
0.556936
0.556704
0.557184
0.558213
0.55953
0.560828
0.561815
0.562258
0.562058
0.561247
0.560006
0.558606
0.557306
0.556285
0.555599
0.555217
0.555067
0.555084
0.555215
0.555454
0.555839
0.556457
0.557389
0.558665
0.560233
0.561971
0.563723
0.56533
0.566629
0.567443
0.567611
0.566971
0.565424
0.56297
0.559706
0.555856
0.551721
0.547606
0.543701
0.540084
0.53676
0.533743
0.531107
0.528969
0.527464
0.52668
0.52667
0.527475
0.529185
0.531943
0.535938
0.541318
0.548124
0.556269
0.565516
0.5755
0.58572
0.595596
0.604549
0.612115
0.618001
0.622104
0.624503
0.625413
0.625121
0.62395
0.622249
0.620351
0.618568
0.617214
0.616546
0.616739
0.617833
0.619686
0.621975
0.624249
0.625976
0.626607
0.625655
0.622772
0.617798
0.610767
0.601967
0.591937
0.581451
0.5714
0.562681
0.555999
0.55175
0.549968
0.550425
0.552752
0.556536
0.561379
0.566939
0.57295
0.579159
0.585294
0.591017
0.595961
0.599794
0.602283
0.603363
0.603129
0.601807
0.599688
0.597056
0.594127
0.590998
0.587648
0.58397
0.579819
0.575086
0.569739
0.563872
0.557701
0.551542
0.545767
0.540731
0.536701
0.53378
0.531877
0.530685
0.529739
0.528501
0.526498
0.523494
0.5196
0.515326
0.511477
0.508901
0.50827
0.509889
0.513702
0.51943
0.526707
0.535158
0.544429
0.554191
0.564116
0.573891
0.583255
0.592017
0.600046
0.607254
0.613592
0.619048
0.623629
0.627373
0.630355
0.632629
0.6342
0.634939
0.634586
0.632762
0.6291
0.623309
0.615314
0.605304
0.593731
0.581308
0.568927
0.557532
0.547984
0.540912
0.536635
0.535122
0.536053
0.538862
0.542859
0.54733
0.551599
0.555074
0.557281
0.557923
0.556921
0.554428
0.550857
0.546807
0.542954
0.539852
0.537771
0.536604
0.535985
0.535456
0.534717
0.533764
0.532873
0.532437
0.532731
0.533726
0.53507
0.536262
0.5369
0.536866
0.536424
0.536183
0.53693
0.539389
0.543978
0.550626
0.55882
0.567814
0.576866
0.585364
0.592876
0.599156
0.604065
0.60753
0.609548
0.610198
0.609623
0.608072
0.60591
0.603604
0.601663
0.600545
0.600539
0.601708
0.60385
0.606536
0.609213
0.611297
0.61223
0.611489
0.608596
0.603155
0.594945
0.584084
0.571196
0.557522
0.544797
0.534792
0.528716
0.526802
0.528387
0.532366
0.537646
0.543379
0.549012
0.554192
0.558708
0.562432
0.565309
0.567377
0.568752
0.569621
0.570204
0.5707
0.57121
0.571728
0.572192
0.572505
0.572649
0.572742
0.572998
0.573651
0.574784
0.57624
0.577623
0.578494
0.578593
0.578058
0.577403
0.5773
0.578215
0.580227
0.583085
0.586505
0.59046
0.595238
0.601181
0.608272
0.615835
0.622639
0.627323
0.628825
0.62665
0.620927
0.612331
0.601974
0.591108
0.580772
0.571567
0.563659
0.557027
0.551725
0.547896
0.54564
0.544855
0.545234
0.546413
0.548118
0.550202
0.552654
0.5555
0.558728
0.56226
0.56594
0.569513
0.572653
0.574969
0.576088
0.575689
0.573566
0.569686
0.564219
0.557547
0.550264
0.54317
0.53719
0.533252
0.532089
0.534007
0.538806
0.545823
0.554078
0.56253
0.570233
0.576478
0.580842
0.583174
0.583508
0.582027
0.57898
0.574657
0.569397
0.563563
0.557551
0.551791
0.793732
0.77226
0.736348
0.687163
0.626486
0.556979
0.482309
0.407061
0.336422
0.275576
0.228887
0.199092
0.186791
0.190441
0.206844
0.231893
0.26135
0.291465
0.319263
0.342683
0.360544
0.372437
0.378584
0.379711
0.376899
0.371503
0.365016
0.358899
0.354486
0.352767
0.354292
0.359143
0.36695
0.377036
0.388562
0.400674
0.412607
0.423707
0.433477
0.441574
0.447767
0.451909
0.453945
0.453865
0.451741
0.447716
0.441952
0.434639
0.426034
0.416549
0.406733
0.397296
0.389042
0.382752
0.379018
0.378158
0.380141
0.384549
0.390642
0.397472
0.404046
0.409495
0.413273
0.415243
0.415675
0.415121
0.414223
0.413529
0.413509
0.414561
0.416999
0.420968
0.426369
0.43288
0.439867
0.446592
0.452334
0.456493
0.458626
0.458542
0.456264
0.451982
0.446069
0.43903
0.431497
0.424137
0.417485
0.411892
0.407463
0.404107
0.401599
0.399664
0.398005
0.396402
0.394648
0.392584
0.390064
0.386976
0.383239
0.378821
0.373828
0.368481
0.363162
0.358404
0.354861
0.353209
0.354078
0.357933
0.364948
0.374972
0.387549
0.402018
0.417573
0.433371
0.448618
0.462594
0.474574
0.483917
0.490035
0.492413
0.490736
0.48485
0.474922
0.461407
0.445157
0.427314
0.409251
0.392389
0.377901
0.366521
0.358467
0.353502
0.351083
0.3506
0.351451
0.353249
0.355836
0.359273
0.363789
0.369611
0.376905
0.38565
0.395599
0.40631
0.417258
0.427805
0.437301
0.445158
0.450874
0.454104
0.4547
0.452704
0.448411
0.442273
0.434912
0.42709
0.419603
0.413244
0.408745
0.406643
0.407135
0.41003
0.414752
0.420406
0.425922
0.430177
0.432139
0.431037
0.426496
0.418569
0.407735
0.394933
0.381425
0.368705
0.358282
0.35146
0.349144
0.351681
0.358761
0.369421
0.382281
0.395763
0.408411
0.419084
0.427002
0.431848
0.433703
0.432913
0.430027
0.425721
0.420643
0.41538
0.410297
0.405599
0.401318
0.39731
0.393387
0.389346
0.385089
0.380792
0.37687
0.373908
0.372573
0.373417
0.376733
0.382516
0.390482
0.40013
0.410739
0.421517
0.431624
0.44027
0.446783
0.45071
0.45188
0.450408
0.44659
0.440885
0.43375
0.425599
0.416769
0.407576
0.398452
0.389935
0.382689
0.377481
0.375034
0.375802
0.379807
0.386662
0.395541
0.405357
0.41499
0.423485
0.430189
0.434818
0.437427
0.438268
0.43774
0.436288
0.434271
0.43187
0.429141
0.426001
0.422274
0.417742
0.412299
0.405958
0.398933
0.391572
0.38437
0.377955
0.373026
0.370279
0.370242
0.373121
0.378726
0.386464
0.39559
0.405233
0.414608
0.423027
0.430024
0.435256
0.438547
0.439957
0.439736
0.438308
0.436138
0.433706
0.43149
0.429829
0.42891
0.428745
0.429222
0.430106
0.43102
0.431495
0.430999
0.429001
0.425145
0.419322
0.411682
0.402604
0.392658
0.382471
0.372715
0.364095
0.357396
0.353392
0.352769
0.355986
0.363088
0.373573
0.386409
0.400182
0.413347
0.42465
0.433339
0.439239
0.442633
0.444078
0.444151
0.443285
0.441662
0.43932
0.436191
0.432218
0.427499
0.422322
0.417138
0.412484
0.408835
0.406497
0.405521
0.405696
0.406641
0.407916
0.409146
0.410023
0.410421
0.410341
0.40989
0.409216
0.408497
0.407821
0.407164
0.406426
0.405498
0.404259
0.402599
0.400447
0.397741
0.394439
0.390528
0.386055
0.381169
0.376172
0.371591
0.368144
0.366647
0.367884
0.372338
0.380018
0.390366
0.40236
0.4147
0.426154
0.435701
0.442703
0.446853
0.448173
0.447001
0.443925
0.439661
0.434984
0.430575
0.426904
0.424201
0.422472
0.421597
0.421302
0.4213
0.421329
0.42117
0.420669
0.419687
0.418011
0.415331
0.411313
0.40573
0.398611
0.390312
0.381447
0.372879
0.365581
0.360523
0.35853
0.360164
0.36555
0.374379
0.385935
0.399195
0.412945
0.425981
0.437247
0.445937
0.451555
0.453981
0.453486
0.450602
0.446087
0.44077
0.43537
0.430426
0.426281
0.423086
0.420836
0.419405
0.418559
0.417999
0.417328
0.416084
0.413816
0.410138
0.404768
0.397649
0.388957
0.379162
0.368971
0.359216
0.350791
0.34449
0.340908
0.340386
0.343026
0.348655
0.356838
0.366964
0.378272
0.390006
0.401494
0.412197
0.421814
0.430188
0.437365
0.443464
0.448559
0.452715
0.455874
0.457919
0.458743
0.458242
0.456411
0.453259
0.448927
0.44367
0.437923
0.432153
0.426838
0.422338
0.41888
0.41651
0.41508
0.414259
0.413598
0.41263
0.410943
0.408297
0.404636
0.400165
0.395283
0.390541
0.386529
0.383708
0.382295
0.38225
0.383265
0.384905
0.386702
0.388259
0.389415
0.390211
0.390913
0.391907
0.393615
0.396363
0.400263
0.405285
0.4112
0.417649
0.424203
0.430476
0.43613
0.440907
0.44472
0.447553
0.449409
0.450257
0.450033
0.448702
0.446283
0.442889
0.4387
0.433947
0.428864
0.42365
0.418456
0.413343
0.408305
0.403303
0.398288
0.393295
0.388454
0.38393
0.379822
0.376163
0.372912
0.370051
0.36768
0.366074
0.36568
0.367002
0.370403
0.376017
0.383681
0.392908
0.402986
0.4131
0.422499
0.430545
0.43683
0.441246
0.444009
0.445551
0.446392
0.446974
0.447542
0.448068
0.448328
0.447994
0.44676
0.444455
0.44106
0.436689
0.431463
0.425445
0.418582
0.410729
0.401728
0.391591
0.380599
0.369323
0.358607
0.349457
0.342867
0.339688
0.340464
0.345376
0.354183
0.366206
0.380399
0.39547
0.41008
0.422983
0.433159
0.440031
0.443499
0.443909
0.442009
0.43874
0.435163
0.432174
0.430439
0.430329
0.431861
0.434838
0.438821
0.443308
0.447718
0.451463
0.453966
0.454731
0.453362
0.449579
0.443267
0.434573
0.423914
0.411992
0.399785
0.388458
0.379182
0.372919
0.370217
0.371046
0.374849
0.380713
0.387579
0.394402
0.400334
0.404725
0.407173
0.407518
0.405887
0.402664
0.398424
0.39386
0.389655
0.386422
0.384617
0.384541
0.386352
0.390023
0.395434
0.402298
0.410171
0.418442
0.426354
0.433087
0.437916
0.440274
0.439822
0.436536
0.430713
0.423004
0.414329
0.405746
0.398327
0.392955
0.390179
0.390229
0.392952
0.39787
0.40426
0.411245
0.417985
0.423706
0.427801
0.429948
0.43011
0.428453
0.42534
0.421129
0.416151
0.410591
0.404511
0.397985
0.391171
0.384464
0.378493
0.37406
0.371948
0.372756
0.376823
0.384109
0.394205
0.406382
0.419685
0.432992
0.44519
0.455232
0.462268
0.465753
0.465474
0.461576
0.454563
0.445161
0.434218
0.422638
0.411235
0.400736
0.391767
0.38482
0.380271
0.378341
0.378996
0.381934
0.38666
0.392567
0.399057
0.405635
0.411962
0.417707
0.422641
0.426591
0.429472
0.431312
0.432237
0.432432
0.432072
0.43123
0.429785
0.42745
0.423815
0.418576
0.411717
0.403636
0.395116
0.387194
0.380857
0.376743
0.374997
0.375326
0.37717
0.379939
0.383109
0.386289
0.389203
0.391642
0.393447
0.394522
0.394914
0.394823
0.394577
0.394665
0.395544
0.397574
0.40103
0.406028
0.412492
0.420168
0.428607
0.437192
0.445254
0.452134
0.457269
0.460329
0.461203
0.459966
0.456782
0.451886
0.445533
0.437998
0.429599
0.420764
0.411958
0.403681
0.396511
0.390937
0.387262
0.385492
0.385294
0.386226
0.387815
0.389674
0.39157
0.393377
0.395059
0.396661
0.398395
0.400615
0.403726
0.407994
0.413373
0.419559
0.426012
0.432166
0.437492
0.441567
0.444052
0.444698
0.443319
0.439786
0.434091
0.426337
0.416851
0.40614
0.395008
0.384377
0.375241
0.368481
0.364706
0.364135
0.366565
0.37144
0.377965
0.385268
0.392546
0.399165
0.404752
0.409115
0.412256
0.414337
0.415577
0.416173
0.416328
0.416236
0.416125
0.416308
0.417159
0.419003
0.422061
0.426286
0.431365
0.436796
0.441953
0.44623
0.449168
0.450525
0.450213
0.448273
0.444798
0.439897
0.433668
0.426361
0.418385
0.410338
0.402958
0.397043
0.393237
0.391832
0.392564
0.394616
0.396783
0.397819
0.396854
0.393677
0.388738
0.383041
0.377845
0.374223
0.372809
0.373699
0.376524
0.380627
0.385329
0.390099
0.394649
0.398922
0.403038
0.407217
0.411644
0.416445
0.421613
0.427017
0.432399
0.437359
0.441452
0.444299
0.445649
0.445532
0.444199
0.442074
0.439606
0.437144
0.434836
0.432656
0.430458
0.428115
0.425614
0.422959
0.420228
0.41748
0.414739
0.411962
0.409076
0.406063
0.402975
0.399958
0.39725
0.395146
0.393913
0.393728
0.394585
0.396308
0.398601
0.401089
0.403441
0.405448
0.406991
0.408066
0.408746
0.409113
0.409211
0.409005
0.408357
0.407079
0.405011
0.40212
0.398566
0.394721
0.391108
0.388331
0.386941
0.38731
0.38956
0.393515
0.398674
0.404299
0.409611
0.413902
0.41671
0.417876
0.417604
0.416354
0.41476
0.413473
0.412996
0.413645
0.415451
0.418209
0.421516
0.424836
0.427564
0.429146
0.429126
0.427239
0.423473
0.418098
0.411654
0.404897
0.398623
0.393509
0.389986
0.388206
0.388122
0.389477
0.391898
0.395024
0.398553
0.40228
0.406078
0.409912
0.413735
0.417476
0.42101
0.424148
0.4266
0.428128
0.428549
0.427803
0.425965
0.423226
0.419806
0.41596
0.411872
0.407577
0.403058
0.398275
0.393249
0.388121
0.383217
0.379045
0.376136
0.374969
0.375848
0.378827
0.383661
0.389881
0.396836
0.403865
0.410384
0.415943
0.420218
0.423003
0.424177
0.423696
0.421665
0.418368
0.414277
0.410049
0.40649
0.404458
0.404702
0.407711
0.413529
0.421677
0.431234
0.441117
0.450267
0.457858
0.463293
0.466183
0.466332
0.46366
0.458202
0.450104
0.439604
0.427154
0.413412
0.399286
0.385834
0.374058
0.364765
0.358518
0.35554
0.35578
0.359003
0.364783
0.37256
0.3817
0.391552
0.401479
0.410892
0.41929
0.426303
0.431563
0.434793
0.435765
0.434428
0.4309
0.425547
0.418959
0.411894
0.405146
0.39942
0.39529
0.393136
0.39309
0.395047
0.398673
0.403488
0.40893
0.414396
0.419278
0.422994
0.425134
0.425452
0.423892
0.420651
1.2
1.20001
1.20002
1.20003
1.20005
1.20008
1.2001
1.20014
1.20017
1.20021
1.20026
1.20031
1.20036
1.20042
1.20049
1.20056
1.20063
1.20072
1.2008
1.20089
1.20099
1.20109
1.2012
1.20132
1.20144
1.20157
1.2017
1.20184
1.20199
1.20215
1.20231
1.20248
1.20266
1.20284
1.20303
1.20324
1.20345
1.20367
1.2039
1.20413
1.20438
1.20464
1.20491
1.20519
1.20548
1.20579
1.20611
1.20644
1.20678
1.20714
1.20751
1.20789
1.2083
1.20872
1.20915
1.2096
1.21008
1.21057
1.21108
1.21161
1.21217
1.21274
1.21334
1.21397
1.21462
1.2153
1.216
1.21674
1.2175
1.2183
1.21913
1.21999
1.22089
1.22182
1.22279
1.22381
1.22486
1.22596
1.2271
1.22829
1.22953
1.23081
1.23215
1.23354
1.23499
1.23649
1.23805
1.23967
1.24136
1.24311
1.24492
1.24679
1.24873
1.25074
1.2528
1.25493
1.25711
1.25935
1.26162
1.26393
1.26625
1.26858
1.27088
1.27314
1.27533
1.27742
1.27938
1.28118
1.28281
1.28425
1.2855
1.28655
1.28742
1.2881
1.28853
1.28867
1.28839
1.28756
1.28607
1.28385
1.28097
1.27764
1.2743
1.27155
1.27002
1.27021
1.27233
1.27622
1.28139
1.2872
1.29297
1.29815
1.30239
1.30563
1.30802
1.30981
1.31118
1.31212
1.31242
1.31182
1.31017
1.30757
1.30435
1.30102
1.29811
1.29607
1.29518
1.29558
1.29728
1.30021
1.30419
1.30899
1.31434
1.31995
1.3256
1.33107
1.33616
1.34071
1.34454
1.34756
1.34969
1.35093
1.3513
1.35087
1.34972
1.34798
1.34579
1.34331
1.3407
1.33811
1.33565
1.33342
1.3315
1.33003
1.3292
1.32921
1.33023
1.33224
1.33505
1.33829
1.34156
1.34448
1.34681
1.34843
1.34932
1.34957
1.34928
1.34861
1.34771
1.34675
1.34589
1.34526
1.34499
1.34515
1.34577
1.34684
1.34829
1.35002
1.35191
1.35386
1.35573
1.35746
1.35895
1.36018
1.36112
1.36176
1.3621
1.36214
1.36189
1.36133
1.36043
1.35918
1.35753
1.35548
1.35307
1.35041
1.3477
1.34524
1.34333
1.34224
1.34212
1.34293
1.34448
1.34644
1.34843
1.35006
1.35103
1.35118
1.35051
1.34931
1.34811
1.34754
1.34817
1.3502
1.35341
1.35721
1.36094
1.36402
1.36611
1.36706
1.36692
1.36587
1.36427
1.36258
1.36131
1.36091
1.36155
1.3631
1.36513
1.36708
1.36845
1.36891
1.36834
1.36686
1.36482
1.36265
1.36086
1.35978
1.35959
1.36024
1.36154
1.36329
1.36532
1.36747
1.36962
1.37166
1.37348
1.37503
1.37627
1.37723
1.37797
1.37856
1.37907
1.37954
1.37997
1.38032
1.38048
1.38034
1.37977
1.37867
1.377
1.37477
1.37213
1.36931
1.36662
1.36444
1.3631
1.36282
1.36367
1.36551
1.36809
1.37108
1.37418
1.37715
1.37987
1.38227
1.38437
1.38618
1.38775
1.38913
1.39036
1.39149
1.39255
1.39357
1.39458
1.39558
1.39656
1.39749
1.39833
1.399
1.39937
1.39934
1.39875
1.39748
1.39547
1.39273
1.38944
1.38594
1.38266
1.3801
1.37864
1.37849
1.37975
1.38235
1.3861
1.3906
1.39534
1.39971
1.40321
1.40543
1.40612
1.40516
1.40252
1.39823
1.39247
1.38551
1.37783
1.37005
1.36286
1.35698
1.35303
1.35147
1.35249
1.35587
1.36106
1.36727
1.37375
1.37994
1.38547
1.39016
1.39396
1.39688
1.39896
1.40028
1.40095
1.40104
1.40066
1.3999
1.39887
1.39768
1.39642
1.39522
1.39417
1.39337
1.39286
1.39269
1.39283
1.39325
1.39389
1.39469
1.39558
1.39652
1.39746
1.39838
1.39928
1.40014
1.40098
1.4018
1.40259
1.40337
1.40412
1.40484
1.40552
1.40613
1.40663
1.40698
1.4071
1.4069
1.40622
1.40487
1.40262
1.39915
1.39415
1.38743
1.37911
1.36996
1.36161
1.35614
1.3551
1.35851
1.36482
1.37193
1.37822
1.38288
1.3857
1.3868
1.38643
1.38488
1.38252
1.37978
1.37723
1.37543
1.37485
1.3757
1.37788
1.381
1.38455
1.38806
1.39117
1.39366
1.39544
1.39649
1.39686
1.39658
1.39568
1.39414
1.39189
1.38879
1.38467
1.37938
1.37293
1.36561
1.35822
1.35202
1.34845
1.34856
1.35244
1.35906
1.36687
1.37437
1.38061
1.38514
1.38791
1.3891
1.38894
1.38767
1.38557
1.3829
1.37997
1.37716
1.37487
1.37345
1.37311
1.37384
1.37543
1.37754
1.3798
1.38193
1.38373
1.38512
1.38606
1.38657
1.38665
1.38631
1.38553
1.3843
1.38255
1.38025
1.37734
1.37381
1.3697
1.36514
1.36041
1.35588
1.35198
1.34907
1.34731
1.34658
1.34654
1.34676
1.34687
1.34665
1.34604
1.34514
1.34412
1.34317
1.34247
1.34209
1.34203
1.34227
1.34278
1.34362
1.34489
1.34672
1.34916
1.35213
1.35542
1.35872
1.36174
1.36423
1.36602
1.36705
1.36729
1.36678
1.36559
1.36378
1.36149
1.35885
1.35607
1.35338
1.35103
1.34925
1.34816
1.34778
1.34802
1.34868
1.34957
1.35048
1.35128
1.35188
1.35223
1.35233
1.3522
1.35188
1.3514
1.35079
1.35008
1.34931
1.34848
1.34762
1.34674
1.34585
1.34495
1.34407
1.34325
1.34251
1.34194
1.34157
1.34145
1.34159
1.34198
1.34253
1.34317
1.34381
1.34437
1.34482
1.34518
1.34547
1.34578
1.34614
1.34658
1.34707
1.34753
1.34785
1.3479
1.34756
1.34677
1.34549
1.34379
1.34181
1.33977
1.33791
1.33648
1.33563
1.33541
1.33576
1.33654
1.33758
1.33879
1.34013
1.34164
1.34338
1.3454
1.34771
1.35025
1.35289
1.35549
1.35791
1.36003
1.36179
1.3632
1.3643
1.36514
1.36582
1.3664
1.36695
1.36747
1.36797
1.3684
1.36871
1.36883
1.36869
1.36823
1.36734
1.36589
1.36365
1.36031
1.35551
1.349
1.34105
1.33291
1.32685
1.32529
1.32918
1.33723
1.3468
1.35554
1.36218
1.36639
1.36837
1.36853
1.36736
1.36536
1.36304
1.36085
1.3591
1.35787
1.35701
1.35626
1.35543
1.35454
1.35386
1.35383
1.35483
1.35699
1.36013
1.36391
1.36791
1.37179
1.37532
1.37841
1.38103
1.38323
1.38506
1.38661
1.38794
1.38911
1.39016
1.39111
1.39197
1.39275
1.39346
1.39407
1.39459
1.39501
1.39533
1.39553
1.39562
1.3956
1.39546
1.39522
1.3949
1.3945
1.39404
1.39353
1.39298
1.39236
1.39162
1.39068
1.38945
1.38779
1.38555
1.38258
1.37876
1.37403
1.36852
1.36268
1.35738
1.35396
1.35372
1.35735
1.36436
1.37335
1.38269
1.39111
1.39798
1.40312
1.40666
1.40882
1.40984
1.40991
1.4092
1.40783
1.4059
1.40348
1.40069
1.39763
1.39445
1.39133
1.38848
1.38607
1.38419
1.38283
1.3818
1.38086
1.37977
1.37846
1.37718
1.37648
1.37709
1.37954
1.38386
1.38955
1.3958
1.40184
1.40714
1.41146
1.41476
1.41712
1.41864
1.41942
1.41954
1.41904
1.41793
1.4162
1.41383
1.41081
1.40713
1.40286
1.39815
1.39326
1.38856
1.38452
1.38161
1.38017
1.3803
1.38183
1.38443
1.38769
1.39127
1.39493
1.39849
1.40184
1.40484
1.40731
1.409
1.40963
1.40887
1.40646
1.40238
1.3971
1.39177
1.3881
1.38764
1.39089
1.39699
1.40429
1.4113
1.41715
1.4216
1.42478
1.42695
1.4284
1.42937
1.43001
1.43044
1.43073
1.43094
1.43108
1.43118
1.43126
1.43137
1.43153
1.43179
1.4322
1.43279
1.43358
1.43455
1.43563
1.43669
1.43748
1.43766
1.43671
1.43405
1.42913
1.42186
1.41317
1.40548
1.40199
1.4047
1.41272
1.42298
1.43245
1.43941
1.44341
1.44463
1.44331
1.43952
1.43301
1.42341
1.41075
1.39648
1.38426
1.37891
1.38284
1.39382
1.4071
1.41894
1.42797
1.43434
1.43878
1.44202
1.44463
1.44698
1.44929
1.45169
1.45417
1.45666
1.45904
1.46113
1.46275
1.46373
1.4639
1.46313
1.46132
1.45846
1.45467
1.45021
1.44555
1.44126
1.43795
1.43606
1.4358
1.43705
1.43946
1.44253
1.44569
1.44835
1.44995
1.44993
1.44784
1.44341
1.43681
1.42904
1.42201
1.41806
1.41866
1.42346
1.43055
1.43778
1.44377
1.44802
1.45067
1.45207
1.45265
1.45273
1.45254
1.45218
1.45166
1.45088
1.44971
1.44806
1.44592
1.4434
1.44077
1.43837
1.43645
1.4351
1.43416
1.43334
1.43235
1.43105
1.42952
1.42809
1.42717
1.42715
1.42812
1.42981
1.43175
1.4334
1.43437
1.43447
1.43375
1.43238
1.43062
1.42876
1.42707
1.42574
1.42487
1.42442
1.42425
1.42412
1.42373
1.42282
1.42117
1.41871
1.4155
1.41176
1.40788
1.40432
1.40157
1.39999
1.3998
1.40093
1.40305
1.40559
1.40797
1.40967
1.41038
1.41001
1.40868
1.40665
1.40427
1.40189
1.39981
1.39829
1.3975
1.39752
1.39832
1.39974
1.40155
1.40345
1.40523
1.40671
1.40783
1.40861
1.40911
1.40942
1.40961
1.40975
1.4099
1.41005
1.41023
1.41043
1.41062
1.4108
1.41095
1.41106
1.41113
1.41116
1.41112
1.41104
1.41089
1.41068
1.41039
1.41002
1.40955
1.40897
1.40825
1.40738
1.40634
1.40513
1.40378
1.40233
1.40087
1.39953
1.39843
1.3977
1.39742
1.39758
1.39812
1.39889
1.39972
1.40049
1.40109
1.4015
1.40175
1.40191
1.40205
1.40226
1.40261
1.40311
1.40378
1.40459
1.40549
1.40643
1.40733
1.40812
1.40874
1.4091
1.40916
1.40885
1.40815
1.40703
1.40549
1.40356
1.40128
1.39871
1.39595
1.39316
1.39055
1.38842
1.38717
1.38711
1.38843
1.39102
1.39452
1.39838
1.40202
1.40487
1.40644
1.40625
1.40383
1.39874
1.39077
1.38024
1.36849
1.35783
1.35074
1.34841
1.09909
1.0959
1.09023
1.08178
1.07014
1.05476
1.03496
1.00999
0.979099
0.941672
0.897447
0.846727
0.790663
0.731449
0.672263
0.616833
0.568725
0.530525
0.503302
0.486555
0.478609
0.477253
0.480303
0.48598
0.493044
0.500737
0.508674
0.516692
0.524751
0.532922
0.541285
0.54994
0.558884
0.568018
0.577093
0.5858
0.593885
0.601229
0.607843
0.613775
0.619054
0.623608
0.627264
0.629792
0.630954
0.630523
0.628338
0.624352
0.61865
0.611481
0.603259
0.594512
0.585906
0.578239
0.57241
0.569286
0.569512
0.573207
0.579817
0.588201
0.596932
0.604658
0.61035
0.613425
0.613764
0.611645
0.607669
0.602614
0.597269
0.592268
0.587984
0.584512
0.5818
0.579802
0.578521
0.577926
0.577825
0.57788
0.577695
0.576989
0.575683
0.573895
0.571923
0.57017
0.569077
0.569034
0.570321
0.573066
0.577223
0.582572
0.588799
0.595549
0.602446
0.609154
0.615438
0.621172
0.626348
0.631045
0.635355
0.639304
0.642785
0.645577
0.647404
0.648034
0.647413
0.645693
0.643233
0.64052
0.638022
0.636077
0.634815
0.634154
0.633873
0.633735
0.633514
0.633074
0.63237
0.631461
0.63046
0.629503
0.628697
0.62806
0.627486
0.626786
0.625709
0.624041
0.62165
0.618569
0.615023
0.611437
0.608388
0.606523
0.606434
0.608535
0.612938
0.619372
0.627195
0.635541
0.643507
0.650354
0.655626
0.659174
0.661071
0.661495
0.660609
0.658552
0.655435
0.651407
0.646687
0.641537
0.636257
0.631129
0.626379
0.622122
0.618451
0.615487
0.613485
0.612762
0.613578
0.615929
0.619469
0.623637
0.627884
0.631857
0.635395
0.638448
0.640915
0.64264
0.643379
0.642886
0.640993
0.637668
0.633029
0.627344
0.620942
0.614201
0.607525
0.60131
0.595938
0.591751
0.588997
0.587777
0.588071
0.589798
0.592873
0.597256
0.602945
0.609904
0.617958
0.626764
0.63581
0.644503
0.652286
0.658707
0.663518
0.666668
0.668264
0.66848
0.667474
0.665336
0.662061
0.657628
0.652055
0.645452
0.638056
0.630219
0.622362
0.614912
0.608268
0.602743
0.598582
0.595919
0.594766
0.595026
0.596498
0.598878
0.601796
0.604846
0.607591
0.609631
0.61064
0.610424
0.608963
0.606379
0.602936
0.598971
0.594845
0.5909
0.587457
0.584808
0.583177
0.582649
0.583187
0.58466
0.586868
0.589583
0.592535
0.595445
0.598178
0.600911
0.604298
0.609382
0.617177
0.628017
0.641186
0.655111
0.667951
0.678176
0.684829
0.687539
0.686439
0.682038
0.67505
0.666271
0.656531
0.646651
0.63744
0.629646
0.623831
0.620242
0.618709
0.618685
0.619447
0.620283
0.620634
0.620149
0.618698
0.616308
0.613125
0.609359
0.605208
0.600779
0.596077
0.59102
0.585495
0.579452
0.572992
0.566376
0.559993
0.554301
0.549763
0.546734
0.5454
0.545765
0.547696
0.551065
0.55581
0.561915
0.569351
0.577931
0.587251
0.596773
0.605967
0.614472
0.622141
0.628974
0.634996
0.640116
0.644148
0.646886
0.648187
0.648005
0.646328
0.643198
0.638723
0.633116
0.626747
0.620139
0.613892
0.608596
0.604736
0.602619
0.602325
0.603756
0.606659
0.610722
0.615625
0.6211
0.626943
0.633003
0.639117
0.645042
0.650382
0.654597
0.657155
0.657754
0.656466
0.653724
0.650148
0.646289
0.642403
0.63847
0.634359
0.629999
0.62553
0.621305
0.617744
0.615191
0.613803
0.613558
0.614262
0.615682
0.617627
0.620015
0.622844
0.626191
0.630159
0.634803
0.640057
0.645701
0.651383
0.656656
0.661097
0.66437
0.666302
0.666926
0.66642
0.66503
0.663002
0.66049
0.657538
0.654114
0.650165
0.645668
0.640675
0.635338
0.6299
0.624698
0.620102
0.61648
0.614119
0.613159
0.613565
0.615123
0.617517
0.6204
0.623485
0.626596
0.629628
0.632488
0.635035
0.637032
0.638174
0.638187
0.636934
0.634516
0.631242
0.627543
0.623807
0.620336
0.617336
0.614968
0.613379
0.612687
0.61291
0.613938
0.615552
0.617436
0.619204
0.620451
0.620813
0.620072
0.618174
0.615207
0.611351
0.606817
0.601846
0.596796
0.592213
0.588796
0.58727
0.588138
0.591441
0.596633
0.602711
0.608475
0.612851
0.615125
0.614975
0.612487
0.608087
0.602438
0.596281
0.590303
0.584993
0.580591
0.577179
0.574811
0.573617
0.573811
0.57564
0.579243
0.584571
0.591369
0.599213
0.607624
0.616185
0.62457
0.632534
0.639864
0.646307
0.651535
0.655195
0.656968
0.656666
0.654303
0.650086
0.644406
0.637754
0.630657
0.623606
0.616998
0.61114
0.606189
0.602178
0.599007
0.596519
0.594564
0.593036
0.59196
0.591513
0.591996
0.593758
0.597064
0.602023
0.608531
0.616274
0.624799
0.633589
0.642097
0.649833
0.656384
0.66142
0.664675
0.665908
0.664905
0.661501
0.655617
0.647337
0.636953
0.624976
0.612119
0.599276
0.587385
0.57735
0.569916
0.565573
0.564509
0.566578
0.571341
0.578106
0.586045
0.594274
0.601944
0.60837
0.6131
0.615942
0.616928
0.616309
0.614499
0.611971
0.609188
0.606532
0.60426
0.6025
0.601266
0.600496
0.60007
0.599859
0.599724
0.59954
0.599231
0.598791
0.598262
0.597762
0.597464
0.597577
0.598311
0.59982
0.602132
0.605114
0.608428
0.611615
0.614182
0.615685
0.615865
0.614658
0.612195
0.60878
0.60483
0.600837
0.597292
0.594539
0.592637
0.591351
0.590271
0.589039
0.587553
0.586015
0.584836
0.58446
0.585239
0.587373
0.590937
0.595862
0.601903
0.608654
0.615556
0.622033
0.627588
0.63186
0.634687
0.636068
0.636071
0.63479
0.632312
0.628684
0.623941
0.618127
0.611342
0.60374
0.595529
0.586954
0.578267
0.569743
0.561645
0.55427
0.547953
0.54304
0.539859
0.538647
0.539427
0.541962
0.545766
0.55023
0.554769
0.558931
0.562408
0.564968
0.566361
0.566285
0.564431
0.560635
0.55498
0.547891
0.54011
0.532594
0.526308
0.522023
0.520203
0.520957
0.524125
0.529373
0.536287
0.544392
0.553178
0.562109
0.570666
0.578381
0.584905
0.590017
0.593673
0.596003
0.597298
0.597953
0.598413
0.599085
0.600315
0.602328
0.605215
0.608904
0.613176
0.617657
0.621895
0.625441
0.627886
0.628916
0.628381
0.626261
0.622684
0.617945
0.612479
0.606835
0.60164
0.597476
0.594675
0.593183
0.592579
0.592311
0.592011
0.591743
0.591982
0.593344
0.596149
0.600142
0.604531
0.608289
0.610535
0.610705
0.608626
0.60448
0.598746
0.592211
0.585913
0.581006
0.57841
0.578463
0.580722
0.584185
0.587792
0.590869
0.593266
0.595205
0.597029
0.598867
0.600544
0.60165
0.601716
0.600419
0.597683
0.593714
0.588883
0.583647
0.578423
0.573531
0.569157
0.565369
0.562216
0.559726
0.557946
0.556936
0.556704
0.557184
0.558213
0.55953
0.560828
0.561815
0.562258
0.562058
0.561247
0.560006
0.558606
0.557306
0.556285
0.555599
0.555217
0.555067
0.555084
0.555215
0.555454
0.555839
0.556457
0.557389
0.558665
0.560233
0.561971
0.563723
0.56533
0.566629
0.567443
0.567611
0.566971
0.565424
0.56297
0.559706
0.555856
0.551721
0.547606
0.543701
0.540084
0.53676
0.533743
0.531107
0.528969
0.527464
0.52668
0.52667
0.527475
0.529185
0.531943
0.535938
0.541318
0.548124
0.556269
0.565516
0.5755
0.58572
0.595596
0.604549
0.612115
0.618001
0.622104
0.624503
0.625413
0.625121
0.62395
0.622249
0.620351
0.618568
0.617214
0.616546
0.616739
0.617833
0.619686
0.621975
0.624249
0.625976
0.626607
0.625655
0.622772
0.617798
0.610767
0.601967
0.591937
0.581451
0.5714
0.562681
0.555999
0.55175
0.549968
0.550425
0.552752
0.556536
0.561379
0.566939
0.57295
0.579159
0.585294
0.591017
0.595961
0.599794
0.602283
0.603363
0.603129
0.601807
0.599688
0.597056
0.594127
0.590998
0.587648
0.58397
0.579819
0.575086
0.569739
0.563872
0.557701
0.551542
0.545767
0.540731
0.536701
0.53378
0.531877
0.530685
0.529739
0.528501
0.526498
0.523494
0.5196
0.515326
0.511477
0.508901
0.50827
0.509889
0.513702
0.51943
0.526707
0.535158
0.544429
0.554191
0.564116
0.573891
0.583255
0.592017
0.600046
0.607254
0.613592
0.619048
0.623629
0.627373
0.630355
0.632629
0.6342
0.634939
0.634586
0.632762
0.6291
0.623309
0.615314
0.605304
0.593731
0.581308
0.568927
0.557532
0.547984
0.540912
0.536635
0.535122
0.536053
0.538862
0.542859
0.54733
0.551599
0.555074
0.557281
0.557923
0.556921
0.554428
0.550857
0.546807
0.542954
0.539852
0.537771
0.536604
0.535985
0.535456
0.534717
0.533764
0.532873
0.532437
0.532731
0.533726
0.53507
0.536262
0.5369
0.536866
0.536424
0.536183
0.53693
0.539389
0.543978
0.550626
0.55882
0.567814
0.576866
0.585364
0.592876
0.599156
0.604065
0.60753
0.609548
0.610198
0.609623
0.608072
0.60591
0.603604
0.601663
0.600545
0.600539
0.601708
0.60385
0.606536
0.609213
0.611297
0.61223
0.611489
0.608596
0.603155
0.594945
0.584084
0.571196
0.557522
0.544797
0.534792
0.528716
0.526802
0.528387
0.532366
0.537646
0.543379
0.549012
0.554192
0.558708
0.562432
0.565309
0.567377
0.568752
0.569621
0.570204
0.5707
0.57121
0.571728
0.572192
0.572505
0.572649
0.572742
0.572998
0.573651
0.574784
0.57624
0.577623
0.578494
0.578593
0.578058
0.577403
0.5773
0.578215
0.580227
0.583085
0.586505
0.59046
0.595238
0.601181
0.608272
0.615835
0.622639
0.627323
0.628825
0.62665
0.620927
0.612331
0.601974
0.591108
0.580772
0.571567
0.563659
0.557027
0.551725
0.547896
0.54564
0.544855
0.545234
0.546413
0.548118
0.550202
0.552654
0.5555
0.558728
0.56226
0.56594
0.569513
0.572653
0.574969
0.576088
0.575689
0.573566
0.569686
0.564219
0.557547
0.550264
0.54317
0.53719
0.533252
0.532089
0.534007
0.538806
0.545823
0.554078
0.56253
0.570233
0.576478
0.580842
0.583174
0.583508
0.582027
0.57898
0.574657
0.569397
0.563563
0.557551
0.551791
0.793732
0.77226
0.736348
0.687163
0.626486
0.556979
0.482309
0.407061
0.336422
0.275576
0.228887
0.199092
0.186791
0.190441
0.206844
0.231893
0.26135
0.291465
0.319263
0.342683
0.360544
0.372437
0.378584
0.379711
0.376899
0.371503
0.365016
0.358899
0.354486
0.352767
0.354292
0.359143
0.36695
0.377036
0.388562
0.400674
0.412607
0.423707
0.433477
0.441574
0.447767
0.451909
0.453945
0.453865
0.451741
0.447716
0.441952
0.434639
0.426034
0.416549
0.406733
0.397296
0.389042
0.382752
0.379018
0.378158
0.380141
0.384549
0.390642
0.397472
0.404046
0.409495
0.413273
0.415243
0.415675
0.415121
0.414223
0.413529
0.413509
0.414561
0.416999
0.420968
0.426369
0.43288
0.439867
0.446592
0.452334
0.456493
0.458626
0.458542
0.456264
0.451982
0.446069
0.43903
0.431497
0.424137
0.417485
0.411892
0.407463
0.404107
0.401599
0.399664
0.398005
0.396402
0.394648
0.392584
0.390064
0.386976
0.383239
0.378821
0.373828
0.368481
0.363162
0.358404
0.354861
0.353209
0.354078
0.357933
0.364948
0.374972
0.387549
0.402018
0.417573
0.433371
0.448618
0.462594
0.474574
0.483917
0.490035
0.492413
0.490736
0.48485
0.474922
0.461407
0.445157
0.427314
0.409251
0.392389
0.377901
0.366521
0.358467
0.353502
0.351083
0.3506
0.351451
0.353249
0.355836
0.359273
0.363789
0.369611
0.376905
0.38565
0.395599
0.40631
0.417258
0.427805
0.437301
0.445158
0.450874
0.454104
0.4547
0.452704
0.448411
0.442273
0.434912
0.42709
0.419603
0.413244
0.408745
0.406643
0.407135
0.41003
0.414752
0.420406
0.425922
0.430177
0.432139
0.431037
0.426496
0.418569
0.407735
0.394933
0.381425
0.368705
0.358282
0.35146
0.349144
0.351681
0.358761
0.369421
0.382281
0.395763
0.408411
0.419084
0.427002
0.431848
0.433703
0.432913
0.430027
0.425721
0.420643
0.41538
0.410297
0.405599
0.401318
0.39731
0.393387
0.389346
0.385089
0.380792
0.37687
0.373908
0.372573
0.373417
0.376733
0.382516
0.390482
0.40013
0.410739
0.421517
0.431624
0.44027
0.446783
0.45071
0.45188
0.450408
0.44659
0.440885
0.43375
0.425599
0.416769
0.407576
0.398452
0.389935
0.382689
0.377481
0.375034
0.375802
0.379807
0.386662
0.395541
0.405357
0.41499
0.423485
0.430189
0.434818
0.437427
0.438268
0.43774
0.436288
0.434271
0.43187
0.429141
0.426001
0.422274
0.417742
0.412299
0.405958
0.398933
0.391572
0.38437
0.377955
0.373026
0.370279
0.370242
0.373121
0.378726
0.386464
0.39559
0.405233
0.414608
0.423027
0.430024
0.435256
0.438547
0.439957
0.439736
0.438308
0.436138
0.433706
0.43149
0.429829
0.42891
0.428745
0.429222
0.430106
0.43102
0.431495
0.430999
0.429001
0.425145
0.419322
0.411682
0.402604
0.392658
0.382471
0.372715
0.364095
0.357396
0.353392
0.352769
0.355986
0.363088
0.373573
0.386409
0.400182
0.413347
0.42465
0.433339
0.439239
0.442633
0.444078
0.444151
0.443285
0.441662
0.43932
0.436191
0.432218
0.427499
0.422322
0.417138
0.412484
0.408835
0.406497
0.405521
0.405696
0.406641
0.407916
0.409146
0.410023
0.410421
0.410341
0.40989
0.409216
0.408497
0.407821
0.407164
0.406426
0.405498
0.404259
0.402599
0.400447
0.397741
0.394439
0.390528
0.386055
0.381169
0.376172
0.371591
0.368144
0.366647
0.367884
0.372338
0.380018
0.390366
0.40236
0.4147
0.426154
0.435701
0.442703
0.446853
0.448173
0.447001
0.443925
0.439661
0.434984
0.430575
0.426904
0.424201
0.422472
0.421597
0.421302
0.4213
0.421329
0.42117
0.420669
0.419687
0.418011
0.415331
0.411313
0.40573
0.398611
0.390312
0.381447
0.372879
0.365581
0.360523
0.35853
0.360164
0.36555
0.374379
0.385935
0.399195
0.412945
0.425981
0.437247
0.445937
0.451555
0.453981
0.453486
0.450602
0.446087
0.44077
0.43537
0.430426
0.426281
0.423086
0.420836
0.419405
0.418559
0.417999
0.417328
0.416084
0.413816
0.410138
0.404768
0.397649
0.388957
0.379162
0.368971
0.359216
0.350791
0.34449
0.340908
0.340386
0.343026
0.348655
0.356838
0.366964
0.378272
0.390006
0.401494
0.412197
0.421814
0.430188
0.437365
0.443464
0.448559
0.452715
0.455874
0.457919
0.458743
0.458242
0.456411
0.453259
0.448927
0.44367
0.437923
0.432153
0.426838
0.422338
0.41888
0.41651
0.41508
0.414259
0.413598
0.41263
0.410943
0.408297
0.404636
0.400165
0.395283
0.390541
0.386529
0.383708
0.382295
0.38225
0.383265
0.384905
0.386702
0.388259
0.389415
0.390211
0.390913
0.391907
0.393615
0.396363
0.400263
0.405285
0.4112
0.417649
0.424203
0.430476
0.43613
0.440907
0.44472
0.447553
0.449409
0.450257
0.450033
0.448702
0.446283
0.442889
0.4387
0.433947
0.428864
0.42365
0.418456
0.413343
0.408305
0.403303
0.398288
0.393295
0.388454
0.38393
0.379822
0.376163
0.372912
0.370051
0.36768
0.366074
0.36568
0.367002
0.370403
0.376017
0.383681
0.392908
0.402986
0.4131
0.422499
0.430545
0.43683
0.441246
0.444009
0.445551
0.446392
0.446974
0.447542
0.448068
0.448328
0.447994
0.44676
0.444455
0.44106
0.436689
0.431463
0.425445
0.418582
0.410729
0.401728
0.391591
0.380599
0.369323
0.358607
0.349457
0.342867
0.339688
0.340464
0.345376
0.354183
0.366206
0.380399
0.39547
0.41008
0.422983
0.433159
0.440031
0.443499
0.443909
0.442009
0.43874
0.435163
0.432174
0.430439
0.430329
0.431861
0.434838
0.438821
0.443308
0.447718
0.451463
0.453966
0.454731
0.453362
0.449579
0.443267
0.434573
0.423914
0.411992
0.399785
0.388458
0.379182
0.372919
0.370217
0.371046
0.374849
0.380713
0.387579
0.394402
0.400334
0.404725
0.407173
0.407518
0.405887
0.402664
0.398424
0.39386
0.389655
0.386422
0.384617
0.384541
0.386352
0.390023
0.395434
0.402298
0.410171
0.418442
0.426354
0.433087
0.437916
0.440274
0.439822
0.436536
0.430713
0.423004
0.414329
0.405746
0.398327
0.392955
0.390179
0.390229
0.392952
0.39787
0.40426
0.411245
0.417985
0.423706
0.427801
0.429948
0.43011
0.428453
0.42534
0.421129
0.416151
0.410591
0.404511
0.397985
0.391171
0.384464
0.378493
0.37406
0.371948
0.372756
0.376823
0.384109
0.394205
0.406382
0.419685
0.432992
0.44519
0.455232
0.462268
0.465753
0.465474
0.461576
0.454563
0.445161
0.434218
0.422638
0.411235
0.400736
0.391767
0.38482
0.380271
0.378341
0.378996
0.381934
0.38666
0.392567
0.399057
0.405635
0.411962
0.417707
0.422641
0.426591
0.429472
0.431312
0.432237
0.432432
0.432072
0.43123
0.429785
0.42745
0.423815
0.418576
0.411717
0.403636
0.395116
0.387194
0.380857
0.376743
0.374997
0.375326
0.37717
0.379939
0.383109
0.386289
0.389203
0.391642
0.393447
0.394522
0.394914
0.394823
0.394577
0.394665
0.395544
0.397574
0.40103
0.406028
0.412492
0.420168
0.428607
0.437192
0.445254
0.452134
0.457269
0.460329
0.461203
0.459966
0.456782
0.451886
0.445533
0.437998
0.429599
0.420764
0.411958
0.403681
0.396511
0.390937
0.387262
0.385492
0.385294
0.386226
0.387815
0.389674
0.39157
0.393377
0.395059
0.396661
0.398395
0.400615
0.403726
0.407994
0.413373
0.419559
0.426012
0.432166
0.437492
0.441567
0.444052
0.444698
0.443319
0.439786
0.434091
0.426337
0.416851
0.40614
0.395008
0.384377
0.375241
0.368481
0.364706
0.364135
0.366565
0.37144
0.377965
0.385268
0.392546
0.399165
0.404752
0.409115
0.412256
0.414337
0.415577
0.416173
0.416328
0.416236
0.416125
0.416308
0.417159
0.419003
0.422061
0.426286
0.431365
0.436796
0.441953
0.44623
0.449168
0.450525
0.450213
0.448273
0.444798
0.439897
0.433668
0.426361
0.418385
0.410338
0.402958
0.397043
0.393237
0.391832
0.392564
0.394616
0.396783
0.397819
0.396854
0.393677
0.388738
0.383041
0.377845
0.374223
0.372809
0.373699
0.376524
0.380627
0.385329
0.390099
0.394649
0.398922
0.403038
0.407217
0.411644
0.416445
0.421613
0.427017
0.432399
0.437359
0.441452
0.444299
0.445649
0.445532
0.444199
0.442074
0.439606
0.437144
0.434836
0.432656
0.430458
0.428115
0.425614
0.422959
0.420228
0.41748
0.414739
0.411962
0.409076
0.406063
0.402975
0.399958
0.39725
0.395146
0.393913
0.393728
0.394585
0.396308
0.398601
0.401089
0.403441
0.405448
0.406991
0.408066
0.408746
0.409113
0.409211
0.409005
0.408357
0.407079
0.405011
0.40212
0.398566
0.394721
0.391108
0.388331
0.386941
0.38731
0.38956
0.393515
0.398674
0.404299
0.409611
0.413902
0.41671
0.417876
0.417604
0.416354
0.41476
0.413473
0.412996
0.413645
0.415451
0.418209
0.421516
0.424836
0.427564
0.429146
0.429126
0.427239
0.423473
0.418098
0.411654
0.404897
0.398623
0.393509
0.389986
0.388206
0.388122
0.389477
0.391898
0.395024
0.398553
0.40228
0.406078
0.409912
0.413735
0.417476
0.42101
0.424148
0.4266
0.428128
0.428549
0.427803
0.425965
0.423226
0.419806
0.41596
0.411872
0.407577
0.403058
0.398275
0.393249
0.388121
0.383217
0.379045
0.376136
0.374969
0.375848
0.378827
0.383661
0.389881
0.396836
0.403865
0.410384
0.415943
0.420218
0.423003
0.424177
0.423696
0.421665
0.418368
0.414277
0.410049
0.40649
0.404458
0.404702
0.407711
0.413529
0.421677
0.431234
0.441117
0.450267
0.457858
0.463293
0.466183
0.466332
0.46366
0.458202
0.450104
0.439604
0.427154
0.413412
0.399286
0.385834
0.374058
0.364765
0.358518
0.35554
0.35578
0.359003
0.364783
0.37256
0.3817
0.391552
0.401479
0.410892
0.41929
0.426303
0.431563
0.434793
0.435765
0.434428
0.4309
0.425547
0.418959
0.411894
0.405146
0.39942
0.39529
0.393136
0.39309
0.395047
0.398673
0.403488
0.40893
0.414396
0.419278
0.422994
0.425134
0.425452
0.423892
0.420651
