1.6487
1.64411
1.63592
1.62361
1.60652
1.58379
1.55435
1.51701
1.47064
1.41428
1.34747
1.27071
1.18587
1.09638
1.00714
0.92384
0.851855
0.795198
0.755923
0.734007
0.727766
0.734421
0.750696
0.773268
0.799137
0.825814
0.851374
0.874487
0.894375
0.910721
0.923508
0.932914
0.939111
0.942183
0.942108
0.938849
0.932474
0.923259
0.911787
0.898948
0.885823
0.873611
0.86357
0.856845
0.854294
0.856211
0.862147
0.870995
0.881315
0.891695
0.900962
0.908293
0.913168
0.915383
0.915029
0.912527
0.908568
0.90405
0.89991
0.896933
0.89564
0.89618
0.89836
0.901745
0.905792
0.909952
0.913743
0.916768
0.918707
0.919301
0.918328
0.915631
0.911125
0.904876
0.897208
0.888729
0.880332
0.872945
0.86723
0.863365
0.861004
0.859541
0.858431
0.857317
0.855975
0.854185
0.851652
0.848125
0.843626
0.838559
0.833653
0.829767
0.827644
0.827727
0.830085
0.834435
0.840242
0.846855
0.853569
0.85969
0.864581
0.867649
0.868452
0.866757
0.862667
0.856625
0.849374
0.841807
0.834812
0.829082
0.825027
0.822749
0.822137
0.822992
0.82509
0.828245
0.8323
0.837101
0.842428
0.847876
0.852831
0.856534
0.858328
0.85799
0.856006
0.853569
0.852355
0.853957
0.859344
0.868532
0.880566
0.893877
0.906715
0.917622
0.92571
0.930758
0.933117
0.933524
0.932828
0.931788
0.930875
0.930202
0.92957
0.928622
0.926931
0.924109
0.919939
0.914447
0.907923
0.900921
0.894118
0.888236
0.883758
0.88083
0.879202
0.878333
0.877659
0.876812
0.875751
0.874748
0.874266
0.874848
0.87694
0.880779
0.886301
0.893082
0.90039
0.907274
0.912703
0.915739
0.915678
0.91221
0.905597
0.896692
0.886809
0.877325
0.869257
0.862949
0.858094
0.85406
0.850345
0.846899
0.844194
0.843034
0.844222
0.848216
0.854817
0.863177
0.872004
0.879966
0.886001
0.889523
0.890451
0.889102
0.886055
0.881915
0.877219
0.872272
0.867226
0.862229
0.857486
0.853384
0.850511
0.849518
0.851022
0.855442
0.862844
0.872863
0.884728
0.897387
0.909679
0.920487
0.928904
0.934306
0.93634
0.934916
0.930216
0.922653
0.912884
0.901807
0.890421
0.879715
0.87054
0.863406
0.858452
0.855462
0.853966
0.853441
0.853448
0.853756
0.854322
0.855248
0.856703
0.858804
0.86154
0.864693
0.867904
0.870714
0.872687
0.873524
0.87311
0.871543
0.869135
0.866377
0.863813
0.861957
0.861185
0.861658
0.863288
0.86576
0.868587
0.871186
0.873051
0.873836
0.873418
0.871908
0.869588
0.866794
0.863819
0.860816
0.857846
0.854896
0.851962
0.849078
0.846308
0.84372
0.841354
0.839221
0.837347
0.835791
0.834707
0.834324
0.834918
0.836759
0.839946
0.844389
0.849771
0.855585
0.861296
0.866455
0.870802
0.874291
0.876995
0.879045
0.880568
0.881633
0.882304
0.882778
0.883431
0.884836
0.887544
0.891779
0.897258
0.90324
0.908807
0.913077
0.915346
0.915149
0.912113
0.905977
0.896634
0.884232
0.869372
0.853251
0.837635
0.824592
0.815997
0.812922
0.815296
0.821908
0.83082
0.839926
0.847395
0.851891
0.852704
0.849758
0.843536
0.834963
0.825262
0.815738
0.807535
0.801504
0.798084
0.797323
0.798953
0.802526
0.807474
0.813165
0.81899
0.824406
0.82904
0.8327
0.835382
0.83723
0.83845
0.839238
0.839697
0.839668
0.838712
0.836213
0.831621
0.824749
0.815911
0.805933
0.795976
0.787313
0.781042
0.77792
0.778235
0.781793
0.787961
0.795829
0.804357
0.812513
0.819444
0.824519
0.82741
0.82811
0.826968
0.824648
0.821996
0.819869
0.818993
0.819859
0.822722
0.827708
0.834815
0.843872
0.854576
0.866456
0.878889
0.891165
0.902551
0.9124
0.920219
0.925674
0.928607
0.928988
0.926922
0.922668
0.916677
0.909526
0.901889
0.894413
0.887539
0.88143
0.875935
0.870674
0.86523
0.859361
0.853094
0.846693
0.840503
0.834804
0.829646
0.824848
0.820103
0.815155
0.809998
0.804901
0.800437
0.79733
0.796218
0.797431
0.80089
0.80622
0.812957
0.820742
0.829408
0.839015
0.849711
0.861607
0.874677
0.88867
0.903132
0.917349
0.930493
0.941737
0.950386
0.956015
0.958565
0.958301
0.955698
0.951249
0.945288
0.937864
0.928748
0.917563
0.903945
0.887727
0.869157
0.849039
0.828761
0.810175
0.795252
0.785674
0.782364
0.785231
0.793254
0.804835
0.818246
0.831962
0.844843
0.856107
0.865219
0.871836
0.875845
0.877399
0.876931
0.875123
0.872766
0.870562
0.868904
0.867863
0.867188
0.866438
0.865158
0.863051
0.859993
0.856053
0.85141
0.846207
0.840498
0.834207
0.82722
0.819524
0.811311
0.802999
0.795241
0.788811
0.78445
0.782645
0.783517
0.786829
0.792062
0.798636
0.806071
0.814036
0.822313
0.830779
0.839294
0.847661
0.855622
0.862885
0.86912
0.874041
0.877386
0.878966
0.878667
0.876359
0.871938
0.865332
0.856547
0.845743
0.833229
0.819539
0.805415
0.791693
0.77918
0.768552
0.760279
0.754638
0.751737
0.75159
0.754161
0.759306
0.766736
0.775964
0.786306
0.796978
0.807186
0.816263
0.823767
0.829471
0.83329
0.835245
0.835344
0.833564
0.829896
0.824444
0.817472
0.809476
0.801129
0.793227
0.78652
0.781581
0.778728
0.778054
0.779462
0.782699
0.787457
0.793317
0.799681
0.805784
0.810804
0.814023
0.815004
0.813693
0.810387
0.805633
0.800128
0.794606
0.789778
0.786269
0.784531
0.784791
0.78699
0.790749
0.795475
0.800547
0.805531
0.810322
0.81512
0.82026
0.825975
0.832178
0.838498
0.844394
0.849309
0.852813
0.854679
0.854931
0.853808
0.851677
0.848888
0.845718
0.842316
0.838758
0.835041
0.831091
0.82675
0.821847
0.816227
0.809835
0.802714
0.794967
0.786786
0.778407
0.770084
0.762038
0.754424
0.747294
0.740685
0.734678
0.729404
0.725012
0.721612
0.719237
0.717827
0.717226
0.717229
0.7177
0.71862
0.720097
0.722281
0.72525
0.728946
0.733186
0.737693
0.742205
0.746579
0.750928
0.755587
0.761107
0.768052
0.776764
0.78718
0.798758
0.810557
0.821485
0.83052
0.836913
0.840234
0.840391
0.837578
0.832129
0.82449
0.81519
0.804837
0.794091
0.783644
0.774194
0.766329
0.760482
0.75681
0.755218
0.75541
0.757007
0.759627
0.762932
0.766669
0.770633
0.774688
0.778825
0.783152
0.787825
0.792927
0.79839
0.80392
0.809015
0.81306
0.815446
0.815721
0.81368
0.809446
0.803461
0.796353
0.788833
0.781549
0.775021
0.769567
0.765292
0.762104
0.759769
0.757954
0.756266
0.754315
0.751787
0.748486
0.744393
0.739697
0.73477
0.730085
0.72614
0.723364
0.721987
0.72205
0.723445
0.726072
0.729875
0.734845
0.740983
0.748166
0.75613
0.764478
0.772736
0.780491
0.78747
0.793614
0.799074
0.804193
0.809385
0.815041
0.821405
0.828468
0.835939
0.843303
0.849902
0.855095
0.858425
0.859718
0.8591
0.857021
0.854193
0.851475
0.849708
0.849586
0.851515
0.855524
0.861281
0.868197
0.875617
0.882938
0.889701
0.895601
0.900349
0.903631
0.905071
0.904276
0.900919
0.894848
0.886207
0.875483
0.863536
0.851484
0.840522
0.8317
0.825633
0.822346
0.821425
0.822269
0.824347
0.827284
0.830832
0.834679
0.838317
0.841205
0.842971
0.843548
0.843215
0.842461
0.841887
0.84201
0.843175
0.845499
0.848844
0.852877
0.857185
0.861435
0.865442
0.869182
0.872765
0.876396
0.880269
0.884516
0.889175
0.894137
0.899119
0.903723
0.907458
0.909793
0.910188
0.908158
0.903427
0.89599
0.886183
0.874727
0.862653
0.851104
0.841165
0.83358
0.828657
0.826261
0.825908
0.82696
0.828779
0.830858
0.832882
0.834774
0.83665
0.838747
0.841401
0.844923
0.849495
0.855059
0.861199
0.867127
0.8718
0.874152
0.873334
0.868913
0.861073
0.850747
0.839532
0.829392
0.822114
0.818689
0.819033
0.822295
0.827466
0.833914
0.84145
0.850091
0.859723
0.86984
0.879623
0.888094
0.894408
0.898004
0.898691
0.896631
0.892239
0.886018
0.87842
0.86974
0.860069
0.849289
0.837363
0.824527
0.811552
0.799712
0.790586
0.785612
0.785677
0.790864
0.800492
0.813361
0.82801
0.842913
0.856674
0.868151
0.876582
0.881635
0.883431
0.882444
0.879421
0.875195
0.870542
0.866022
0.86193
0.858307
0.855004
0.851833
0.848725
0.84582
0.843464
0.842069
0.84198
0.843325
0.845998
0.849746
0.854317
0.85953
0.865315
0.871633
0.878402
0.885386
0.892224
0.898461
0.903571
0.907043
0.908413
0.9073
0.903455
0.896806
0.88746
0.875678
0.861857
0.84648
0.83013
0.813504
0.797467
0.783156
0.77192
0.765115
0.763749
0.768058
0.777302
0.789931
0.803985
0.817642
0.829487
0.838645
0.844754
0.847876
0.848422
0.847063
0.844598
0.841751
0.838969
0.836342
0.833634
0.830451
0.826426
0.821351
0.815182
0.808101
0.800504
0.793051
0.78666
0.782481
0.781675
0.785112
0.793009
0.804759
0.818988
0.833895
0.847687
0.858933
0.866743
0.870764
0.871081
0.86812
0.862557
0.85524
0.847181
0.839486
0.833277
0.829489
0.82874
0.83118
0.836474
0.843882
0.852451
0.861211
0.869294
0.87604
0.881022
0.884039
0.885116
0.884468
0.88251
0.87981
0.87699
0.874621
0.873043
0.872265
0.871959
0.871603
0.870772
0.869454
0.868202
0.867968
0.869565
0.873155
0.878107
0.883444
0.888371
0.892533
0.895859
0.898289
0.899599
0.89947
0.897648
0.894079
0.888882
0.882304
0.874598
0.865899
0.856187
0.845324
0.833156
0.819618
0.804886
0.789439
0.774054
0.759683
0.747336
0.737901
0.732025
0.730087
0.732164
0.738042
0.747275
0.759154
0.772779
0.787093
0.801021
0.813559
0.823872
0.831361
0.835758
0.837167
0.836239
0.834183
0.832692
0.83355
0.837955
0.845972
0.856486
0.867667
0.877715
0.885385
0.890176
0.89228
0.892339
0.891072
0.889045
0.886443
0.883077
0.878502
0.872192
0.863746
0.853047
0.840377
0.826417
0.812166
0.798744
0.787196
0.778223
1.6487
1.64411
1.63592
1.62361
1.60652
1.58379
1.55435
1.51701
1.47064
1.41428
1.34747
1.27071
1.18587
1.09638
1.00714
0.92384
0.851855
0.795198
0.755923
0.734007
0.727766
0.734421
0.750696
0.773268
0.799137
0.825814
0.851374
0.874487
0.894375
0.910721
0.923508
0.932914
0.939111
0.942183
0.942108
0.938849
0.932474
0.923259
0.911787
0.898948
0.885823
0.873611
0.86357
0.856845
0.854294
0.856211
0.862147
0.870995
0.881315
0.891695
0.900962
0.908293
0.913168
0.915383
0.915029
0.912527
0.908568
0.90405
0.89991
0.896933
0.89564
0.89618
0.89836
0.901745
0.905792
0.909952
0.913743
0.916768
0.918707
0.919301
0.918328
0.915631
0.911125
0.904876
0.897208
0.888729
0.880332
0.872945
0.86723
0.863365
0.861004
0.859541
0.858431
0.857317
0.855975
0.854185
0.851652
0.848125
0.843626
0.838559
0.833653
0.829767
0.827644
0.827727
0.830085
0.834435
0.840242
0.846855
0.853569
0.85969
0.864581
0.867649
0.868452
0.866757
0.862667
0.856625
0.849374
0.841807
0.834812
0.829082
0.825027
0.822749
0.822137
0.822992
0.82509
0.828245
0.8323
0.837101
0.842428
0.847876
0.852831
0.856534
0.858328
0.85799
0.856006
0.853569
0.852355
0.853957
0.859344
0.868532
0.880566
0.893877
0.906715
0.917622
0.92571
0.930758
0.933117
0.933524
0.932828
0.931788
0.930875
0.930202
0.92957
0.928622
0.926931
0.924109
0.919939
0.914447
0.907923
0.900921
0.894118
0.888236
0.883758
0.88083
0.879202
0.878333
0.877659
0.876812
0.875751
0.874748
0.874266
0.874848
0.87694
0.880779
0.886301
0.893082
0.90039
0.907274
0.912703
0.915739
0.915678
0.91221
0.905597
0.896692
0.886809
0.877325
0.869257
0.862949
0.858094
0.85406
0.850345
0.846899
0.844194
0.843034
0.844222
0.848216
0.854817
0.863177
0.872004
0.879966
0.886001
0.889523
0.890451
0.889102
0.886055
0.881915
0.877219
0.872272
0.867226
0.862229
0.857486
0.853384
0.850511
0.849518
0.851022
0.855442
0.862844
0.872863
0.884728
0.897387
0.909679
0.920487
0.928904
0.934306
0.93634
0.934916
0.930216
0.922653
0.912884
0.901807
0.890421
0.879715
0.87054
0.863406
0.858452
0.855462
0.853966
0.853441
0.853448
0.853756
0.854322
0.855248
0.856703
0.858804
0.86154
0.864693
0.867904
0.870714
0.872687
0.873524
0.87311
0.871543
0.869135
0.866377
0.863813
0.861957
0.861185
0.861658
0.863288
0.86576
0.868587
0.871186
0.873051
0.873836
0.873418
0.871908
0.869588
0.866794
0.863819
0.860816
0.857846
0.854896
0.851962
0.849078
0.846308
0.84372
0.841354
0.839221
0.837347
0.835791
0.834707
0.834324
0.834918
0.836759
0.839946
0.844389
0.849771
0.855585
0.861296
0.866455
0.870802
0.874291
0.876995
0.879045
0.880568
0.881633
0.882304
0.882778
0.883431
0.884836
0.887544
0.891779
0.897258
0.90324
0.908807
0.913077
0.915346
0.915149
0.912113
0.905977
0.896634
0.884232
0.869372
0.853251
0.837635
0.824592
0.815997
0.812922
0.815296
0.821908
0.83082
0.839926
0.847395
0.851891
0.852704
0.849758
0.843536
0.834963
0.825262
0.815738
0.807535
0.801504
0.798084
0.797323
0.798953
0.802526
0.807474
0.813165
0.81899
0.824406
0.82904
0.8327
0.835382
0.83723
0.83845
0.839238
0.839697
0.839668
0.838712
0.836213
0.831621
0.824749
0.815911
0.805933
0.795976
0.787313
0.781042
0.77792
0.778235
0.781793
0.787961
0.795829
0.804357
0.812513
0.819444
0.824519
0.82741
0.82811
0.826968
0.824648
0.821996
0.819869
0.818993
0.819859
0.822722
0.827708
0.834815
0.843872
0.854576
0.866456
0.878889
0.891165
0.902551
0.9124
0.920219
0.925674
0.928607
0.928988
0.926922
0.922668
0.916677
0.909526
0.901889
0.894413
0.887539
0.88143
0.875935
0.870674
0.86523
0.859361
0.853094
0.846693
0.840503
0.834804
0.829646
0.824848
0.820103
0.815155
0.809998
0.804901
0.800437
0.79733
0.796218
0.797431
0.80089
0.80622
0.812957
0.820742
0.829408
0.839015
0.849711
0.861607
0.874677
0.88867
0.903132
0.917349
0.930493
0.941737
0.950386
0.956015
0.958565
0.958301
0.955698
0.951249
0.945288
0.937864
0.928748
0.917563
0.903945
0.887727
0.869157
0.849039
0.828761
0.810175
0.795252
0.785674
0.782364
0.785231
0.793254
0.804835
0.818246
0.831962
0.844843
0.856107
0.865219
0.871836
0.875845
0.877399
0.876931
0.875123
0.872766
0.870562
0.868904
0.867863
0.867188
0.866438
0.865158
0.863051
0.859993
0.856053
0.85141
0.846207
0.840498
0.834207
0.82722
0.819524
0.811311
0.802999
0.795241
0.788811
0.78445
0.782645
0.783517
0.786829
0.792062
0.798636
0.806071
0.814036
0.822313
0.830779
0.839294
0.847661
0.855622
0.862885
0.86912
0.874041
0.877386
0.878966
0.878667
0.876359
0.871938
0.865332
0.856547
0.845743
0.833229
0.819539
0.805415
0.791693
0.77918
0.768552
0.760279
0.754638
0.751737
0.75159
0.754161
0.759306
0.766736
0.775964
0.786306
0.796978
0.807186
0.816263
0.823767
0.829471
0.83329
0.835245
0.835344
0.833564
0.829896
0.824444
0.817472
0.809476
0.801129
0.793227
0.78652
0.781581
0.778728
0.778054
0.779462
0.782699
0.787457
0.793317
0.799681
0.805784
0.810804
0.814023
0.815004
0.813693
0.810387
0.805633
0.800128
0.794606
0.789778
0.786269
0.784531
0.784791
0.78699
0.790749
0.795475
0.800547
0.805531
0.810322
0.81512
0.82026
0.825975
0.832178
0.838498
0.844394
0.849309
0.852813
0.854679
0.854931
0.853808
0.851677
0.848888
0.845718
0.842316
0.838758
0.835041
0.831091
0.82675
0.821847
0.816227
0.809835
0.802714
0.794967
0.786786
0.778407
0.770084
0.762038
0.754424
0.747294
0.740685
0.734678
0.729404
0.725012
0.721612
0.719237
0.717827
0.717226
0.717229
0.7177
0.71862
0.720097
0.722281
0.72525
0.728946
0.733186
0.737693
0.742205
0.746579
0.750928
0.755587
0.761107
0.768052
0.776764
0.78718
0.798758
0.810557
0.821485
0.83052
0.836913
0.840234
0.840391
0.837578
0.832129
0.82449
0.81519
0.804837
0.794091
0.783644
0.774194
0.766329
0.760482
0.75681
0.755218
0.75541
0.757007
0.759627
0.762932
0.766669
0.770633
0.774688
0.778825
0.783152
0.787825
0.792927
0.79839
0.80392
0.809015
0.81306
0.815446
0.815721
0.81368
0.809446
0.803461
0.796353
0.788833
0.781549
0.775021
0.769567
0.765292
0.762104
0.759769
0.757954
0.756266
0.754315
0.751787
0.748486
0.744393
0.739697
0.73477
0.730085
0.72614
0.723364
0.721987
0.72205
0.723445
0.726072
0.729875
0.734845
0.740983
0.748166
0.75613
0.764478
0.772736
0.780491
0.78747
0.793614
0.799074
0.804193
0.809385
0.815041
0.821405
0.828468
0.835939
0.843303
0.849902
0.855095
0.858425
0.859718
0.8591
0.857021
0.854193
0.851475
0.849708
0.849586
0.851515
0.855524
0.861281
0.868197
0.875617
0.882938
0.889701
0.895601
0.900349
0.903631
0.905071
0.904276
0.900919
0.894848
0.886207
0.875483
0.863536
0.851484
0.840522
0.8317
0.825633
0.822346
0.821425
0.822269
0.824347
0.827284
0.830832
0.834679
0.838317
0.841205
0.842971
0.843548
0.843215
0.842461
0.841887
0.84201
0.843175
0.845499
0.848844
0.852877
0.857185
0.861435
0.865442
0.869182
0.872765
0.876396
0.880269
0.884516
0.889175
0.894137
0.899119
0.903723
0.907458
0.909793
0.910188
0.908158
0.903427
0.89599
0.886183
0.874727
0.862653
0.851104
0.841165
0.83358
0.828657
0.826261
0.825908
0.82696
0.828779
0.830858
0.832882
0.834774
0.83665
0.838747
0.841401
0.844923
0.849495
0.855059
0.861199
0.867127
0.8718
0.874152
0.873334
0.868913
0.861073
0.850747
0.839532
0.829392
0.822114
0.818689
0.819033
0.822295
0.827466
0.833914
0.84145
0.850091
0.859723
0.86984
0.879623
0.888094
0.894408
0.898004
0.898691
0.896631
0.892239
0.886018
0.87842
0.86974
0.860069
0.849289
0.837363
0.824527
0.811552
0.799712
0.790586
0.785612
0.785677
0.790864
0.800492
0.813361
0.82801
0.842913
0.856674
0.868151
0.876582
0.881635
0.883431
0.882444
0.879421
0.875195
0.870542
0.866022
0.86193
0.858307
0.855004
0.851833
0.848725
0.84582
0.843464
0.842069
0.84198
0.843325
0.845998
0.849746
0.854317
0.85953
0.865315
0.871633
0.878402
0.885386
0.892224
0.898461
0.903571
0.907043
0.908413
0.9073
0.903455
0.896806
0.88746
0.875678
0.861857
0.84648
0.83013
0.813504
0.797467
0.783156
0.77192
0.765115
0.763749
0.768058
0.777302
0.789931
0.803985
0.817642
0.829487
0.838645
0.844754
0.847876
0.848422
0.847063
0.844598
0.841751
0.838969
0.836342
0.833634
0.830451
0.826426
0.821351
0.815182
0.808101
0.800504
0.793051
0.78666
0.782481
0.781675
0.785112
0.793009
0.804759
0.818988
0.833895
0.847687
0.858933
0.866743
0.870764
0.871081
0.86812
0.862557
0.85524
0.847181
0.839486
0.833277
0.829489
0.82874
0.83118
0.836474
0.843882
0.852451
0.861211
0.869294
0.87604
0.881022
0.884039
0.885116
0.884468
0.88251
0.87981
0.87699
0.874621
0.873043
0.872265
0.871959
0.871603
0.870772
0.869454
0.868202
0.867968
0.869565
0.873155
0.878107
0.883444
0.888371
0.892533
0.895859
0.898289
0.899599
0.89947
0.897648
0.894079
0.888882
0.882304
0.874598
0.865899
0.856187
0.845324
0.833156
0.819618
0.804886
0.789439
0.774054
0.759683
0.747336
0.737901
0.732025
0.730087
0.732164
0.738042
0.747275
0.759154
0.772779
0.787093
0.801021
0.813559
0.823872
0.831361
0.835758
0.837167
0.836239
0.834183
0.832692
0.83355
0.837955
0.845972
0.856486
0.867667
0.877715
0.885385
0.890176
0.89228
0.892339
0.891072
0.889045
0.886443
0.883077
0.878502
0.872192
0.863746
0.853047
0.840377
0.826417
0.812166
0.798744
0.787196
0.778223
