-4.71444
-4.7141
-4.71371
-4.71296
-4.71139
-4.70865
-4.70656
-4.70193
-4.6981
-4.69389
-4.69059
-4.68801
-4.6863
-4.68427
-4.68491
-4.68626
-4.68794
-4.68932
-4.69139
-4.69396
-4.69554
-4.69817
-4.6988
-4.69986
-4.70004
-4.70046
-4.69982
-4.70088
-4.69993
-4.70018
-4.70028
-4.6995
-4.69873
-4.69872
-4.69961
-4.69945
-4.69839
-4.69798
-4.6978
-4.69727
-4.6973
-4.69807
-4.6982
-4.69934
-4.69993
-4.69931
-4.70072
-4.70048
-4.70055
-4.70094
-4.70153
-4.70206
-4.7024
-4.70168
-4.70099
-4.70126
-4.70177
-4.70131
-4.7014
-4.70154
-4.70188
-4.70175
-4.7019
-4.70184
-4.70142
-4.7011
-4.70074
-4.70049
-4.70082
-4.70068
-4.70021
-4.70003
-4.7003
-4.70029
-4.69988
-4.70029
-4.70051
-4.70035
-4.70114
-4.70116
-4.70158
-4.70149
-4.70135
-4.70149
-4.7016
-4.70215
-4.7013
-4.70074
-4.70127
-4.70079
-4.70025
-4.69979
-4.69985
-4.70008
-4.70105
-4.70138
-4.70088
-4.70047
-4.70075
-4.7005
-4.69959
-4.69968
-4.69944
-4.69994
-4.70002
-4.70032
-4.69979
-4.70011
-4.70006
-4.70082
-4.70024
-4.70087
-4.70193
-4.70252
-4.70173
-4.70258
-4.70311
-4.70424
-4.70412
-4.70395
-4.70341
-4.70324
-4.70288
-4.70283
-4.70317
-4.70291
-4.70358
-4.70348
-4.70387
-4.70391
-4.70427
-4.70445
-4.70341
-4.70482
-4.70406
-4.70437
-4.70444
-4.70399
-4.70377
-4.70362
-4.70349
-4.70381
-4.70395
-4.70359
-4.70365
-4.70367
-4.70368
-4.70311
-4.70228
-4.70196
-4.70187
-4.70305
-4.70306
-4.70275
-4.70316
-4.70305
-4.70244
-4.70181
-4.7015
-4.70122
-4.70161
-4.70235
-4.70176
-4.70209
-4.70224
-4.70248
-4.70324
-4.70374
-4.70309
-4.70266
-4.70277
-4.70229
-4.70156
-4.70139
-4.70032
-4.70072
-4.7012
-4.70242
-4.70269
-4.70304
-4.70291
-4.70356
-4.70352
-4.70312
-4.70369
-4.70397
-4.70434
-4.70491
-4.70473
-4.70443
-4.70419
-4.70302
-4.70353
-4.70333
-4.70289
-4.70297
-4.70263
-4.70231
-4.70412
-4.70353
-4.70342
-4.70246
-4.70232
-4.70178
-4.70131
-4.70161
-4.70189
-4.70212
-4.70255
-4.70453
-4.70534
-4.70529
-4.70471
-4.70439
-4.70343
-4.70264
-4.70264
-4.70223
-4.7019
-4.70258
-4.70336
-4.70288
-4.70291
-4.70373
-4.7041
-4.70351
-4.70348
-4.70371
-4.70389
-4.70362
-4.7041
-4.70384
-4.7036
-4.70291
-4.70357
-4.70314
-4.70312
-4.70291
-4.7025
-4.70177
-4.70135
-4.7011
-4.70073
-4.70043
-4.70093
-4.70193
-4.70175
-4.70202
-4.70258
-4.70264
-4.70264
-4.70304
-4.7028
-4.70298
-4.70241
-4.70231
-4.7027
-4.70283
-4.70312
-4.70358
-4.70388
-4.70418
-4.70494
-4.7054
-4.70436
-4.70408
-4.7041
-4.70398
-4.70385
-4.70314
-4.70319
-4.70403
-4.7043
-4.70534
-4.70577
-4.70438
-4.70429
-4.70491
-4.70578
-4.70677
-4.70653
-4.7066
-4.70607
-4.70556
-4.70566
-4.70517
-4.70453
-4.70362
-4.70322
-4.70378
-4.70468
-4.70498
-4.70492
-4.70507
-4.70437
-4.70345
-4.70231
-4.70219
-4.70144
-4.70127
-4.7008
-4.70007
-4.69958
-4.69878
-4.69849
-4.6981
-4.69817
-4.69798
-4.69848
-4.69941
-4.69892
-4.70004
-4.69994
-4.69945
-4.69952
-4.70052
-4.69978
-4.69961
-4.69942
-4.69935
-4.69938
-4.69888
-4.69854
-4.69925
-4.70007
-4.69963
-4.69928
-4.69932
-4.69961
-4.69909
-4.69991
-4.70086
-4.70122
-4.701
-4.70125
-4.70167
-4.70103
-4.70187
-4.70174
-4.70125
-4.70072
-4.70035
-4.7008
-4.70135
-4.70187
-4.70146
-4.70205
-4.70239
-4.70273
-4.70348
-4.70445
-4.70472
-4.70442
-4.70569
-4.70523
-4.70366
-4.70193
-4.70172
-4.70187
-4.70225
-4.70227
-4.70176
-4.70252
-4.70346
-4.70428
-4.70389
-4.70454
-4.70458
-4.70441
-4.7042
-4.70422
-4.70446
-4.70494
-4.70521
-4.70589
-4.7058
-4.70463
-4.70468
-4.7043
-4.7038
-4.70335
-4.70373
-4.70341
-4.70346
-4.70308
-4.7033
-4.7029
-4.70305
-4.70226
-4.70176
-4.70097
-4.70143
-4.70223
-4.70349
-4.70293
-4.70341
-4.70294
-4.70337
-4.7026
-4.70249
-4.70334
-4.70276
-4.70284
-4.70277
-4.70313
-4.70374
-4.70386
-4.70456
-4.70434
-4.7052
-4.70577
-4.70559
-4.70539
-4.70531
-4.70442
-4.70495
-4.70465
-4.70502
-4.70443
-4.70382
-4.70322
-4.70326
-4.70245
-4.70199
-4.70245
-4.70229
-4.70135
-4.70051
-4.70026
-4.70031
-4.70101
-4.70092
-4.70115
-4.70173
-4.70265
-4.70235
-4.70283
-4.70296
-4.70294
-4.7032
-4.70314
-4.70356
-4.70403
-4.70323
-4.70239
-4.70228
-4.70097
-4.7015
-4.70178
-4.70214
-4.70289
-4.70217
-4.70193
-4.70229
-4.702
-4.70151
-4.70174
-4.70195
-4.70216
-4.70269
-4.70202
-4.70167
-4.70025
-4.70064
-4.69951
-4.69914
-4.70002
-4.70049
-4.70014
-4.69941
-4.70055
-4.70007
-4.70093
-4.70085
-4.70086
-4.70036
-4.70118
-4.70122
-4.70079
-4.69884
-4.69944
-4.69926
-4.6992
-4.69926
-4.6993
-4.69945
-4.69943
-4.69925
-4.69921
-4.6984
-4.69863
-4.69856
-4.69865
-4.69907
-4.69892
-4.699
-4.69839
-4.69848
-4.69864
-4.6984
-4.69896
-4.69878
-4.69966
-4.69978
-4.70065
-4.7015
-4.70261
-4.70336
-4.70328
-4.70282
-4.70288
-4.70198
-4.70242
-4.70238
-4.70219
-4.7008
-4.70016
-4.69982
-4.69933
-4.69962
-4.69964
-4.69987
-4.69897
-4.69921
-4.69922
-4.69987
-4.69978
-4.70106
-4.7014
-4.70187
-4.7017
-4.70193
-4.70149
-4.70082
-4.70082
-4.70061
-4.70067
-4.70076
-4.70058
-4.70048
-4.70074
-4.70093
-4.70028
-4.70059
-4.70018
-4.70114
-4.70086
-4.70084
-4.70181
-4.70272
-4.7024
-4.70193
-4.70256
-4.70246
-4.70297
-4.70209
-4.70102
-4.70034
-4.70022
-4.69945
-4.69868
-4.69853
-4.69751
-4.69728
-4.69738
-4.6969
-4.69778
-4.69807
-4.69866
-4.69787
-4.69903
-4.69957
-4.69934
-4.69896
-4.69935
-4.69975
-4.69957
-4.69941
-4.69897
-4.69811
-4.6983
-4.69896
-4.69856
-4.69923
-4.69962
-4.6988
-4.6977
-4.69795
-4.69759
-4.69841
-4.69907
-4.69881
-4.70007
-4.69968
-4.6996
-4.69953
-4.7002
-4.69978
-4.6998
-4.69963
-4.69902
-4.69918
-4.69954
-4.69951
-4.69983
-4.69955
-4.6994
-4.69992
-4.69958
-4.69959
-4.69845
-4.69785
-4.69753
-4.69828
-4.69861
-4.69852
-4.69848
-4.69804
-4.69842
-4.69842
-4.69849
-4.69787
-4.69805
-4.69721
-4.69713
-4.69702
-4.69687
-4.69669
-4.69572
-4.69562
-4.6958
-4.69627
-4.69658
-4.69659
-4.69783
-4.69802
-4.69897
-4.69914
-4.69973
-4.6998
-4.69981
-4.69962
-4.69924
-4.69886
-4.69926
-4.69882
-4.69965
-4.69995
-4.69985
-4.7004
-4.69977
-4.70018
-4.70134
-4.70247
-4.7025
-4.70158
-4.70123
-4.70086
-4.70063
-4.69995
-4.69961
-4.69991
-4.69966
-4.70021
-4.70065
-4.7014
-4.70214
-4.70242
-4.7033
-4.70387
-4.70398
-4.70364
-4.70373
-4.7044
-4.70396
-4.70347
-4.7028
-4.70211
-4.70127
-4.70228
-4.70091
-4.70003
-4.69994
-4.70002
-4.69993
-4.69964
-4.69914
-4.70024
-4.69961
-4.69926
-4.69876
-4.69813
-4.69742
-4.6983
-4.69911
-4.6994
-4.69959
-4.70041
-4.70045
-4.70075
-4.70037
-4.70024
-4.70065
-4.69922
-4.69912
-4.69929
-4.69942
-4.69967
-4.69958
-4.70037
-4.69965
-4.69911
-4.69924
-4.69903
-4.69954
-4.70061
-4.70117
-4.70161
-4.70202
-4.70208
-4.70237
-4.70277
-4.70224
-4.70214
-4.70154
-4.70149
-4.70139
-4.70111
-4.70085
-4.70048
-4.70078
-4.70083
-4.70122
-4.70149
-4.70205
-4.70199
-4.70188
-4.70189
-4.70202
-4.70109
-4.70076
-4.70091
-4.70017
-4.70035
-4.70024
-4.70119
-4.70151
-4.70179
-4.70203
-4.70206
-4.70205
-4.70183
-4.70187
-4.70129
-4.70118
-4.70128
-4.70132
-4.70162
-4.70083
-4.70164
-4.70175
-4.70307
-4.70421
-4.70499
-4.70494
-4.70483
-4.70454
-4.70437
-4.70421
-4.70483
-4.70592
-4.7057
-4.7061
-4.7062
-4.70538
-4.7054
-4.70502
-4.70439
-4.70395
-4.70254
-4.70158
-4.70082
-4.69974
-4.6993
-4.69952
-4.69927
-4.69922
-4.69986
-4.70024
-4.70054
-4.70095
-4.70076
-4.70132
-4.7014
-4.70171
-4.70178
-4.70175
-4.70149
-4.70136
-4.70122
-4.70172
-4.70061
-4.7
-4.70064
-4.70099
-4.70119
-4.70153
-4.70112
-4.70075
-4.70171
-4.7013
-4.70105
-4.70153
-4.70235
-4.70314
-4.70413
-4.70408
-4.70432
-4.70351
-4.70288
-4.70245
-4.70167
-4.70103
-4.70117
-4.70048
-4.70077
-4.7004
-4.70024
-4.69997
-4.69972
-4.69961
-4.69963
-4.69933
-4.69889
-4.69908
-4.699
-4.69867
-4.69881
-4.69819
-4.69831
-4.69886
-4.69863
-4.69884
-4.69965
-4.69955
-4.69928
-4.69944
-4.70076
-4.70097
-4.70053
-4.70019
-4.69965
-4.69954
-4.69911
-4.69944
-4.70023
-4.69941
-4.69953
-4.69986
-4.70055
-4.70147
-4.70099
-4.70153
-4.70161
-4.70242
-4.7033
-4.70294
-4.70381
-4.70359
-4.70378
-4.70396
-4.70417
-4.70402
-4.70281
-4.70268
-4.70291
-4.70231
-4.70239
-4.70238
-4.7018
-4.70196
-4.70132
-4.70095
-4.701
-4.7012
-4.70109
-4.70193
-4.70236
-4.70227
-4.70243
-4.70287
-4.70342
-4.70432
-4.70444
-4.70537
-4.70552
-4.70594
-4.70544
-4.70604
-4.70521
-4.70453
-4.70448
-4.70419
-4.70382
-4.704
-4.70413
-4.70423
-4.70413
-4.70502
-4.70489
-4.70383
-4.70409
-4.7044
-4.70476
-4.70473
-4.70387
-4.70356
-4.70352
-4.70317
-4.70298
-4.70237
-4.70242
-4.70223
-4.70271
-4.70308
-4.70241
-4.70217
-4.70219
-4.70156
-4.70059
-4.70026
-4.70077
-4.70047
-4.70113
-4.70221
-4.7023
-4.70213
-4.70252
-4.70289
-4.70386
-4.70361
-4.70288
-4.70287
-4.7036
-4.70343
-4.70373
-4.70452
-4.70381
-4.70341
-4.7027
-4.70242
-4.70289
-4.70306
-4.70341
-4.70414
-4.70404
-4.7042
-4.704
-4.70448
-4.70411
-4.70406
-4.7049
-4.70421
-4.70466
-4.70442
-4.70515
-4.70455
-4.70461
-4.70472
-4.70386
-4.70325
-4.70234
-4.70312
-4.7034
-4.70367
-4.70459
-4.70445
-4.70528
-4.7056
-4.70515
-4.70511
-4.70507
-4.70419
-4.7036
-4.70366
-4.70304
-4.7031
-4.70289
-4.70268
-4.70258
-4.70228
-4.70253
-4.7017
-4.70148
-4.70147
-4.70139
-4.70142
-4.70141
-4.70134
-4.70208
