-3.82933
-3.82912
-3.82891
-3.82885
-3.82864
-3.82888
-3.82897
-3.82891
-3.82884
-3.82878
-3.82887
-3.82865
-3.82859
-3.82822
-3.828
-3.82793
-3.82787
-3.8278
-3.82788
-3.82781
-3.82744
-3.82723
-3.82701
-3.82694
-3.82672
-3.82695
-3.82689
-3.82682
-3.82675
-3.82668
-3.82631
-3.82595
-3.82573
-3.82536
-3.82515
-3.82523
-3.82517
-3.82541
-3.8252
-3.82499
-3.82478
-3.82458
-3.82422
-3.82417
-3.82412
-3.82422
-3.82417
-3.82428
-3.82424
-3.8242
-3.82416
-3.82443
-3.82439
-3.82421
-3.82434
-3.82462
-3.82459
-3.82473
-3.82456
-3.82455
-3.82439
-3.82408
-3.82393
-3.82393
-3.82363
-3.8241
-3.82426
-3.82443
-3.82445
-3.82462
-3.82419
-3.82452
-3.82441
-3.82429
-3.82433
-3.82422
-3.82427
-3.82447
-3.82482
-3.82517
-3.82523
-3.82529
-3.8252
-3.82511
-3.82502
-3.82478
-3.825
-3.82492
-3.82498
-3.82505
-3.82527
-3.82565
-3.82572
-3.82594
-3.82601
-3.82638
-3.82615
-3.82652
-3.82689
-3.82711
-3.82718
-3.82724
-3.8273
-3.82737
-3.82743
-3.82734
-3.82725
-3.82715
-3.82706
-3.82666
-3.82687
-3.82692
-3.82682
-3.82702
-3.82737
-3.82757
-3.82777
-3.82767
-3.82787
-3.82791
-3.8278
-3.828
-3.82789
-3.82779
-3.82783
-3.82833
-3.82822
-3.82827
-3.82831
-3.82821
-3.8281
-3.82845
-3.8285
-3.82869
-3.8292
-3.8291
-3.82915
-3.82935
-3.82895
-3.8287
-3.8289
-3.82911
-3.82931
-3.82937
-3.82928
-3.82918
-3.82924
-3.8293
-3.82936
-3.82927
-3.82918
-3.82939
-3.82915
-3.82937
-3.82988
-3.8301
-3.83016
-3.83037
-3.83043
-3.83034
-3.8304
-3.83061
-3.83036
-3.83012
-3.83017
-3.83008
-3.83028
-3.83033
-3.83053
-3.83028
-3.83047
-3.83082
-3.83086
-3.8309
-3.83079
-3.83067
-3.831
-3.83088
-3.83076
-3.83063
-3.8305
-3.83082
-3.83084
-3.8307
-3.83086
-3.83041
-3.83042
-3.83027
-3.83042
-3.83072
-3.83056
-3.83055
-3.83054
-3.83037
-3.83036
-3.83049
-3.83047
-3.83029
-3.83011
-3.82994
-3.83006
-3.82987
-3.83014
-3.82995
-3.82976
-3.82927
-3.82923
-3.82888
-3.82884
-3.82894
-3.8289
-3.82885
-3.8288
-3.82875
-3.82869
-3.82864
-3.82813
-3.82823
-3.82818
-3.82797
-3.82791
-3.82801
-3.82795
-3.82774
-3.82768
-3.82762
-3.82756
-3.8278
-3.82774
-3.82753
-3.82747
-3.82771
-3.82765
-3.82775
-3.82753
-3.82732
-3.82726
-3.82735
-3.82745
-3.82724
-3.82688
-3.82652
-3.82646
-3.8264
-3.82619
-3.82629
-3.82608
-3.82588
-3.82552
-3.82547
-3.82527
-3.82522
-3.82532
-3.82527
-3.82553
-3.82534
-3.8256
-3.82571
-3.82567
-3.82563
-3.82545
-3.82511
-3.82523
-3.82521
-3.82534
-3.82517
-3.82485
-3.82498
-3.82497
-3.82467
-3.82466
-3.82482
-3.82467
-3.82484
-3.8247
-3.82487
-3.82505
-3.82493
-3.82481
-3.82485
-3.82474
-3.82479
-3.82515
-3.82506
-3.82467
-3.82504
-3.82511
-3.82534
-3.82543
-3.82567
-3.82561
-3.82525
-3.82504
-3.82515
-3.8254
-3.82551
-3.82546
-3.82557
-3.82584
-3.82625
-3.82667
-3.82663
-3.82689
-3.8267
-3.82636
-3.82647
-3.82673
-3.82684
-3.82679
-3.82689
-3.82684
-3.82693
-3.82717
-3.82726
-3.82765
-3.82773
-3.82796
-3.82803
-3.8281
-3.82831
-3.82837
-3.82828
-3.82802
-3.82852
-3.82842
-3.82891
-3.82924
-3.82943
-3.8296
-3.82962
-3.82949
-3.82981
-3.82967
-3.82968
-3.82983
-3.82984
-3.82984
-3.82968
-3.82983
-3.82982
-3.82966
-3.82979
-3.82978
-3.82976
-3.82974
-3.82973
-3.82971
-3.82968
-3.82951
-3.82994
-3.82991
-3.82974
-3.82986
-3.82953
-3.8295
-3.82977
-3.83035
-3.83017
-3.83014
-3.83011
-3.83008
-3.8302
-3.83001
-3.82998
-3.82965
-3.82946
-3.82928
-3.82925
-3.82951
-3.82933
-3.82899
-3.82926
-3.82937
-3.82918
-3.82915
-3.82911
-3.82922
-3.82933
-3.82959
-3.82955
-3.82966
-3.82962
-3.82957
-3.82968
-3.82963
-3.82928
-3.82908
-3.82948
-3.82913
-3.82923
-3.82918
-3.82927
-3.82937
-3.82931
-3.82956
-3.82965
-3.82974
-3.82938
-3.82947
-3.8294
-3.82964
-3.82958
-3.82952
-3.829
-3.82878
-3.82856
-3.82865
-3.82828
-3.82822
-3.8283
-3.82824
-3.82802
-3.8275
-3.82774
-3.82737
-3.82777
-3.8277
-3.82794
-3.82819
-3.82828
-3.82761
-3.82786
-3.82795
-3.82805
-3.82815
-3.82794
-3.82789
-3.82769
-3.82765
-3.82745
-3.82741
-3.82736
-3.82763
-3.82759
-3.82725
-3.82707
-3.82689
-3.82686
-3.82683
-3.82681
-3.82649
-3.82662
-3.8266
-3.82689
-3.82658
-3.82672
-3.82672
-3.82657
-3.82657
-3.82657
-3.82643
-3.82629
-3.8263
-3.82632
-3.82665
-3.82682
-3.82685
-3.82658
-3.82677
-3.82696
-3.827
-3.8272
-3.82695
-3.82731
-3.82737
-3.82743
-3.82764
-3.82786
-3.82763
-3.82756
-3.82763
-3.82771
-3.8278
-3.82773
-3.82752
-3.82791
-3.82831
-3.82825
-3.82835
-3.82905
-3.82899
-3.82894
-3.82919
-3.82884
-3.82879
-3.82904
-3.82929
-3.82939
-3.8301
-3.83034
-3.83044
-3.83038
-3.83048
-3.83057
-3.83081
-3.83074
-3.83068
-3.83076
-3.83069
-3.83077
-3.831
-3.83108
-3.831
-3.83122
-3.83129
-3.83166
-3.83157
-3.83164
-3.8317
-3.83191
-3.83212
-3.83217
-3.83222
-3.83212
-3.83217
-3.83207
-3.83242
-3.83246
-3.83251
-3.83255
-3.83289
-3.83262
-3.83266
-3.83284
-3.83272
-3.83291
-3.83278
-3.83266
-3.83283
-3.8324
-3.83257
-3.83259
-3.83245
-3.83247
-3.83248
-3.83233
-3.83249
-3.83279
-3.83279
-3.83278
-3.83293
-3.83292
-3.83275
-3.83258
-3.83256
-3.83224
-3.83251
-3.83248
-3.8323
-3.83181
-3.83147
-3.83112
-3.83123
-3.83133
-3.83127
-3.83122
-3.83086
-3.83079
-3.83058
-3.83036
-3.83013
-3.83036
-3.83029
-3.83021
-3.83028
-3.83019
-3.83011
-3.83047
-3.83054
-3.83044
-3.83035
-3.82995
-3.82986
-3.82961
-3.82966
-3.82956
-3.82946
-3.82921
-3.82896
-3.82885
-3.8286
-3.8285
-3.82824
-3.82799
-3.82849
-3.82824
-3.82829
-3.82803
-3.82808
-3.82783
-3.82788
-3.82763
-3.82769
-3.82774
-3.82765
-3.8274
-3.82686
-3.82662
-3.82668
-3.82674
-3.82711
-3.82703
-3.8268
-3.82642
-3.82634
-3.82657
-3.82635
-3.82628
-3.82576
-3.82569
-3.82578
-3.82572
-3.82551
-3.82546
-3.8254
-3.82566
-3.82546
-3.82511
-3.82507
-3.82503
-3.8253
-3.82527
-3.82539
-3.82552
-3.82534
-3.82517
-3.825
-3.82498
-3.82512
-3.82496
-3.8248
-3.82479
-3.82479
-3.82494
-3.82525
-3.8251
-3.82556
-3.82557
-3.82573
-3.82575
-3.82591
-3.82563
-3.82565
-3.82567
-3.82569
-3.82542
-3.82545
-3.82532
-3.82566
-3.82569
-3.82587
-3.8259
-3.82594
-3.82582
-3.82601
-3.82604
-3.82608
-3.82642
-3.82631
-3.8262
-3.82594
-3.82583
-3.82617
-3.82636
-3.82655
-3.82659
-3.82693
-3.82666
-3.82685
-3.82689
-3.82708
-3.82696
-3.827
-3.82704
-3.82707
-3.82711
-3.82699
-3.82702
-3.82706
-3.82724
-3.82727
-3.82716
-3.82794
-3.82798
-3.82816
-3.82804
-3.82823
-3.82811
-3.82799
-3.82833
-3.82807
-3.8284
-3.82859
-3.82833
-3.82837
-3.82887
-3.82876
-3.82896
-3.82886
-3.82906
-3.82911
-3.82917
-3.82922
-3.82913
-3.82935
-3.82941
-3.82963
-3.82955
-3.82978
-3.83
-3.83008
-3.83016
-3.8304
-3.83048
-3.83057
-3.83035
-3.83044
-3.83053
-3.83092
-3.83086
-3.83095
-3.83119
-3.83128
-3.83137
-3.83145
-3.83139
-3.83147
-3.8314
-3.83118
-3.83171
-3.83148
-3.83154
-3.83161
-3.83137
-3.83128
-3.83133
-3.83138
-3.83127
-3.83101
-3.8309
-3.83063
-3.83081
-3.83068
-3.8307
-3.83057
-3.83043
-3.83044
-3.83014
-3.82999
-3.82969
-3.82968
-3.82968
-3.82967
-3.82935
-3.82918
-3.82902
-3.8293
-3.82928
-3.8294
-3.82923
-3.8292
-3.82872
-3.82869
-3.82851
-3.82878
-3.82875
-3.82842
-3.82838
-3.82835
-3.82847
-3.82843
-3.8287
-3.82882
-3.82864
-3.82845
-3.82842
-3.82839
-3.82865
-3.82892
-3.82844
-3.82811
-3.82762
-3.82759
-3.82756
-3.82783
-3.8278
-3.82792
-3.82774
-3.82786
-3.82768
-3.82764
-3.82746
-3.82758
-3.82755
-3.82737
-3.82734
-3.82762
-3.82759
-3.82771
-3.82783
-3.82795
-3.82807
-3.8285
-3.82862
-3.82889
-3.82871
-3.82914
-3.82896
-3.82893
-3.82891
-3.82873
-3.82825
-3.82807
-3.82789
-3.82787
-3.82784
-3.82782
-3.82749
-3.82777
-3.82775
-3.82758
-3.82756
-3.82754
-3.82736
-3.8275
-3.82748
-3.82731
-3.82729
-3.82712
-3.82696
-3.8271
-3.82708
-3.82707
-3.82721
-3.82735
-3.82764
-3.82763
-3.82792
-3.82761
-3.8276
-3.82745
-3.82759
-3.82773
-3.82788
-3.82802
-3.82832
-3.82862
-3.82861
-3.82891
-3.8289
-3.82905
-3.82904
-3.82889
-3.82888
-3.82873
-3.82872
-3.82872
-3.82886
-3.82931
-3.82931
-3.82915
-3.82945
-3.82974
-3.82989
-3.83004
-3.82988
-3.83002
-3.83047
-3.83046
-3.8303
-3.8306
-3.83059
-3.83028
-3.83058
-3.83072
-3.83071
-3.83071
-3.8307
-3.83115
-3.83129
-3.83159
-3.83189
-3.83188
-3.83187
-3.83202
-3.83202
-3.83216
-3.83231
-3.83231
-3.8323
-3.8323
-3.832
-3.83169
-3.83199
-3.83245
-3.8323
-3.8323
-3.8323
-3.83245
-3.83215
-3.83215
-3.83215
-3.83246
-3.83261
-3.83276
-3.83216
-3.83186
-3.83172
-3.83172
-3.83172
-3.83173
-3.83173
-3.83173
-3.83159
-3.83159
-3.83159
-3.83159
-3.83129
-3.83145
-3.8316
-3.83206
-3.8319
-3.83206
-3.83205
-3.83205
-3.8319
-3.8319
-3.8319
-3.83204
-3.83174
-3.83173
-3.83188
-3.83187
-3.83202
-3.83201
-3.83201
-3.83154
-3.83169
-3.83153
-3.83137
-3.83151
-3.83181
-3.83225
-3.83209
-3.83224
-3.83208
-3.83192
-3.83191
-3.83175
-3.83159
-3.83174
-3.83143
-3.83142
-3.83172
-3.83202
-3.83201
-3.83216
-3.83201
-3.83186
-3.83171
-3.83156
-3.83126
-3.83111
-3.83111
-3.83112
-3.83128
-3.83098
-3.83099
-3.83115
-3.83131
-3.83132
-3.83119
-3.8315
-3.83167
-3.83153
-3.8317
-3.83202
-3.83249
-3.83251
-3.83253
-3.83225
-3.83227
-3.83229
-3.83246
-3.83248
-3.83234
-3.83236
-3.83238
-3.83225
-3.83226
-3.83243
-3.83244
-3.83246
-3.83247
-3.83263
-3.83294
-3.8328
-3.8328
-3.83266
-3.83236
-3.61773
-3.61755
-3.61767
-3.61779
-3.61745
-3.61741
-3.61722
-3.61703
-3.61698
-3.61709
-3.61734
-3.61714
-3.61694
-3.61688
-3.61713
-3.61707
-3.61731
-3.6171
-3.61689
-3.61682
-3.61676
-3.61669
-3.61663
-3.61671
-3.61649
-3.61643
-3.61636
-3.61614
-3.61607
-3.61645
-3.61639
-3.61647
-3.6164
-3.61619
-3.61627
-3.61606
-3.61584
-3.61563
-3.61587
-3.61536
-3.61531
-3.6151
-3.61505
-3.61516
-3.61496
-3.61492
-3.61503
-3.61499
-3.6145
-3.61432
-3.61384
-3.61366
-3.61349
-3.61393
-3.61391
-3.6142
-3.61405
-3.61374
-3.61359
-3.61344
-3.61376
-3.61377
-3.61378
-3.61381
-3.61368
-3.61386
-3.61389
-3.61407
-3.61396
-3.6143
-3.61435
-3.61409
-3.61445
-3.6145
-3.61501
-3.61507
-3.61513
-3.61549
-3.61555
-3.61532
-3.61523
-3.615
-3.61492
-3.61514
-3.61521
-3.61544
-3.61596
-3.61588
-3.6158
-3.61618
-3.61625
-3.61617
-3.61624
-3.61616
-3.61653
-3.6166
-3.61636
-3.61704
-3.6171
-3.61717
-3.61723
-3.61729
-3.6172
-3.61711
-3.61716
-3.61692
-3.61712
-3.61703
-3.61738
-3.61774
-3.61779
-3.61784
-3.61804
-3.61824
-3.61799
-3.61774
-3.61778
-3.61783
-3.61803
-3.61823
-3.61858
-3.61908
-3.61912
-3.61902
-3.61907
-3.61927
-3.61932
-3.61952
-3.61942
-3.61962
-3.61967
-3.62002
-3.62007
-3.62012
-3.62032
-3.61992
-3.61967
-3.61957
-3.61977
-3.61922
-3.61957
-3.61962
-3.61982
-3.61956
-3.6196
-3.6195
-3.61953
-3.62003
-3.62051
-3.62055
-3.62042
-3.6203
-3.62032
-3.62034
-3.62005
-3.62006
-3.62037
-3.62022
-3.62037
-3.62037
-3.62021
-3.62019
-3.62002
-3.62015
-3.61982
-3.61979
-3.61991
-3.61972
-3.61968
-3.61978
-3.61943
-3.61907
-3.61871
-3.61865
-3.61829
-3.61837
-3.61845
-3.61823
-3.61846
-3.61839
-3.61831
-3.61808
-3.61785
-3.61762
-3.61753
-3.6173
-3.61692
-3.61668
-3.61644
-3.61621
-3.61612
-3.61619
-3.61611
-3.61618
-3.61594
-3.61617
-3.61669
-3.61661
-3.61669
-3.61661
-3.61669
-3.61662
-3.61595
-3.61588
-3.61597
-3.61621
-3.6163
-3.61609
-3.61589
-3.61584
-3.61549
-3.61544
-3.6151
-3.61491
-3.61472
-3.61454
-3.61436
-3.61418
-3.61431
-3.61429
-3.61442
-3.61456
-3.6147
-3.61485
-3.6147
-3.6144
-3.61455
-3.61411
-3.61382
-3.61398
-3.6143
-3.61433
-3.61465
-3.61453
-3.61456
-3.6146
-3.61479
-3.61483
-3.61487
-3.61477
-3.61497
-3.61487
-3.61477
-3.61482
-3.61458
-3.61464
-3.6147
-3.61446
-3.61483
-3.61505
-3.61527
-3.61473
-3.6148
-3.61471
-3.61463
-3.61455
-3.61431
-3.61438
-3.61444
-3.61436
-3.61457
-3.61493
-3.61499
-3.61505
-3.61526
-3.61516
-3.61476
-3.61496
-3.61531
-3.6155
-3.61524
-3.61543
-3.61591
-3.61579
-3.61582
-3.61585
-3.61587
-3.61588
-3.61605
-3.61606
-3.61592
-3.61592
-3.61592
-3.61577
-3.61562
-3.61591
-3.61606
-3.61589
-3.61618
-3.61602
-3.61615
-3.61598
-3.61581
-3.61548
-3.61546
-3.61528
-3.61525
-3.61522
-3.61534
-3.61561
-3.61528
-3.61555
-3.61536
-3.61532
-3.61529
-3.61525
-3.61521
-3.61533
-3.61514
-3.61525
-3.61551
-3.61562
-3.61543
-3.61554
-3.61549
-3.6156
-3.61601
-3.61627
-3.61622
-3.61633
-3.61674
-3.61669
-3.61664
-3.61675
-3.61639
-3.61604
-3.61584
-3.61564
-3.61559
-3.61554
-3.61534
-3.61529
-3.61539
-3.61534
-3.61544
-3.61478
-3.61473
-3.61468
-3.61448
-3.61443
-3.61438
-3.61434
-3.61414
-3.6141
-3.61421
-3.61447
-3.61428
-3.61425
-3.61406
-3.61418
-3.61416
-3.61383
-3.61381
-3.61349
-3.61318
-3.61317
-3.61316
-3.61331
-3.61347
-3.61332
-3.61318
-3.6129
-3.61292
-3.6131
-3.61252
-3.61271
-3.6129
-3.61279
-3.61269
-3.61244
-3.61219
-3.6118
-3.61201
-3.61208
-3.6123
-3.61268
-3.61275
-3.61268
-3.61275
-3.61299
-3.61292
-3.61315
-3.61353
-3.61362
-3.6137
-3.61378
-3.61386
-3.61409
-3.61402
-3.61409
-3.61417
-3.61469
-3.61461
-3.61452
-3.61428
-3.61434
-3.61455
-3.6149
-3.61465
-3.61485
-3.61474
-3.61492
-3.61496
-3.61514
-3.61531
-3.61548
-3.6158
-3.61582
-3.61598
-3.61628
-3.61629
-3.61644
-3.61643
-3.61642
-3.61641
-3.61639
-3.61653
-3.6162
-3.61618
-3.6157
-3.61567
-3.61564
-3.61575
-3.61542
-3.61583
-3.61549
-3.61545
-3.61525
-3.61536
-3.61546
-3.61511
-3.61507
-3.61502
-3.61511
-3.61476
-3.61516
-3.61526
-3.61551
-3.6156
-3.61554
-3.61549
-3.61528
-3.61523
-3.61502
-3.61511
-3.61551
-3.6156
-3.61555
-3.61549
-3.61543
-3.61522
-3.61501
-3.61496
-3.6152
-3.61515
-3.61494
-3.61473
-3.61468
-3.61478
-3.61472
-3.61482
-3.61461
-3.61441
-3.61436
-3.61461
-3.61441
-3.61466
-3.61477
-3.61472
-3.61513
-3.61523
-3.61504
-3.61499
-3.61495
-3.61521
-3.61533
-3.61529
-3.6154
-3.61476
-3.61488
-3.61454
-3.61451
-3.61448
-3.61446
-3.61473
-3.61441
-3.61408
-3.61421
-3.6145
-3.61479
-3.61477
-3.61506
-3.61505
-3.6152
-3.61504
-3.61504
-3.61504
-3.61489
-3.61474
-3.61474
-3.61475
-3.61461
-3.61477
-3.61479
-3.61465
-3.61452
-3.61439
-3.61486
-3.61474
-3.61476
-3.61479
-3.61497
-3.61515
-3.61503
-3.61521
-3.6154
-3.61513
-3.61517
-3.6152
-3.61524
-3.61528
-3.61532
-3.61536
-3.6154
-3.61559
-3.61564
-3.61583
-3.61572
-3.61592
-3.61581
-3.61586
-3.6159
-3.61549
-3.61524
-3.61528
-3.61548
-3.61537
-3.61557
-3.61546
-3.61551
-3.61555
-3.61575
-3.6158
-3.61584
-3.61604
-3.61608
-3.61628
-3.61647
-3.61682
-3.61687
-3.61691
-3.61666
-3.61686
-3.61721
-3.61756
-3.61791
-3.61796
-3.61771
-3.61746
-3.61766
-3.61756
-3.61762
-3.61782
-3.61788
-3.61839
-3.6186
-3.6182
-3.61842
-3.61848
-3.61869
-3.61891
-3.61897
-3.61889
-3.61896
-3.61888
-3.61895
-3.61902
-3.61924
-3.61901
-3.61923
-3.61916
-3.61908
-3.6193
-3.61953
-3.6196
-3.61982
-3.62004
-3.62011
-3.62048
-3.62055
-3.62077
-3.62098
-3.62104
-3.62095
-3.6207
-3.6209
-3.62064
-3.62053
-3.62027
-3.62001
-3.62019
-3.62022
-3.62024
-3.62041
-3.62057
-3.62058
-3.62028
-3.62013
-3.62028
-3.62012
-3.6198
-3.61993
-3.62006
-3.62004
-3.61985
-3.61997
-3.61993
-3.61989
-3.61954
-3.61949
-3.61959
-3.61968
-3.61962
-3.61956
-3.61935
-3.61898
-3.61892
-3.61885
-3.61878
-3.61871
-3.61879
-3.61887
-3.61849
-3.61872
-3.6188
-3.61842
-3.6185
-3.61798
-3.61775
-3.61723
-3.61701
-3.61694
-3.61672
-3.61681
-3.61674
-3.61638
-3.61602
-3.61581
-3.61575
-3.61585
-3.61564
-3.6156
-3.61555
-3.61535
-3.61531
-3.61527
-3.61553
-3.6155
-3.61547
-3.61559
-3.61541
-3.61554
-3.61552
-3.61565
-3.61578
-3.61561
-3.6156
-3.61544
-3.61543
-3.61557
-3.61542
-3.61541
-3.61541
-3.61541
-3.61542
-3.61527
-3.61527
-3.61498
-3.61468
-3.61454
-3.61455
-3.61456
-3.61487
-3.61458
-3.61489
-3.6146
-3.61477
-3.61478
-3.61479
-3.61511
-3.61512
-3.61528
-3.61529
-3.61531
-3.61501
-3.61487
-3.61503
-3.6152
-3.61536
-3.61567
-3.61582
-3.61553
-3.61553
-3.61554
-3.61569
-3.616
-3.6163
-3.6163
-3.61646
-3.61676
-3.61691
-3.61706
-3.61705
-3.61735
-3.61735
-3.61719
-3.61749
-3.61794
-3.61794
-3.61778
-3.61762
-3.61732
-3.61701
-3.61701
-3.617
-3.61685
-3.61654
-3.61654
-3.61669
-3.61653
-3.61638
-3.61668
-3.61668
-3.61623
-3.61623
-3.61608
-3.61624
-3.61654
-3.61595
-3.61625
-3.61656
-3.61657
-3.61658
-3.61659
-3.61645
-3.61631
-3.61662
-3.61724
-3.6171
-3.61712
-3.61683
-3.61685
-3.61686
-3.61688
-3.61705
-3.61706
-3.61708
-3.61695
-3.61666
-3.61683
-3.61685
-3.61687
-3.61689
-3.61691
-3.61678
-3.6168
-3.61681
-3.61668
-3.61715
-3.61717
-3.61719
-3.6172
-3.61722
-3.61708
-3.6171
-3.61696
-3.61728
-3.61699
-3.61715
-3.61732
-3.61733
-3.61734
-3.6172
-3.61705
-3.61676
-3.61676
-3.61692
-3.61708
-3.61693
-3.61663
-3.61633
-3.61633
-3.61618
-3.61602
-3.61541
-3.61511
-3.6151
-3.61509
-3.61508
-3.61538
-3.61521
-3.6152
-3.61503
-3.61487
-3.61485
-3.61498
-3.61481
-3.61494
-3.61507
-3.6149
-3.61457
-3.61454
-3.61422
-3.61434
-3.61476
-3.61443
-3.61395
-3.61392
-3.61358
-3.61355
-3.61366
-3.61378
-3.61389
-3.61386
-3.61397
-3.61348
-3.61359
-3.61355
-3.61321
-3.61317
-3.61298
-3.61294
-3.6129
-3.61286
-3.61282
-3.61278
-3.61289
-3.61255
-3.61221
-3.61217
-3.61228
-3.61224
-3.61251
-3.61247
-3.61259
-3.6127
-3.61267
-3.61264
-3.6126
-3.61227
-3.61239
-3.61221
-3.61203
-3.612
-3.61228
-3.61256
-3.61238
-3.61221
-3.61204
-3.61217
-3.61245
-3.61213
-3.61181
-3.61194
-3.61208
-3.61176
-3.61145
-3.61159
-3.61188
-3.61202
-3.61186
-3.6117
-3.61154
-3.61153
-3.61153
-3.61197
-3.61227
-3.61227
-3.61196
-3.61181
-3.6115
-3.6115
-3.61135
-3.61165
-3.61164
-3.61194
-3.61164
-3.61179
-3.61179
-3.61164
-3.61194
-3.61194
-3.61179
-3.61179
-3.61194
-3.61164
-3.61194
-3.61194
-3.61209
-3.61209
-3.61209
-3.61179
-3.61179
-3.61149
-3.61134
-3.61149
-3.61119
-3.61105
-3.6112
-3.6109
-3.61091
-3.61107
-3.61107
-3.61123
-3.61139
-3.6114
-3.61156
-3.61172
-3.61158
-3.61174
-3.61175
-3.61161
-3.61178
-3.61194
-3.61196
-3.61152
-3.61124
-3.6111
-3.61097
-3.61099
-3.61071
-3.61058
-3.61075
-3.61122
-3.61094
-3.61097
-3.61099
-3.61041
-3.61043
-3.61061
-3.61078
-3.61065
-3.61053
-3.61055
-3.61073
-3.61075
-3.61077
-3.61095
-3.61052
-3.61084
-3.61101
-3.61134
-3.61151
-3.61168
-3.6117
-3.61142
-3.61128
-3.6113
-3.61162
-3.61163
-3.61165
-3.61151
-3.61122
-3.61108
-3.61109
-3.6111
-3.61111
-3.61127
-3.61112
-3.61098
-3.61068
-3.61084
-3.61099
-3.61115
-3.61115
-3.61115
-3.6107
-3.61086
-3.61086
-3.61086
-3.61056
-3.61056
-3.61056
-3.61041
-3.61041
-3.61057
-3.61012
-3.60997
-3.61012
-3.61028
-3.61059
-3.6106
-3.61061
-3.61016
-3.61002
-3.61018
-3.61004
-3.61006
-3.61023
-3.61024
-3.36684
-3.36697
-3.36695
-3.36709
-3.36708
-3.36706
-3.36721
-3.36735
-3.3675
-3.36765
-3.36734
-3.3672
-3.36705
-3.36706
-3.36707
-3.36738
-3.36724
-3.36741
-3.36743
-3.36805
-3.36807
-3.36825
-3.36858
-3.3683
-3.36818
-3.36836
-3.36854
-3.36872
-3.36921
-3.36894
-3.36913
-3.36901
-3.36889
-3.36863
-3.36866
-3.3681
-3.36813
-3.36786
-3.3679
-3.36808
-3.36842
-3.36875
-3.36893
-3.36911
-3.36899
-3.36902
-3.3692
-3.36953
-3.36955
-3.37003
-3.3699
-3.36962
-3.36949
-3.36935
-3.36937
-3.36923
-3.36895
-3.36896
-3.36897
-3.36884
-3.36885
-3.36871
-3.36902
-3.36888
-3.36874
-3.36815
-3.36831
-3.36802
-3.36833
-3.36834
-3.36835
-3.36806
-3.36807
-3.36794
-3.36795
-3.36826
-3.36828
-3.3683
-3.36831
-3.36803
-3.36805
-3.36791
-3.36763
-3.36765
-3.36768
-3.368
-3.36803
-3.36805
-3.36808
-3.3681
-3.36813
-3.36831
-3.36834
-3.36852
-3.3684
-3.36873
-3.36876
-3.36879
-3.36897
-3.369
-3.36933
-3.36951
-3.36953
-3.36941
-3.36928
-3.36916
-3.36918
-3.36935
-3.36922
-3.36954
-3.36956
-3.36958
-3.36914
-3.36915
-3.369
-3.36946
-3.36947
-3.36962
-3.36962
-3.36961
-3.3693
-3.36929
-3.36928
-3.36926
-3.36924
-3.36922
-3.36919
-3.36916
-3.36868
-3.36849
-3.3677
-3.36826
-3.36821
-3.36832
-3.36841
-3.36806
-3.368
-3.36763
-3.36787
-3.3681
-3.36818
-3.36796
-3.36773
-3.36765
-3.36756
-3.36748
-3.36724
-3.36715
-3.36705
-3.36665
-3.36641
-3.3663
-3.36635
-3.36625
-3.36614
-3.36634
-3.36638
-3.36627
-3.36601
-3.36605
-3.36624
-3.36613
-3.36586
-3.36575
-3.36609
-3.36583
-3.36587
-3.36591
-3.36564
-3.36569
-3.36573
-3.36577
-3.36567
-3.36541
-3.36546
-3.36491
-3.36482
-3.36487
-3.36479
-3.36455
-3.36477
-3.36469
-3.36477
-3.3647
-3.36478
-3.36472
-3.36451
-3.36446
-3.36472
-3.36468
-3.36479
-3.36491
-3.36489
-3.36502
-3.36516
-3.36515
-3.36485
-3.36485
-3.36501
-3.36518
-3.36475
-3.36493
-3.36481
-3.365
-3.36534
-3.36554
-3.36574
-3.3658
-3.36571
-3.36608
-3.36585
-3.36608
-3.36615
-3.36623
-3.36602
-3.36595
-3.36574
-3.36599
-3.36608
-3.36618
-3.36598
-3.36593
-3.36604
-3.36614
-3.36685
-3.36696
-3.36692
-3.36718
-3.36714
-3.3671
-3.36706
-3.36702
-3.36713
-3.36724
-3.36735
-3.36746
-3.36757
-3.36767
-3.36763
-3.36773
-3.36783
-3.36778
-3.36818
-3.36828
-3.36837
-3.36831
-3.36825
-3.36879
-3.36917
-3.3691
-3.36933
-3.36925
-3.36917
-3.36923
-3.36914
-3.3692
-3.36941
-3.36946
-3.36936
-3.36925
-3.36899
-3.36902
-3.36921
-3.36908
-3.36911
-3.36928
-3.3693
-3.36947
-3.36918
-3.36918
-3.36919
-3.36934
-3.36934
-3.36934
-3.36934
-3.36933
-3.36916
-3.3687
-3.36883
-3.36897
-3.36895
-3.36908
-3.36905
-3.36903
-3.36855
-3.36852
-3.36849
-3.36815
-3.36797
-3.36778
-3.36745
-3.36741
-3.36737
-3.36733
-3.3673
-3.3671
-3.36722
-3.36702
-3.36698
-3.36709
-3.36705
-3.36686
-3.36666
-3.36632
-3.36643
-3.36609
-3.36559
-3.36555
-3.36566
-3.36577
-3.36604
-3.366
-3.36596
-3.36608
-3.36604
-3.36571
-3.36552
-3.36549
-3.36546
-3.36543
-3.36556
-3.36569
-3.36597
-3.36594
-3.36547
-3.36515
-3.36559
-3.36558
-3.36557
-3.36571
-3.36585
-3.36585
-3.36555
-3.3651
-3.36495
-3.36511
-3.36512
-3.36543
-3.3653
-3.36531
-3.36533
-3.36505
-3.36463
-3.36465
-3.36468
-3.36456
-3.36444
-3.36463
-3.36482
-3.36501
-3.36489
-3.36463
-3.36452
-3.36456
-3.36415
-3.3642
-3.36424
-3.36428
-3.36432
-3.36421
-3.3641
-3.36414
-3.36418
-3.36421
-3.3644
-3.36428
-3.36446
-3.36494
-3.36482
-3.36469
-3.36516
-3.36488
-3.3649
-3.36476
-3.36461
-3.36462
-3.36508
-3.36507
-3.36477
-3.36476
-3.36475
-3.36474
-3.36457
-3.3644
-3.36423
-3.36436
-3.36433
-3.3643
-3.36412
-3.36409
-3.36375
-3.36356
-3.36367
-3.36378
-3.36359
-3.3634
-3.3632
-3.3627
-3.36265
-3.36275
-3.3627
-3.3628
-3.3626
-3.3627
-3.36264
-3.36244
-3.36238
-3.36218
-3.36197
-3.36207
-3.36186
-3.36195
-3.36174
-3.36169
-3.36163
-3.36158
-3.36182
-3.36147
-3.36171
-3.36166
-3.3616
-3.36155
-3.3621
-3.36205
-3.3623
-3.36225
-3.36235
-3.36245
-3.3621
-3.3616
-3.36156
-3.36136
-3.36131
-3.36127
-3.36138
-3.36134
-3.3616
-3.36171
-3.36152
-3.36134
-3.3613
-3.36096
-3.36063
-3.3606
-3.36072
-3.36039
-3.36051
-3.36033
-3.36046
-3.36059
-3.36056
-3.36054
-3.36067
-3.36066
-3.36079
-3.36093
-3.36046
-3.36015
-3.35998
-3.36013
-3.36012
-3.35996
-3.35996
-3.3601
-3.3601
-3.35995
-3.36026
-3.36026
-3.36057
-3.36058
-3.36044
-3.3609
-3.36076
-3.36078
-3.36079
-3.36066
-3.36068
-3.3607
-3.36088
-3.36045
-3.36032
-3.3602
-3.36038
-3.36041
-3.3603
-3.36048
-3.36021
-3.36055
-3.36059
-3.36048
-3.36022
-3.36012
-3.36031
-3.36051
-3.36025
-3.3606
-3.36065
-3.36085
-3.3609
-3.3608
-3.36086
-3.36121
-3.36127
-3.36132
-3.36138
-3.36128
-3.36179
-3.36185
-3.36236
-3.36272
-3.36292
-3.36298
-3.36304
-3.36339
-3.36345
-3.36365
-3.36356
-3.36346
-3.36366
-3.36341
-3.36345
-3.36335
-3.36324
-3.36358
-3.36347
-3.36381
-3.364
-3.36403
-3.36406
-3.36393
-3.3638
-3.36367
-3.36368
-3.364
-3.364
-3.36446
-3.36477
-3.36446
-3.36415
-3.36414
-3.36383
-3.36381
-3.36394
-3.36407
-3.3645
-3.36477
-3.36443
-3.36425
-3.36436
-3.36463
-3.36459
-3.36424
-3.36435
-3.36415
-3.36395
-3.36406
-3.36401
-3.36396
-3.36361
-3.36356
-3.36291
-3.36272
-3.36267
-3.36247
-3.36258
-3.36209
-3.36205
-3.36201
-3.36212
-3.36164
-3.36161
-3.36158
-3.36155
-3.36153
-3.36121
-3.36134
-3.36118
-3.36132
-3.36131
-3.36161
-3.36162
-3.36162
-3.36193
-3.3624
-3.36256
-3.36243
-3.3623
-3.36218
-3.36251
-3.36239
-3.36243
-3.36262
-3.36266
-3.36271
-3.36245
-3.36265
-3.36271
-3.36306
-3.36342
-3.36333
-3.36339
-3.36345
-3.36381
-3.36403
-3.36379
-3.36385
-3.36422
-3.36444
-3.3645
-3.36457
-3.36478
-3.36485
-3.36491
-3.36497
-3.36518
-3.36524
-3.36591
-3.36611
-3.36632
-3.36622
-3.36657
-3.36662
-3.36651
-3.36671
-3.36675
-3.36709
-3.36697
-3.3667
-3.36658
-3.36646
-3.36664
-3.36666
-3.36699
-3.367
-3.36687
-3.36673
-3.36674
-3.36675
-3.36646
-3.36647
-3.36662
-3.36693
-3.36662
-3.36662
-3.36617
-3.36616
-3.366
-3.36615
-3.36599
-3.36583
-3.36597
-3.36596
-3.36579
-3.36578
-3.36576
-3.3659
-3.36573
-3.36587
-3.366
-3.36598
-3.36626
-3.36609
-3.36562
-3.3656
-3.36573
-3.36571
-3.36583
-3.36581
-3.36609
-3.36606
-3.36649
-3.36676
-3.36673
-3.3667
-3.36652
-3.36633
-3.3663
-3.36672
-3.36668
-3.36665
-3.36661
-3.36642
-3.36637
-3.36618
-3.36598
-3.36594
-3.36574
-3.36554
-3.36549
-3.36529
-3.36509
-3.36518
-3.36513
-3.36478
-3.36472
-3.36482
-3.36476
-3.36485
-3.36449
-3.36444
-3.36423
-3.36402
-3.36396
-3.36421
-3.36445
-3.3644
-3.36465
-3.36474
-3.36424
-3.36403
-3.36383
-3.36378
-3.36433
-3.36428
-3.36424
-3.36449
-3.36415
-3.3638
-3.36422
-3.36418
-3.36415
-3.36426
-3.36393
-3.3639
-3.36388
-3.36386
-3.36383
-3.36397
-3.36395
-3.36394
-3.36394
-3.36378
-3.36363
-3.36378
-3.36409
-3.3638
-3.36381
-3.36352
-3.36339
-3.36356
-3.36389
-3.36392
-3.3638
-3.36384
-3.36357
-3.36347
-3.36351
-3.36356
-3.36331
-3.36321
-3.36341
-3.36332
-3.36353
-3.36344
-3.3635
-3.36357
-3.36378
-3.36415
-3.36422
-3.36383
-3.36329
-3.36336
-3.36342
-3.36349
-3.3637
-3.36407
-3.36458
-3.36434
-3.3644
-3.3643
-3.36436
-3.36426
-3.36446
-3.36436
-3.36425
-3.36399
-3.36389
-3.36393
-3.36411
-3.3643
-3.36448
-3.36451
-3.36485
-3.36487
-3.36505
-3.36507
-3.36494
-3.3648
-3.36452
-3.36423
-3.36424
-3.3641
-3.36411
-3.36382
-3.36398
-3.36413
-3.36399
-3.36414
-3.36384
-3.36384
-3.36369
-3.36338
-3.36368
-3.36398
-3.36412
-3.36411
-3.36425
-3.36424
-3.36453
-3.36513
-3.36496
-3.3651
-3.36493
-3.36476
-3.36459
-3.36456
-3.36454
-3.36452
-3.36449
-3.36461
-3.36489
-3.3647
-3.36422
-3.36434
-3.36445
-3.36411
-3.36423
-3.36388
-3.36399
-3.3638
-3.36376
-3.36356
-3.36367
-3.36347
-3.36342
-3.36367
-3.36332
-3.36357
-3.36382
-3.36406
-3.36431
-3.36441
-3.3645
-3.3649
-3.36484
-3.36448
-3.36457
-3.36421
-3.3643
-3.36424
-3.36418
-3.36412
-3.36391
-3.36385
-3.36379
-3.36403
-3.36396
-3.3639
-3.36415
-3.36378
-3.36402
-3.36412
-3.36421
-3.36415
-3.36409
-3.36403
-3.36352
-3.36361
-3.36371
-3.36381
-3.36405
-3.36415
-3.3641
-3.36405
-3.3643
-3.36441
-3.36391
-3.36387
-3.36428
-3.36393
-3.3639
-3.36401
-3.36398
-3.36364
-3.36361
-3.36374
-3.36386
-3.36384
-3.36397
-3.36381
-3.3641
-3.36409
-3.36408
-3.36393
-3.36408
-3.36379
-3.36379
-3.36366
-3.36367
-3.36369
-3.36371
-3.36344
-3.36378
-3.36366
-3.3637
-3.3636
-3.36349
-3.36385
-3.36346
-3.36337
-3.36343
-3.3635
-3.36357
-3.36365
-3.36343
-3.36321
-3.36345
-3.36369
-3.36393
-3.36387
-3.36397
-3.36376
-3.36386
-3.36396
-3.36391
-3.36417
-3.36412
-3.36392
-3.36417
-3.36427
-3.36453
-3.36447
-3.36472
-3.36467
-3.36476
-3.36485
-3.36494
-3.36503
-3.36496
-3.36504
-3.36481
-3.36504
-3.36495
-3.36502
-3.36508
-3.36528
-3.36563
-3.36568
-3.36557
-3.36591
-3.36579
-3.36551
-3.36523
-3.36495
-3.36526
-3.36542
-3.36527
-3.36511
-3.3651
-3.36478
-3.36477
-3.36489
-3.36486
-3.36453
-3.36464
-3.36445
-3.36426
-3.36406
-3.36385
-3.36395
-3.36374
-3.36368
-3.36391
-3.36385
-3.36377
-3.36385
-3.36408
-3.36415
-3.36423
-3.36445
-3.36422
-3.36414
-3.36406
-3.36413
-3.36404
-3.36381
-3.36328
-3.3632
-3.36313
-3.36305
-3.36298
-3.36291
-3.36345
-3.36339
-3.36378
-3.36418
-3.36413
-3.36408
-3.36389
-3.36401
-3.26266
-3.26263
-3.26275
-3.26273
-3.26286
-3.26285
-3.26239
-3.26224
-3.2621
-3.26181
-3.26198
-3.26216
-3.26265
-3.26283
-3.26287
-3.26292
-3.26296
-3.26301
-3.26292
-3.26327
-3.26333
-3.26308
-3.26359
-3.26365
-3.2637
-3.26361
-3.26381
-3.26371
-3.26376
-3.26395
-3.26369
-3.26328
-3.26316
-3.26304
-3.26337
-3.26369
-3.26341
-3.26342
-3.26343
-3.26373
-3.26419
-3.26419
-3.26403
-3.26433
-3.26416
-3.26445
-3.26428
-3.26426
-3.26409
-3.26392
-3.26404
-3.26372
-3.26369
-3.26382
-3.26334
-3.26302
-3.26315
-3.26343
-3.26341
-3.26324
-3.26322
-3.2632
-3.26304
-3.26302
-3.26332
-3.26331
-3.26361
-3.26345
-3.26345
-3.26345
-3.26331
-3.26316
-3.26302
-3.26303
-3.26319
-3.26321
-3.26323
-3.26309
-3.26311
-3.26283
-3.26286
-3.26303
-3.26306
-3.26308
-3.26311
-3.26299
-3.26287
-3.26305
-3.26308
-3.26296
-3.263
-3.26318
-3.26351
-3.26385
-3.26404
-3.26422
-3.26425
-3.26413
-3.26402
-3.26375
-3.26408
-3.26411
-3.26414
-3.26417
-3.2642
-3.26468
-3.26456
-3.26443
-3.26415
-3.26418
-3.2642
-3.26421
-3.26378
-3.26379
-3.2638
-3.26396
-3.26382
-3.26382
-3.26352
-3.26367
-3.26367
-3.26352
-3.26351
-3.26335
-3.26303
-3.26301
-3.263
-3.26313
-3.2628
-3.26293
-3.2629
-3.26302
-3.26298
-3.26325
-3.26322
-3.26348
-3.26344
-3.2634
-3.26351
-3.26392
-3.26387
-3.26383
-3.26363
-3.26343
-3.26339
-3.26304
-3.26299
-3.26294
-3.26304
-3.2633
-3.26325
-3.2629
-3.26255
-3.26236
-3.26216
-3.26227
-3.26223
-3.26188
-3.26184
-3.26165
-3.26147
-3.26128
-3.26125
-3.26106
-3.26103
-3.261
-3.26098
-3.26095
-3.26108
-3.26106
-3.2609
-3.26088
-3.26087
-3.26071
-3.2607
-3.26039
-3.26039
-3.26039
-3.26024
-3.26024
-3.26025
-3.26041
-3.26073
-3.2609
-3.26091
-3.26093
-3.26096
-3.26098
-3.26086
-3.26119
-3.26123
-3.26111
-3.261
-3.26119
-3.26124
-3.26128
-3.26118
-3.26123
-3.26113
-3.26134
-3.2611
-3.26116
-3.26122
-3.26128
-3.26165
-3.26187
-3.26195
-3.26232
-3.26255
-3.26278
-3.26316
-3.26309
-3.26332
-3.26325
-3.26334
-3.26313
-3.26337
-3.26361
-3.2637
-3.2638
-3.26389
-3.26414
-3.26439
-3.26449
-3.26443
-3.26453
-3.26479
-3.26504
-3.26529
-3.26539
-3.26549
-3.2656
-3.2657
-3.26549
-3.26529
-3.26524
-3.26519
-3.26543
-3.26553
-3.26562
-3.26556
-3.26534
-3.26588
-3.26566
-3.26574
-3.26582
-3.26559
-3.26581
-3.26588
-3.26594
-3.266
-3.2659
-3.26595
-3.266
-3.26634
-3.26638
-3.26686
-3.26704
-3.26737
-3.26753
-3.26724
-3.2674
-3.26771
-3.26786
-3.268
-3.26814
-3.26812
-3.2681
-3.26807
-3.26804
-3.26816
-3.26812
-3.26837
-3.26863
-3.26857
-3.26867
-3.26846
-3.2684
-3.26818
-3.26826
-3.26849
-3.26841
-3.26849
-3.26856
-3.26847
-3.26839
-3.2683
-3.26806
-3.26797
-3.26818
-3.26839
-3.26784
-3.2676
-3.2678
-3.26756
-3.26776
-3.26782
-3.26787
-3.26853
-3.26858
-3.26834
-3.26839
-3.2683
-3.2679
-3.26795
-3.26816
-3.26807
-3.26813
-3.26758
-3.26734
-3.2674
-3.26717
-3.26708
-3.26714
-3.26691
-3.26682
-3.26674
-3.26711
-3.26703
-3.2668
-3.26642
-3.2665
-3.26627
-3.2662
-3.26613
-3.26591
-3.26584
-3.26547
-3.26556
-3.2652
-3.26514
-3.26478
-3.26457
-3.26437
-3.26446
-3.26441
-3.26421
-3.26432
-3.26412
-3.26408
-3.26389
-3.26401
-3.26367
-3.26378
-3.26421
-3.26417
-3.264
-3.26412
-3.26425
-3.26453
-3.26435
-3.26433
-3.26431
-3.2643
-3.26428
-3.26427
-3.26395
-3.26409
-3.26423
-3.26422
-3.26421
-3.26435
-3.26434
-3.26373
-3.26387
-3.26356
-3.26371
-3.2637
-3.2637
-3.264
-3.264
-3.26445
-3.26429
-3.26414
-3.26399
-3.26383
-3.26353
-3.26353
-3.26338
-3.26308
-3.26338
-3.26338
-3.26353
-3.26339
-3.26339
-3.26339
-3.2631
-3.2625
-3.26236
-3.26251
-3.26252
-3.26238
-3.26269
-3.2624
-3.26257
-3.26273
-3.26244
-3.26261
-3.26247
-3.26295
-3.26281
-3.26283
-3.26301
-3.26288
-3.2629
-3.26292
-3.26295
-3.26282
-3.263
-3.26288
-3.26306
-3.26309
-3.26343
-3.26361
-3.26364
-3.26383
-3.26387
-3.26375
-3.26379
-3.26413
-3.26401
-3.26405
-3.26394
-3.26428
-3.26417
-3.26451
-3.2647
-3.26474
-3.26478
-3.26482
-3.265
-3.26519
-3.26523
-3.26527
-3.265
-3.26503
-3.26491
-3.26495
-3.26498
-3.26455
-3.26473
-3.26521
-3.26538
-3.26465
-3.26467
-3.26499
-3.265
-3.26502
-3.26503
-3.26549
-3.26534
-3.26474
-3.26459
-3.26414
-3.26429
-3.26443
-3.26458
-3.26427
-3.26456
-3.26455
-3.26424
-3.26468
-3.26451
-3.26435
-3.26418
-3.26432
-3.26461
-3.2643
-3.26429
-3.26413
-3.26398
-3.26412
-3.26428
-3.26428
-3.26429
-3.2643
-3.26432
-3.26449
-3.26452
-3.26455
-3.26443
-3.26447
-3.26467
-3.26457
-3.26462
-3.26453
-3.26459
-3.2645
-3.26427
-3.26449
-3.26456
-3.26493
-3.26486
-3.26508
-3.265
-3.26523
-3.26515
-3.26491
-3.26528
-3.26565
-3.26601
-3.26622
-3.26612
-3.26587
-3.26606
-3.2661
-3.26629
-3.26617
-3.26635
-3.26637
-3.26639
-3.26625
-3.26641
-3.26642
-3.26627
-3.26658
-3.26658
-3.26643
-3.26612
-3.26612
-3.26672
-3.26687
-3.26732
-3.26732
-3.26717
-3.26748
-3.26718
-3.26718
-3.26628
-3.26629
-3.26646
-3.26617
-3.26619
-3.26605
-3.26577
-3.26595
-3.26612
-3.2663
-3.26663
-3.26667
-3.26594
-3.26613
-3.26601
-3.26605
-3.26594
-3.26552
-3.26571
-3.26559
-3.26533
-3.26536
-3.26525
-3.26543
-3.26562
-3.2655
-3.26568
-3.26556
-3.26558
-3.26561
-3.26578
-3.26565
-3.26567
-3.26584
-3.26601
-3.26632
-3.26664
-3.26695
-3.26696
-3.26696
-3.26681
-3.26697
-3.26712
-3.26727
-3.26711
-3.26711
-3.2671
-3.26679
-3.26633
-3.26632
-3.26616
-3.26584
-3.26613
-3.26597
-3.26565
-3.26578
-3.26577
-3.26575
-3.26588
-3.26647
-3.26675
-3.26673
-3.26655
-3.26668
-3.26696
-3.26694
-3.26676
-3.26719
-3.26717
-3.2673
-3.26712
-3.26724
-3.26722
-3.26704
-3.26717
-3.26684
-3.26696
-3.26693
-3.2666
-3.26657
-3.26624
-3.26651
-3.26633
-3.26629
-3.26641
-3.26623
-3.26605
-3.26601
-3.26598
-3.26579
-3.26576
-3.26603
-3.26629
-3.2661
-3.26607
-3.26603
-3.26614
-3.2661
-3.26606
-3.26617
-3.26613
-3.26639
-3.2665
-3.26661
-3.26657
-3.26653
-3.26648
-3.26644
-3.2667
-3.26666
-3.26661
-3.26657
-3.26622
-3.26618
-3.26628
-3.26639
-3.26634
-3.26645
-3.2667
-3.26666
-3.26676
-3.26656
-3.26667
-3.26662
-3.26642
-3.26622
-3.26617
-3.26613
-3.26593
-3.26588
-3.26583
-3.26578
-3.26558
-3.26523
-3.26519
-3.26529
-3.26494
-3.26459
-3.26484
-3.26479
-3.26474
-3.26484
-3.26464
-3.26459
-3.26454
-3.26449
-3.26475
-3.265
-3.2651
-3.26505
-3.26515
-3.26525
-3.2652
-3.26515
-3.26525
-3.26474
-3.26469
-3.26449
-3.26429
-3.26454
-3.26464
-3.2649
-3.265
-3.2651
-3.26491
-3.26501
-3.26512
-3.26553
-3.26533
-3.26544
-3.2651
-3.26551
-3.26563
-3.2659
-3.26647
-3.26644
-3.26671
-3.26684
-3.26636
-3.26649
-3.26647
-3.26631
-3.2666
-3.26614
-3.26629
-3.26598
-3.26568
-3.26584
-3.26586
-3.26587
-3.26604
-3.26622
-3.26655
-3.26628
-3.26617
-3.26591
-3.26581
-3.26541
-3.26547
-3.26523
-3.26529
-3.26566
-3.26558
-3.26536
-3.26529
-3.26492
-3.26517
-3.26541
-3.26535
-3.2653
-3.2654
-3.26581
-3.26591
-3.26557
-3.26537
-3.26564
-3.26575
-3.26571
-3.26582
-3.26593
-3.26605
-3.26616
-3.26627
-3.26623
-3.26619
-3.26675
-3.26701
-3.26697
-3.26737
-3.26762
-3.26787
-3.26797
-3.26806
-3.26815
-3.26868
-3.26861
-3.26869
-3.26877
-3.26899
-3.26935
-3.26957
-3.26962
-3.26967
-3.26957
-3.26961
-3.2698
-3.26969
-3.26926
-3.26944
-3.27006
-3.27008
-3.27024
-3.2704
-3.2707
-3.271
-3.27084
-3.27068
-3.27051
-3.27019
-3.27032
-3.27029
-3.27011
-3.27007
-3.27019
-3.2703
-3.27041
-3.27036
-3.27001
-3.26996
-3.26976
-3.26956
-3.26996
-3.26975
-3.26984
-3.26979
-3.26958
-3.26952
-3.26931
-3.26925
-3.26919
-3.26913
-3.26922
-3.26992
-3.26986
-3.2698
-3.26884
-3.26878
-3.26873
-3.26868
-3.26862
-3.26872
-3.26868
-3.26848
-3.26873
-3.26884
-3.26894
-3.2689
-3.26856
-3.26822
-3.26787
-3.26814
-3.2681
-3.26791
-3.26803
-3.268
-3.26812
-3.26808
-3.26805
-3.26818
-3.26815
-3.26842
-3.26824
-3.26852
-3.2685
-3.26817
-3.26815
-3.26798
-3.26795
-3.26793
-3.26806
-3.26789
-3.26788
-3.26801
-3.26784
-3.26782
-3.26796
-3.26825
-3.26838
-3.26852
-3.26851
-3.2691
-3.26924
-3.26893
-3.26907
-3.26921
-3.26951
-3.2695
-3.2695
-3.2701
-3.27009
-3.27009
-3.27009
-3.26994
-3.26933
-3.26964
-3.26994
-3.26949
-3.2695
-3.2695
-3.2695
-3.26981
-3.26921
-3.26892
-3.26877
-3.26847
-3.26863
-3.26879
-3.26879
-3.26895
-3.2688
-3.26881
-3.26881
-3.26897
-3.26897
-3.26882
-3.26897
-3.26882
-3.26881
-3.26896
-3.26896
-3.26956
-3.26955
-3.26985
-3.26953
-3.26967
-3.26966
-3.2701
-3.26994
-3.26992
-3.27006
-3.27019
-3.27032
-3.27061
-3.27074
-3.27102
-3.27115
-3.27083
-3.27111
-3.27079
-3.27031
-3.27014
-3.27012
-3.2701
-3.26978
-3.26976
-3.26945
-3.26943
-3.26912
-3.2691
-3.26955
-3.26954
-3.26923
-3.26938
-3.26953
-3.26938
-3.26923
-3.26893
-3.26894
-3.26894
-3.26895
-3.26912
-3.26914
-3.26931
-3.26948
-3.2698
-3.26998
-3.26955
-3.26958
-3.26976
-3.27009
-3.26967
-3.2694
-3.26928
-3.26947
-3.26996
-3.27
-3.26973
-3.26992
-3.27026
-3.27045
-3.27033
-3.27007
-3.27026
-3.27045
-3.27078
-3.27097
-3.27085
-3.27088
-3.27076
-3.27064
-3.27067
-3.27085
-3.27102
-3.27104
-3.27076
-3.27048
-3.2705
-3.27036
-3.27022
-3.27023
-3.27024
-3.27024
-3.27025
-3.2704
-3.27054
-3.27069
-3.27053
-3.27052
-3.2705
-3.27064
-3.27032
-3.2706
-3.27012
-3.26979
-3.26946
-3.26958
-3.26924
-3.2692
-3.26916
-3.26897
-3.26878
-3.26858
-3.35465
-3.35491
-3.35473
-3.35469
-3.35465
-3.35477
-3.35442
-3.35454
-3.35435
-3.35446
-3.35412
-3.35408
-3.35405
-3.35401
-3.35367
-3.35379
-3.35376
-3.35373
-3.3537
-3.35353
-3.3535
-3.35393
-3.35376
-3.35405
-3.35403
-3.35372
-3.35371
-3.3537
-3.35369
-3.35384
-3.35369
-3.35354
-3.35369
-3.35369
-3.3537
-3.35386
-3.35402
-3.35418
-3.35404
-3.35405
-3.35376
-3.35377
-3.35379
-3.35365
-3.35381
-3.35382
-3.35398
-3.35415
-3.35416
-3.35416
-3.35417
-3.35418
-3.35403
-3.35404
-3.35389
-3.35404
-3.35419
-3.35434
-3.35448
-3.35493
-3.35522
-3.35521
-3.35474
-3.35473
-3.35486
-3.35469
-3.35467
-3.35435
-3.35447
-3.35429
-3.35411
-3.35378
-3.3539
-3.35402
-3.35399
-3.3541
-3.35407
-3.35433
-3.3543
-3.35411
-3.35407
-3.35434
-3.35415
-3.35381
-3.35363
-3.35375
-3.35417
-3.35429
-3.35441
-3.35423
-3.35436
-3.35434
-3.35447
-3.35415
-3.35413
-3.35382
-3.35411
-3.3541
-3.35455
-3.3547
-3.35441
-3.35457
-3.35443
-3.35444
-3.35461
-3.35463
-3.35451
-3.35453
-3.35442
-3.3543
-3.35419
-3.35453
-3.35458
-3.35463
-3.35468
-3.35428
-3.35434
-3.3547
-3.35491
-3.35498
-3.35474
-3.35465
-3.35457
-3.35495
-3.35502
-3.35524
-3.35562
-3.356
-3.35623
-3.35646
-3.35669
-3.35692
-3.35669
-3.35678
-3.35686
-3.35664
-3.35657
-3.35635
-3.35643
-3.35636
-3.35599
-3.35592
-3.356
-3.35609
-3.35662
-3.35655
-3.35663
-3.35702
-3.35725
-3.35718
-3.35726
-3.35734
-3.35741
-3.35764
-3.35757
-3.35749
-3.35741
-3.35718
-3.35725
-3.35717
-3.35724
-3.35776
-3.35767
-3.35789
-3.3581
-3.35816
-3.35821
-3.35812
-3.35802
-3.35807
-3.35842
-3.35832
-3.35821
-3.3581
-3.35829
-3.35833
-3.35821
-3.35855
-3.35858
-3.35876
-3.35894
-3.35896
-3.35898
-3.359
-3.35856
-3.35857
-3.35828
-3.35814
-3.35814
-3.35814
-3.35845
-3.35844
-3.35829
-3.35858
-3.35887
-3.35871
-3.35854
-3.35852
-3.3588
-3.35863
-3.35891
-3.35903
-3.359
-3.35881
-3.35893
-3.35874
-3.35855
-3.35851
-3.35831
-3.35827
-3.35792
-3.35802
-3.35797
-3.35777
-3.35786
-3.35796
-3.35791
-3.35755
-3.35764
-3.35774
-3.35768
-3.35762
-3.35787
-3.35811
-3.3579
-3.35785
-3.35794
-3.35758
-3.35738
-3.35702
-3.35667
-3.35662
-3.35611
-3.35606
-3.35556
-3.35552
-3.35548
-3.35544
-3.35524
-3.35521
-3.35532
-3.35514
-3.35526
-3.35508
-3.35521
-3.35519
-3.35517
-3.35485
-3.35498
-3.35482
-3.35481
-3.35495
-3.3548
-3.35464
-3.35434
-3.35434
-3.35435
-3.3545
-3.35466
-3.35512
-3.35468
-3.35439
-3.35426
-3.35427
-3.35444
-3.35431
-3.35433
-3.35435
-3.35467
-3.35485
-3.35487
-3.35474
-3.35447
-3.35449
-3.35451
-3.35469
-3.35456
-3.35443
-3.35431
-3.35448
-3.3542
-3.35422
-3.35424
-3.35396
-3.35398
-3.3543
-3.35462
-3.35449
-3.3545
-3.35406
-3.35408
-3.35409
-3.3541
-3.35426
-3.35411
-3.35397
-3.35412
-3.35412
-3.35412
-3.35427
-3.35427
-3.35427
-3.35426
-3.35425
-3.35424
-3.35423
-3.35452
-3.35481
-3.35524
-3.35508
-3.35536
-3.35549
-3.35562
-3.35544
-3.35526
-3.35509
-3.35506
-3.35518
-3.3553
-3.35542
-3.35523
-3.35505
-3.35501
-3.35513
-3.35479
-3.3543
-3.35396
-3.35393
-3.35404
-3.35385
-3.35427
-3.35454
-3.3545
-3.35416
-3.35413
-3.35409
-3.35361
-3.35388
-3.35385
-3.35367
-3.35364
-3.35361
-3.35358
-3.35356
-3.35354
-3.35336
-3.35289
-3.35287
-3.35331
-3.35345
-3.35343
-3.35342
-3.35356
-3.35355
-3.35369
-3.35399
-3.35413
-3.35382
-3.35382
-3.35397
-3.35411
-3.35426
-3.35426
-3.35411
-3.35395
-3.3541
-3.3538
-3.35379
-3.35349
-3.35348
-3.35348
-3.35348
-3.35347
-3.35331
-3.353
-3.3533
-3.35314
-3.35298
-3.35252
-3.35221
-3.3519
-3.35189
-3.35173
-3.35156
-3.35155
-3.35139
-3.35123
-3.35137
-3.35136
-3.35165
-3.35179
-3.35163
-3.35178
-3.35207
-3.35206
-3.35205
-3.3519
-3.35189
-3.35219
-3.35219
-3.35203
-3.35203
-3.35203
-3.35188
-3.35218
-3.35234
-3.35234
-3.3525
-3.3525
-3.3522
-3.35221
-3.35237
-3.35253
-3.35269
-3.35255
-3.35256
-3.35242
-3.35243
-3.35259
-3.3526
-3.35246
-3.35247
-3.35248
-3.35219
-3.35235
-3.35205
-3.35221
-3.35177
-3.35162
-3.35178
-3.35178
-3.35148
-3.35178
-3.35178
-3.35178
-3.35147
-3.35146
-3.35145
-3.35144
-3.35158
-3.35112
-3.3514
-3.35154
-3.35167
-3.35165
-3.35163
-3.3516
-3.35143
-3.3511
-3.35092
-3.35089
-3.35086
-3.35083
-3.35049
-3.35046
-3.35043
-3.35085
-3.35067
-3.35033
-3.35015
-3.35027
-3.35024
-3.3499
-3.34972
-3.3497
-3.34952
-3.34919
-3.34886
-3.34884
-3.34867
-3.34865
-3.34833
-3.34831
-3.3483
-3.34843
-3.34827
-3.34826
-3.3481
-3.3481
-3.34824
-3.34839
-3.34839
-3.34869
-3.349
-3.34915
-3.349
-3.34901
-3.34901
-3.34902
-3.34903
-3.34904
-3.34905
-3.34906
-3.34922
-3.34893
-3.3491
-3.34926
-3.34942
-3.34943
-3.3496
-3.34961
-3.34977
-3.34978
-3.3498
-3.34996
-3.34997
-3.34983
-3.34969
-3.3497
-3.34956
-3.34972
-3.34958
-3.34944
-3.34944
-3.3496
-3.34961
-3.34947
-3.34947
-3.34948
-3.34963
-3.34964
-3.34964
-3.34934
-3.34889
-3.34919
-3.34904
-3.34904
-3.34889
-3.34888
-3.34888
-3.34887
-3.34916
-3.34886
-3.3487
-3.34853
-3.34867
-3.34821
-3.34789
-3.34803
-3.34786
-3.348
-3.34829
-3.34827
-3.3484
-3.34823
-3.34806
-3.34804
-3.34787
-3.3477
-3.34738
-3.34751
-3.34765
-3.34763
-3.34731
-3.34715
-3.34759
-3.34773
-3.34772
-3.34772
-3.34786
-3.34771
-3.34757
-3.34787
-3.34804
-3.3482
-3.34837
-3.3484
-3.34888
-3.34892
-3.34896
-3.34885
-3.3492
-3.34911
-3.34917
-3.34879
-3.34902
-3.34865
-3.34919
-3.34944
-3.34954
-3.34964
-3.34991
-3.34987
-3.34999
-3.35027
-3.3504
-3.35069
-3.35067
-3.35081
-3.35126
-3.35155
-3.35184
-3.35183
-3.35212
-3.35211
-3.35225
-3.35253
-3.35251
-3.35263
-3.35275
-3.35271
-3.35281
-3.35261
-3.35285
-3.35278
-3.3527
-3.35277
-3.35282
-3.35302
-3.35291
-3.35279
-3.35281
-3.35267
-3.35282
-3.35312
-3.35295
-3.35323
-3.3532
-3.35316
-3.35312
-3.35277
-3.35256
-3.35264
-3.35273
-3.35265
-3.35287
-3.35309
-3.35285
-3.35261
-3.35252
-3.35242
-3.35293
-3.35298
-3.35287
-3.35262
-3.35206
-3.35226
-3.35275
-3.35325
-3.35314
-3.35334
-3.35339
-3.35343
-3.35333
-3.35322
-3.35282
-3.35287
-3.35262
-3.35237
-3.35227
-3.35218
-3.35193
-3.352
-3.35176
-3.35167
-3.35189
-3.35181
-3.35173
-3.35181
-3.35189
-3.35167
-3.3516
-3.35123
-3.35117
-3.35111
-3.35106
-3.35085
-3.35095
-3.3509
-3.35056
-3.35051
-3.35047
-3.35058
-3.3507
-3.35066
-3.35048
-3.35061
-3.35043
-3.3504
-3.35008
-3.34976
-3.34944
-3.34958
-3.35002
-3.35001
-3.35
-3.34984
-3.34999
-3.34968
-3.34938
-3.34923
-3.34908
-3.34939
-3.3494
-3.34956
-3.34957
-3.34943
-3.34929
-3.34916
-3.34903
-3.34859
-3.34846
-3.34818
-3.34836
-3.34823
-3.34841
-3.34859
-3.34847
-3.34835
-3.34839
-3.34827
-3.34861
-3.34879
-3.34868
-3.34872
-3.34846
-3.3485
-3.34884
-3.34919
-3.34863
-3.34913
-3.34902
-3.34877
-3.34881
-3.34871
-3.34876
-3.34866
-3.34886
-3.34876
-3.34881
-3.34902
-3.34892
-3.34867
-3.34872
-3.34863
-3.34853
-3.34858
-3.34864
-3.34884
-3.3486
-3.3488
-3.34855
-3.34876
-3.34881
-3.34887
-3.34862
-3.34927
-3.34978
-3.34998
-3.34988
-3.35038
-3.35043
-3.35063
-3.35067
-3.35041
-3.35015
-3.35003
-3.35022
-3.35071
-3.35058
-3.35046
-3.35003
-3.35005
-3.34992
-3.34978
-3.34994
-3.34965
-3.3498
-3.3498
-3.34994
-3.34978
-3.34977
-3.3496
-3.34973
-3.3497
-3.34967
-3.34963
-3.34959
-3.34954
-3.34965
-3.34959
-3.34954
-3.34917
-3.34926
-3.34919
-3.34926
-3.34919
-3.34865
-3.34887
-3.34878
-3.34869
-3.34875
-3.34866
-3.34856
-3.34861
-3.34881
-3.34871
-3.34861
-3.3479
-3.34779
-3.34754
-3.34743
-3.34732
-3.34722
-3.34742
-3.34762
-3.34751
-3.34756
-3.34762
-3.34752
-3.34788
-3.34734
-3.3474
-3.34732
-3.34724
-3.34686
-3.34663
-3.34641
-3.34635
-3.34644
-3.34653
-3.34648
-3.34674
-3.3467
-3.34652
-3.34634
-3.34631
-3.34629
-3.34643
-3.34643
-3.34658
-3.34673
-3.3469
-3.34706
-3.34724
-3.34757
-3.3473
-3.34718
-3.34737
-3.34757
-3.34762
-3.34783
-3.34789
-3.34765
-3.34772
-3.34794
-3.34801
-3.34778
-3.34816
-3.3484
-3.34863
-3.34872
-3.3488
-3.34874
-3.34898
-3.34922
-3.34946
-3.34955
-3.34933
-3.34973
-3.35012
-3.35036
-3.35044
-3.35068
-3.35092
-3.35145
-3.35154
-3.35177
-3.35184
-3.35132
-3.35124
-3.35161
-3.35153
-3.35159
-3.35166
-3.35187
-3.35162
-3.35167
-3.35172
-3.35147
-3.35121
-3.3511
-3.35068
-3.35102
-3.35105
-3.35108
-3.3511
-3.35097
-3.35084
-3.3507
-3.35026
-3.35012
-3.35013
-3.35013
-3.34998
-3.34953
-3.34998
-3.35028
-3.35027
-3.35027
-3.34995
-3.34994
-3.35008
-3.35007
-3.34976
-3.34959
-3.34943
-3.34942
-3.3491
-3.34909
-3.34907
-3.34921
-3.34935
-3.34934
-3.34934
-3.34903
-3.34948
-3.34932
-3.34932
-3.34948
-3.34948
-3.34949
-3.3495
-3.34936
-3.34922
-3.34939
-3.34941
-3.34914
-3.34901
-3.34874
-3.34893
-3.34882
-3.34886
-3.34891
-3.34911
-3.34901
-3.34922
-3.34912
-3.34934
-3.34925
-3.34962
-3.34969
-3.34961
-3.35014
-3.35022
-3.3503
-3.35024
-3.35032
-3.35056
-3.35064
-3.35103
-3.35112
-3.35121
-3.3519
-3.35229
-3.35253
-3.35246
-3.35254
-3.35278
-3.35271
-3.35294
-3.35302
-3.35309
-3.35316
-3.35308
-3.35344
-3.35335
-3.35341
-3.35316
-3.35321
-3.3531
-3.35329
-3.35302
-3.35305
-3.35308
-3.3531
-3.35312
-3.35328
-3.35329
-3.3533
-3.35314
-3.35314
-3.35298
-3.35282
-3.3528
-3.35278
-3.35261
-3.35243
-3.3524
-3.35236
-3.35263
-3.35244
-3.35224
-3.35234
-3.3523
-3.3524
-3.35249
-3.35244
-3.35223
-3.35232
-3.40227
-3.40191
-3.40186
-3.40195
-3.40204
-3.40199
-3.40253
-3.40248
-3.40181
-3.40191
-3.402
-3.40209
-3.40219
-3.40213
-3.40223
-3.40218
-3.40212
-3.40207
-3.40187
-3.40167
-3.40208
-3.40188
-3.40214
-3.4021
-3.40191
-3.40157
-3.40199
-3.40196
-3.40207
-3.4022
-3.40217
-3.40214
-3.40197
-3.40194
-3.40177
-3.4019
-3.40189
-3.40187
-3.4017
-3.40169
-3.40137
-3.40151
-3.40135
-3.40134
-3.40103
-3.40102
-3.40116
-3.40115
-3.40129
-3.40173
-3.40172
-3.40171
-3.4017
-3.40169
-3.40168
-3.40166
-3.40195
-3.40179
-3.40207
-3.40251
-3.40264
-3.40278
-3.40245
-3.40228
-3.40241
-3.40254
-3.40251
-3.40294
-3.40246
-3.40273
-3.40285
-3.40267
-3.40263
-3.40275
-3.40272
-3.40253
-3.40249
-3.402
-3.4018
-3.40161
-3.40172
-3.40197
-3.40177
-3.40218
-3.40213
-3.40223
-3.40217
-3.40212
-3.40221
-3.40215
-3.40239
-3.40248
-3.40257
-3.4025
-3.40243
-3.40206
-3.40153
-3.40146
-3.40123
-3.40145
-3.40122
-3.40129
-3.40106
-3.40128
-3.40119
-3.40141
-3.40162
-3.40123
-3.40099
-3.40059
-3.40065
-3.40071
-3.40062
-3.40038
-3.40059
-3.40049
-3.40055
-3.40061
-3.40067
-3.40074
-3.40065
-3.40056
-3.40018
-3.39995
-3.40002
-3.39994
-3.39987
-3.39995
-3.40003
-3.39981
-3.3999
-3.3997
-3.39949
-3.39914
-3.39895
-3.39876
-3.39903
-3.39915
-3.39898
-3.39882
-3.3988
-3.3991
-3.39926
-3.39911
-3.39928
-3.3993
-3.39933
-3.39921
-3.39925
-3.3993
-3.39981
-3.39972
-3.39963
-3.39955
-3.39948
-3.39941
-3.3995
-3.39944
-3.39939
-3.39949
-3.3999
-3.40001
-3.39997
-3.40009
-3.40021
-3.40032
-3.4006
-3.40147
-3.40175
-3.40202
-3.40229
-3.40211
-3.40254
-3.40265
-3.40307
-3.40319
-3.4036
-3.40387
-3.40382
-3.40393
-3.40388
-3.40398
-3.40392
-3.40401
-3.4038
-3.40374
-3.40367
-3.40344
-3.40352
-3.40344
-3.40381
-3.40357
-3.40348
-3.40293
-3.40284
-3.40288
-3.40278
-3.40297
-3.40286
-3.40275
-3.40323
-3.40311
-3.40314
-3.40301
-3.40318
-3.40305
-3.40336
-3.40337
-3.40308
-3.40308
-3.40308
-3.40278
-3.40292
-3.40291
-3.4029
-3.40274
-3.40287
-3.40285
-3.40282
-3.40264
-3.40261
-3.40243
-3.40224
-3.40205
-3.40216
-3.40227
-3.40237
-3.40232
-3.40227
-3.40267
-3.40276
-3.40255
-3.40219
-3.40273
-3.40252
-3.4026
-3.40238
-3.40261
-3.40285
-3.40293
-3.40286
-3.40279
-3.40287
-3.4028
-3.40272
-3.4025
-3.40244
-3.40237
-3.40215
-3.40224
-3.40233
-3.40227
-3.40222
-3.40201
-3.40242
-3.40237
-3.40218
-3.40184
-3.4015
-3.40162
-3.40115
-3.40098
-3.40096
-3.4008
-3.4011
-3.4011
-3.40111
-3.40097
-3.40069
-3.40102
-3.4009
-3.40078
-3.40082
-3.40087
-3.40092
-3.40113
-3.40134
-3.40126
-3.40148
-3.40171
-3.40164
-3.40187
-3.40196
-3.40189
-3.40168
-3.40193
-3.40203
-3.40258
-3.40283
-3.40278
-3.40304
-3.40299
-3.40325
-3.4035
-3.40361
-3.40356
-3.40382
-3.40393
-3.40388
-3.40413
-3.40409
-3.40403
-3.40414
-3.40423
-3.40433
-3.40412
-3.40406
-3.40415
-3.40379
-3.40403
-3.40471
-3.40465
-3.40472
-3.4048
-3.40472
-3.40479
-3.40471
-3.40462
-3.40498
-3.40489
-3.40509
-3.40545
-3.40534
-3.40554
-3.40558
-3.40561
-3.40534
-3.40552
-3.4057
-3.40572
-3.40544
-3.40545
-3.40546
-3.40561
-3.40562
-3.40561
-3.40546
-3.40544
-3.40528
-3.40541
-3.40569
-3.40612
-3.40624
-3.40621
-3.40632
-3.40628
-3.40624
-3.40589
-3.40584
-3.40548
-3.40588
-3.40567
-3.4053
-3.40524
-3.40547
-3.40555
-3.40563
-3.40571
-3.40548
-3.40555
-3.40562
-3.40569
-3.4056
-3.40536
-3.40542
-3.40503
-3.40464
-3.405
-3.40506
-3.40542
-3.40517
-3.40538
-3.40528
-3.40503
-3.40493
-3.40483
-3.40489
-3.40464
-3.40469
-3.40429
-3.40419
-3.40395
-3.4034
-3.4033
-3.40291
-3.40281
-3.40257
-3.40233
-3.40209
-3.40185
-3.40176
-3.40153
-3.40145
-3.40182
-3.40174
-3.40182
-3.40174
-3.40182
-3.4016
-3.40183
-3.40192
-3.40185
-3.40164
-3.40173
-3.40152
-3.40146
-3.40156
-3.40166
-3.40146
-3.40156
-3.40136
-3.40132
-3.40127
-3.40123
-3.40119
-3.40115
-3.40066
-3.40062
-3.40074
-3.4004
-3.40037
-3.40034
-3.39985
-3.39952
-3.39949
-3.3993
-3.39927
-3.39924
-3.39921
-3.39934
-3.39946
-3.39928
-3.39926
-3.39953
-3.39951
-3.39933
-3.39901
-3.39884
-3.39882
-3.39865
-3.39849
-3.39818
-3.39787
-3.39786
-3.39786
-3.39786
-3.39786
-3.39772
-3.39819
-3.39835
-3.39823
-3.3984
-3.39844
-3.39832
-3.39837
-3.39842
-3.39862
-3.39884
-3.39921
-3.39958
-3.39936
-3.39945
-3.39969
-3.39993
-3.39973
-3.39984
-3.39995
-3.40006
-3.40003
-3.40015
-3.40043
-3.40071
-3.40099
-3.40127
-3.40125
-3.40138
-3.40121
-3.40135
-3.40133
-3.4013
-3.40128
-3.40125
-3.40168
-3.40164
-3.40176
-3.40202
-3.40228
-3.40253
-3.40248
-3.40272
-3.40265
-3.40304
-3.40281
-3.40288
-3.4025
-3.40256
-3.40261
-3.40266
-3.40256
-3.4026
-3.40233
-3.40281
-3.40284
-3.40302
-3.40318
-3.4032
-3.40321
-3.40307
-3.40337
-3.40337
-3.40337
-3.40322
-3.40321
-3.4029
-3.40289
-3.40272
-3.40241
-3.40254
-3.40237
-3.40251
-3.40234
-3.40201
-3.40229
-3.40212
-3.4024
-3.40253
-3.40236
-3.40218
-3.40201
-3.40198
-3.40196
-3.40209
-3.40191
-3.40204
-3.40217
-3.40185
-3.40213
-3.40196
-3.40194
-3.40192
-3.4022
-3.40234
-3.40232
-3.4023
-3.40244
-3.40273
-3.40257
-3.40225
-3.40194
-3.40177
-3.40191
-3.4019
-3.40174
-3.40143
-3.40112
-3.40111
-3.40095
-3.4011
-3.40109
-3.40139
-3.40138
-3.40137
-3.40121
-3.4012
-3.40104
-3.40103
-3.40102
-3.40131
-3.40115
-3.40099
-3.40067
-3.40051
-3.40049
-3.40032
-3.40061
-3.40074
-3.40042
-3.4004
-3.40022
-3.40005
-3.40032
-3.40045
-3.40012
-3.39978
-3.39975
-3.39987
-3.39999
-3.3998
-3.39977
-3.39988
-3.39985
-3.39966
-3.39977
-3.39973
-3.39969
-3.39935
-3.39947
-3.39943
-3.39924
-3.39936
-3.39947
-3.39899
-3.39926
-3.39923
-3.39875
-3.39873
-3.39885
-3.39899
-3.39882
-3.39895
-3.39879
-3.39909
-3.39908
-3.39923
-3.39924
-3.39924
-3.3991
-3.39911
-3.39898
-3.399
-3.39903
-3.39921
-3.39954
-3.39942
-3.39901
-3.39905
-3.39924
-3.39899
-3.39873
-3.39878
-3.39914
-3.39919
-3.39924
-3.39915
-3.3992
-3.39941
-3.39962
-3.39967
-3.39988
-3.40009
-3.39999
-3.40005
-3.3995
-3.3997
-3.39975
-3.39965
-3.39969
-3.39974
-3.39963
-3.39967
-3.39956
-3.39975
-3.39934
-3.39922
-3.39925
-3.39928
-3.39901
-3.39934
-3.39921
-3.39954
-3.40002
-3.39989
-3.40006
-3.39962
-3.39979
-3.39996
-3.39967
-3.39953
-3.39939
-3.39941
-3.39957
-3.39988
-3.40003
-3.40004
-3.39989
-3.40005
-3.40005
-3.4002
-3.4005
-3.40035
-3.4002
-3.4002
-3.40019
-3.40034
-3.40064
-3.40078
-3.40047
-3.40031
-3.4006
-3.40044
-3.40073
-3.40071
-3.4007
-3.40068
-3.40051
-3.40034
-3.40032
-3.4006
-3.40028
-3.40025
-3.39993
-3.40005
-3.40003
-3.40015
-3.40012
-3.40025
-3.40007
-3.40019
-3.40016
-3.39997
-3.40009
-3.40021
-3.40003
-3.39985
-3.39996
-3.40008
-3.40004
-3.40001
-3.39982
-3.39994
-3.40006
-3.39987
-3.39999
-3.39995
-3.40052
-3.40064
-3.40076
-3.40042
-3.40024
-3.4002
-3.40032
-3.40028
-3.4004
-3.40067
-3.40049
-3.4
-3.39997
-3.39994
-3.40006
-3.40003
-3.39969
-3.39951
-3.39963
-3.39975
-3.39987
-3.39984
-3.39997
-3.40009
-3.40006
-3.40003
-3.3997
-3.39967
-3.39964
-3.39931
-3.39943
-3.39956
-3.39953
-3.39935
-3.39903
-3.39915
-3.39883
-3.3988
-3.39878
-3.3989
-3.39888
-3.39916
-3.39929
-3.39942
-3.39924
-3.39922
-3.3992
-3.39903
-3.39886
-3.39884
-3.39897
-3.39926
-3.39909
-3.39862
-3.39876
-3.39859
-3.39843
-3.39872
-3.39916
-3.39915
-3.39899
-3.39898
-3.39912
-3.39866
-3.39865
-3.39849
-3.39878
-3.39893
-3.39832
-3.39846
-3.39845
-3.39845
-3.39844
-3.39843
-3.39828
-3.39857
-3.39841
-3.39841
-3.3984
-3.39854
-3.39853
-3.39868
-3.39867
-3.39866
-3.39865
-3.39894
-3.39893
-3.39891
-3.39905
-3.39904
-3.39873
-3.39886
-3.39885
-3.39854
-3.39837
-3.39851
-3.3982
-3.39834
-3.39847
-3.39846
-3.3983
-3.39844
-3.39873
-3.39872
-3.39857
-3.39856
-3.3987
-3.399
-3.39885
-3.39869
-3.39854
-3.39869
-3.39854
-3.39854
-3.39884
-3.39885
-3.39885
-3.39886
-3.39887
-3.39918
-3.39934
-3.39965
-3.39966
-3.39952
-3.39938
-3.39924
-3.39926
-3.39942
-3.39958
-3.3999
-3.40007
-3.39993
-3.39964
-3.3995
-3.39952
-3.39953
-3.39939
-3.39925
-3.39942
-3.39913
-3.39944
-3.39946
-3.39947
-3.39948
-3.39934
-3.3992
-3.39922
-3.39953
-3.39954
-3.39956
-3.39987
-3.39974
-3.3999
-3.40022
-3.39994
-3.3998
-3.39997
-3.39999
-3.40032
-3.40034
-3.40052
-3.40054
-3.40057
-3.40059
-3.40062
-3.4005
-3.40038
-3.40056
-3.4012
-3.40123
-3.40127
-3.4013
-3.40134
-3.40122
-3.40111
-3.40115
-3.40088
-3.40062
-3.40065
-3.40084
-3.40087
-3.40106
-3.4014
-3.40113
-3.40101
-3.40089
-3.40137
-3.4011
-3.40097
-3.40084
-3.40102
-3.40104
-3.4009
-3.40092
-3.40033
-3.4005
-3.40051
-3.40052
-3.40037
-3.40038
-3.40053
-3.40054
-3.40054
-3.40069
-3.40084
-3.40083
-3.40068
-3.40037
-3.40051
-3.40005
-3.40005
-3.40004
-3.39988
-3.40002
-3.40016
-3.39985
-3.39999
-3.39998
-3.40012
-3.40026
-3.4001
-3.39994
-3.39993
-3.39977
-3.39992
-3.40007
-3.40006
-3.39991
-3.39991
-3.39976
-3.39976
-3.39976
-3.39976
-3.39962
-3.39932
-3.39933
-3.39934
-3.39905
-3.39906
-3.39908
-3.39924
-3.39941
-3.39943
-3.39914
-3.39916
-3.39933
-3.39935
-3.39937
-3.39955
-3.39972
-3.39944
-3.39946
-3.39949
-3.39936
-3.39938
-3.39971
-3.39943
-3.39915
-3.39917
-3.39919
-3.39937
-3.39908
-3.39956
-3.39958
-3.39974
-3.40006
-3.40008
-3.40009
-3.40041
-3.40057
-3.40073
-3.40104
-3.40105
-3.40091
-3.40076
-3.40091
-3.41702
-3.41687
-3.41702
-3.41702
-3.41702
-3.41701
-3.41731
-3.41745
-3.41729
-3.41698
-3.41712
-3.41696
-3.41695
-3.41693
-3.41722
-3.4172
-3.41689
-3.41702
-3.41655
-3.41683
-3.41681
-3.41694
-3.41677
-3.41674
-3.41627
-3.41624
-3.41652
-3.41634
-3.41631
-3.41613
-3.41625
-3.41622
-3.41634
-3.41646
-3.41643
-3.41639
-3.41635
-3.41632
-3.41643
-3.41609
-3.41605
-3.41586
-3.41551
-3.41577
-3.41588
-3.41584
-3.41564
-3.41575
-3.41585
-3.41611
-3.41606
-3.41586
-3.41566
-3.41576
-3.41556
-3.41521
-3.41485
-3.4148
-3.41445
-3.4144
-3.41435
-3.41415
-3.41425
-3.4142
-3.414
-3.41381
-3.41361
-3.41342
-3.41322
-3.41333
-3.41359
-3.41386
-3.41397
-3.41394
-3.41391
-3.41433
-3.41445
-3.41443
-3.41441
-3.41454
-3.41437
-3.41435
-3.41449
-3.41448
-3.41433
-3.41417
-3.41432
-3.41447
-3.41433
-3.41433
-3.41419
-3.41405
-3.41407
-3.41424
-3.4141
-3.41412
-3.41384
-3.41372
-3.4139
-3.41407
-3.41426
-3.41429
-3.41462
-3.41465
-3.41469
-3.41457
-3.41476
-3.41479
-3.41528
-3.41517
-3.4152
-3.41524
-3.41513
-3.41546
-3.41565
-3.41584
-3.41587
-3.41636
-3.41609
-3.41613
-3.41632
-3.4165
-3.41668
-3.41717
-3.4169
-3.41708
-3.41711
-3.41714
-3.41717
-3.41735
-3.41737
-3.4171
-3.41698
-3.41715
-3.41718
-3.41721
-3.41693
-3.41711
-3.41714
-3.41717
-3.41735
-3.41783
-3.41786
-3.41788
-3.41791
-3.41809
-3.41797
-3.41816
-3.41834
-3.41822
-3.41856
-3.41845
-3.41879
-3.41913
-3.41932
-3.41936
-3.41925
-3.41929
-3.41919
-3.41924
-3.41928
-3.41979
-3.42014
-3.42019
-3.42009
-3.42015
-3.42005
-3.4198
-3.41971
-3.41946
-3.41937
-3.41958
-3.41994
-3.41999
-3.4202
-3.42025
-3.42031
-3.42066
-3.42087
-3.42107
-3.42127
-3.42101
-3.42121
-3.42125
-3.42129
-3.42148
-3.42151
-3.42109
-3.42111
-3.42144
-3.42131
-3.42133
-3.42149
-3.42165
-3.42165
-3.42165
-3.42195
-3.4221
-3.42193
-3.42237
-3.4225
-3.42233
-3.4223
-3.42242
-3.42238
-3.42234
-3.4223
-3.42255
-3.42205
-3.42184
-3.42148
-3.42157
-3.42136
-3.42129
-3.42122
-3.42085
-3.42047
-3.4201
-3.41957
-3.41934
-3.41925
-3.41932
-3.41924
-3.419
-3.41922
-3.41913
-3.41904
-3.41896
-3.41872
-3.41863
-3.41839
-3.41815
-3.41822
-3.41828
-3.41835
-3.41797
-3.41773
-3.41765
-3.41742
-3.41734
-3.41726
-3.41749
-3.41757
-3.4175
-3.41728
-3.41706
-3.41684
-3.41678
-3.41687
-3.41682
-3.41661
-3.41611
-3.41606
-3.41586
-3.41566
-3.41593
-3.41574
-3.4157
-3.41567
-3.41564
-3.41561
-3.41559
-3.41556
-3.41555
-3.41568
-3.41521
-3.41505
-3.41459
-3.41458
-3.41503
-3.41549
-3.41579
-3.41594
-3.41595
-3.41565
-3.41566
-3.41552
-3.41537
-3.41554
-3.41555
-3.41557
-3.41588
-3.41575
-3.41562
-3.41563
-3.4155
-3.41552
-3.41524
-3.41512
-3.41544
-3.41547
-3.41549
-3.41552
-3.41524
-3.41527
-3.4153
-3.41533
-3.41536
-3.41494
-3.41467
-3.4147
-3.41504
-3.41493
-3.41481
-3.41516
-3.41535
-3.41555
-3.41514
-3.41549
-3.41584
-3.4159
-3.41595
-3.41616
-3.41667
-3.41643
-3.41665
-3.41656
-3.41678
-3.417
-3.41707
-3.4176
-3.41768
-3.41776
-3.41783
-3.41792
-3.41785
-3.41808
-3.41816
-3.41825
-3.41833
-3.41842
-3.4185
-3.41874
-3.41867
-3.4186
-3.41854
-3.41847
-3.41885
-3.41878
-3.41885
-3.41862
-3.41855
-3.41877
-3.41883
-3.41905
-3.41926
-3.41917
-3.41907
-3.41928
-3.41948
-3.41967
-3.41971
-3.41975
-3.41979
-3.41967
-3.41939
-3.41957
-3.41898
-3.419
-3.41871
-3.41872
-3.41842
-3.41842
-3.41827
-3.41857
-3.41856
-3.4184
-3.41853
-3.41836
-3.41865
-3.41862
-3.4186
-3.41887
-3.41884
-3.4188
-3.41891
-3.41887
-3.41898
-3.41894
-3.41904
-3.41899
-3.4191
-3.41889
-3.41869
-3.41863
-3.41857
-3.41866
-3.41845
-3.41868
-3.41892
-3.4187
-3.41818
-3.41796
-3.41789
-3.41766
-3.41759
-3.41781
-3.41774
-3.41751
-3.41758
-3.41765
-3.41772
-3.41779
-3.41755
-3.41747
-3.41738
-3.41729
-3.41721
-3.41742
-3.41733
-3.41724
-3.41745
-3.41691
-3.41682
-3.41658
-3.41618
-3.41579
-3.41555
-3.41561
-3.41567
-3.41573
-3.41548
-3.41524
-3.4147
-3.41491
-3.41482
-3.41459
-3.41465
-3.41457
-3.41449
-3.41441
-3.41433
-3.41441
-3.41418
-3.41411
-3.41375
-3.41368
-3.41363
-3.41357
-3.41382
-3.41423
-3.41389
-3.4137
-3.41367
-3.4138
-3.41348
-3.41347
-3.41331
-3.41362
-3.41347
-3.41349
-3.41381
-3.41369
-3.41372
-3.41361
-3.4138
-3.4137
-3.41361
-3.41382
-3.41389
-3.41381
-3.41404
-3.41427
-3.41466
-3.41475
-3.41484
-3.41493
-3.41442
-3.41452
-3.41476
-3.4144
-3.41435
-3.4146
-3.41469
-3.41508
-3.41532
-3.41556
-3.41565
-3.41528
-3.41536
-3.41558
-3.41566
-3.41587
-3.41579
-3.41585
-3.41591
-3.41596
-3.41586
-3.41606
-3.41625
-3.41644
-3.41633
-3.41637
-3.41655
-3.41673
-3.41675
-3.41678
-3.4168
-3.41667
-3.41654
-3.41655
-3.41657
-3.41658
-3.4169
-3.41676
-3.41677
-3.41679
-3.41695
-3.41696
-3.41712
-3.41698
-3.41684
-3.41655
-3.41656
-3.41642
-3.41643
-3.41659
-3.4169
-3.41707
-3.41708
-3.41708
-3.41725
-3.41725
-3.41726
-3.41742
-3.41758
-3.41759
-3.41759
-3.41745
-3.4173
-3.41731
-3.41716
-3.41701
-3.417
-3.41685
-3.41684
-3.41699
-3.41667
-3.41651
-3.41665
-3.41618
-3.41631
-3.41629
-3.41581
-3.41548
-3.41529
-3.41586
-3.41567
-3.41578
-3.41544
-3.41554
-3.41549
-3.41543
-3.41508
-3.41502
-3.41525
-3.41519
-3.41512
-3.41475
-3.41452
-3.41445
-3.41467
-3.4146
-3.41467
-3.41459
-3.41436
-3.41427
-3.41434
-3.41426
-3.41418
-3.41409
-3.41401
-3.41393
-3.41385
-3.41407
-3.41369
-3.41317
-3.41324
-3.41347
-3.41356
-3.41395
-3.41388
-3.41383
-3.41347
-3.41372
-3.41352
-3.41363
-3.4139
-3.41387
-3.41354
-3.41336
-3.41335
-3.41349
-3.41348
-3.41363
-3.41349
-3.41351
-3.41322
-3.4134
-3.41329
-3.41348
-3.41369
-3.41374
-3.41381
-3.41373
-3.41397
-3.41391
-3.41385
-3.41335
-3.41347
-3.41359
-3.41372
-3.4134
-3.41354
-3.41414
-3.4143
-3.41446
-3.41463
-3.4148
-3.41512
-3.41545
-3.41533
-3.41582
-3.41585
-3.41634
-3.41668
-3.41686
-3.4175
-3.41783
-3.41801
-3.41819
-3.41836
-3.41808
-3.4187
-3.41885
-3.41885
-3.41885
-3.41914
-3.41912
-3.41924
-3.4189
-3.41901
-3.41925
-3.41934
-3.41927
-3.41919
-3.41925
-3.41946
-3.4195
-3.41939
-3.41971
-3.41973
-3.41974
-3.41914
-3.41914
-3.41927
-3.41895
-3.41893
-3.41904
-3.419
-3.41896
-3.41891
-3.419
-3.41909
-3.41872
-3.41865
-3.41873
-3.41881
-3.41873
-3.41895
-3.41871
-3.41878
-3.41854
-3.41815
-3.41776
-3.41767
-3.41743
-3.41749
-3.4174
-3.41732
-3.41738
-3.41729
-3.41721
-3.41697
-3.41719
-3.41711
-3.41718
-3.4168
-3.41703
-3.41696
-3.41689
-3.41682
-3.41691
-3.41684
-3.41679
-3.41673
-3.41652
-3.41632
-3.41627
-3.41653
-3.41664
-3.4163
-3.41626
-3.41623
-3.41634
-3.41647
-3.41644
-3.41626
-3.41655
-3.41668
-3.41666
-3.4171
-3.41723
-3.41737
-3.41767
-3.41766
-3.41765
-3.41795
-3.41809
-3.41794
-3.41854
-3.41854
-3.41854
-3.41869
-3.41839
-3.41824
-3.41824
-3.41839
-3.41824
-3.4187
-3.41825
-3.41825
-3.4184
-3.41825
-3.41825
-3.41825
-3.4181
-3.4181
-3.41795
-3.4178
-3.4178
-3.41764
-3.41764
-3.41764
-3.41763
-3.41732
-3.41732
-3.41701
-3.41715
-3.41669
-3.41668
-3.41697
-3.41681
-3.4168
-3.41678
-3.41707
-3.41691
-3.41719
-3.41733
-3.41746
-3.4176
-3.41773
-3.41741
-3.41754
-3.41737
-3.41705
-3.41703
-3.41715
-3.41683
-3.41666
-3.41664
-3.41692
-3.41689
-3.41702
-3.417
-3.41668
-3.4168
-3.41693
-3.41691
-3.41689
-3.41672
-3.41686
-3.41669
-3.41682
-3.41666
-3.41695
-3.41678
-3.41692
-3.41676
-3.4166
-3.41705
-3.41735
-3.41689
-3.41704
-3.41705
-3.4172
-3.4169
-3.41691
-3.41692
-3.41679
-3.4168
-3.41652
-3.41654
-3.41641
-3.41659
-3.41632
-3.4162
-3.41623
-3.41597
-3.41601
-3.41651
-3.4161
-3.41615
-3.4162
-3.41625
-3.41585
-3.41591
-3.41582
-3.41573
-3.41595
-3.41601
-3.41623
-3.41615
-3.41637
-3.41629
-3.41621
-3.41628
-3.4165
-3.41643
-3.4165
-3.41657
-3.41649
-3.41642
-3.41664
-3.41641
-3.41648
-3.41655
-3.41677
-3.41729
-3.41735
-3.41757
-3.41778
-3.41784
-3.4176
-3.41735
-3.4174
-3.4176
-3.41765
-3.41754
-3.41744
-3.41747
-3.41751
-3.41754
-3.41803
-3.41805
-3.41808
-3.41855
-3.41872
-3.41858
-3.41875
-3.41876
-3.41876
-3.41847
-3.41862
-3.41907
-3.41891
-3.41906
-3.41875
-3.41844
-3.41873
-3.41856
-3.41839
-3.41822
-3.41805
-3.41802
-3.418
-3.41782
-3.41779
-3.41761
-3.41773
-3.41725
-3.41707
-3.41703
-3.41715
-3.41712
-3.41708
-3.41689
-3.41685
-3.41666
-3.41647
-3.41643
-3.41639
-3.41635
-3.41631
-3.41596
-3.41637
-3.41603
-3.41599
-3.41594
-3.41605
-3.416
-3.41595
-3.41591
-3.41571
-3.41581
-3.41576
-3.41602
-3.41612
-3.41637
-3.41632
-3.41642
-3.41637
-3.41616
-3.41611
-3.4159
-3.41585
-3.41564
-3.41528
-3.41522
-3.41486
-3.4148
-3.41474
-3.41483
-3.41477
-3.41471
-3.41495
-3.41473
-3.41497
-3.41506
-3.41499
-3.41492
-3.41456
-3.41419
-3.41412
-3.41405
-3.41398
-3.41361
-3.41354
-3.41347
-3.41355
-3.41333
-3.41326
-3.41334
-3.41327
-3.41274
-3.41282
-3.4123
-3.41208
-3.41186
-3.41194
-3.41187
-3.41181
-3.41189
-3.41213
-3.41176
-3.41139
-3.41163
-3.41172
-3.41196
-3.4119
-3.412
-3.41179
-3.41189
-3.41199
-3.41163
-3.41158
-3.41169
-3.41164
-3.41145
-3.41141
-3.41107
-3.41088
-3.41055
-3.41082
-3.41095
-3.41077
-3.41045
-3.41058
-3.41087
-3.41147
-3.41146
-3.41145
-3.4113
-3.4113
-3.41131
-3.41086
-3.41133
-3.41135
-3.41137
-3.41169
-3.41172
-3.41175
-3.41163
-3.41182
-3.41186
-3.4122
-3.41225
-3.4123
-3.41265
-3.41271
-3.42429
-3.4242
-3.42411
-3.42403
-3.4238
-3.42417
-3.4244
-3.42493
-3.4247
-3.42508
-3.42516
-3.42555
-3.42578
-3.42571
-3.42564
-3.42618
-3.42596
-3.4262
-3.42628
-3.42637
-3.42676
-3.42684
-3.42662
-3.4264
-3.42618
-3.42642
-3.4265
-3.42658
-3.42681
-3.42704
-3.42726
-3.42719
-3.42726
-3.42733
-3.4274
-3.42717
-3.42724
-3.42715
-3.42706
-3.42698
-3.42719
-3.42739
-3.4276
-3.42765
-3.4274
-3.4273
-3.42735
-3.42769
-3.42774
-3.42793
-3.42796
-3.42815
-3.42848
-3.42851
-3.42899
-3.42887
-3.42874
-3.42891
-3.42892
-3.42879
-3.4288
-3.42881
-3.42912
-3.42928
-3.42943
-3.42958
-3.42943
-3.42927
-3.42942
-3.42941
-3.4297
-3.42954
-3.42938
-3.42921
-3.42935
-3.42933
-3.42931
-3.42944
-3.42957
-3.42955
-3.42967
-3.4295
-3.42978
-3.42975
-3.42973
-3.42955
-3.42967
-3.4295
-3.42947
-3.42899
-3.42866
-3.42834
-3.42831
-3.42814
-3.42796
-3.42763
-3.42776
-3.42759
-3.42757
-3.42725
-3.42799
-3.42797
-3.4281
-3.42809
-3.42762
-3.42746
-3.42775
-3.42759
-3.42834
-3.42833
-3.42817
-3.42787
-3.42786
-3.42786
-3.42831
-3.42801
-3.42801
-3.42862
-3.42877
-3.42892
-3.42908
-3.42878
-3.42863
-3.42879
-3.42864
-3.42849
-3.4285
-3.4285
-3.42881
-3.42866
-3.42881
-3.42866
-3.42866
-3.42866
-3.42835
-3.4282
-3.42834
-3.42818
-3.42832
-3.42831
-3.42845
-3.42843
-3.42826
-3.4284
-3.42837
-3.4282
-3.42832
-3.4283
-3.42811
-3.42793
-3.4279
-3.42786
-3.42782
-3.42763
-3.42728
-3.42724
-3.42734
-3.4276
-3.42724
-3.42704
-3.42699
-3.42663
-3.42643
-3.42637
-3.42662
-3.42626
-3.4262
-3.42599
-3.42578
-3.42588
-3.42567
-3.42561
-3.4254
-3.4252
-3.42514
-3.42524
-3.42534
-3.42544
-3.42539
-3.42474
-3.42485
-3.42481
-3.42477
-3.42458
-3.4244
-3.42436
-3.42449
-3.42431
-3.42459
-3.42442
-3.4247
-3.42484
-3.42513
-3.42497
-3.42527
-3.42542
-3.42527
-3.42528
-3.42528
-3.42544
-3.4256
-3.42547
-3.42533
-3.42535
-3.42522
-3.42524
-3.42526
-3.42529
-3.42501
-3.42488
-3.42506
-3.42524
-3.42557
-3.4256
-3.42562
-3.4258
-3.42598
-3.426
-3.42572
-3.42575
-3.42562
-3.42579
-3.42581
-3.42567
-3.42614
-3.42586
-3.42587
-3.42573
-3.42529
-3.42545
-3.42545
-3.42516
-3.42501
-3.42517
-3.42517
-3.42532
-3.42547
-3.42532
-3.42547
-3.42562
-3.42562
-3.42577
-3.42592
-3.42591
-3.42591
-3.42606
-3.42591
-3.42591
-3.42591
-3.42576
-3.42577
-3.42562
-3.42548
-3.42579
-3.4258
-3.42581
-3.42582
-3.42584
-3.42616
-3.42633
-3.42635
-3.42637
-3.4264
-3.42658
-3.42661
-3.42649
-3.42652
-3.42655
-3.42628
-3.42617
-3.42605
-3.42594
-3.42628
-3.42617
-3.42635
-3.42609
-3.42613
-3.42616
-3.4262
-3.42623
-3.42596
-3.42585
-3.42557
-3.42575
-3.42593
-3.42611
-3.42613
-3.42615
-3.42617
-3.42634
-3.42636
-3.42697
-3.42683
-3.42684
-3.42715
-3.42731
-3.42731
-3.42716
-3.42716
-3.42686
-3.42701
-3.42716
-3.42716
-3.42701
-3.42671
-3.42641
-3.42656
-3.42671
-3.42687
-3.42657
-3.42658
-3.42689
-3.42705
-3.42707
-3.42678
-3.42665
-3.42698
-3.4267
-3.42673
-3.42646
-3.4265
-3.42653
-3.42672
-3.42692
-3.42757
-3.42761
-3.42766
-3.42755
-3.4276
-3.4278
-3.42785
-3.4279
-3.42825
-3.42829
-3.42818
-3.42837
-3.42841
-3.4286
-3.42848
-3.42851
-3.42853
-3.42855
-3.42872
-3.42858
-3.42874
-3.42874
-3.42859
-3.42858
-3.42872
-3.42871
-3.42869
-3.42852
-3.42849
-3.42831
-3.42872
-3.42884
-3.42865
-3.42875
-3.42871
-3.42866
-3.42845
-3.42825
-3.42834
-3.42844
-3.42853
-3.42862
-3.42871
-3.42895
-3.42888
-3.42897
-3.4286
-3.42854
-3.42832
-3.4281
-3.42834
-3.42812
-3.4282
-3.42783
-3.42777
-3.42785
-3.42794
-3.42757
-3.42765
-3.42774
-3.42768
-3.42746
-3.42739
-3.42733
-3.42682
-3.42721
-3.42699
-3.42708
-3.42702
-3.42711
-3.4269
-3.42685
-3.42709
-3.42703
-3.42683
-3.42692
-3.42687
-3.42697
-3.42676
-3.42671
-3.42652
-3.42662
-3.42672
-3.42668
-3.42694
-3.42659
-3.4264
-3.42651
-3.42663
-3.42674
-3.42656
-3.42683
-3.42695
-3.42722
-3.42704
-3.42702
-3.42699
-3.42682
-3.4268
-3.42663
-3.42661
-3.42659
-3.42658
-3.42642
-3.42611
-3.4261
-3.42609
-3.42639
-3.42608
-3.42608
-3.42593
-3.42532
-3.42532
-3.42533
-3.42563
-3.42549
-3.4258
-3.42565
-3.42536
-3.42522
-3.42538
-3.42524
-3.42495
-3.42527
-3.42544
-3.42545
-3.42577
-3.42594
-3.42626
-3.42627
-3.42629
-3.42586
-3.42558
-3.42545
-3.42531
-3.42533
-3.4252
-3.42507
-3.42555
-3.42527
-3.42544
-3.42546
-3.42548
-3.42535
-3.42507
-3.42509
-3.42557
-3.42499
-3.42486
-3.42442
-3.42429
-3.42432
-3.42434
-3.4242
-3.42392
-3.42409
-3.42366
-3.42368
-3.42355
-3.42357
-3.42374
-3.42345
-3.42332
-3.42333
-3.42305
-3.42337
-3.42338
-3.4234
-3.42341
-3.42343
-3.42344
-3.42361
-3.42362
-3.42363
-3.42334
-3.4235
-3.42336
-3.42337
-3.42353
-3.42369
-3.42385
-3.42371
-3.42341
-3.42342
-3.42372
-3.42388
-3.42358
-3.42358
-3.42358
-3.42328
-3.42344
-3.42328
-3.42328
-3.42328
-3.42342
-3.42342
-3.42341
-3.42371
-3.4237
-3.42369
-3.42383
-3.42337
-3.42336
-3.42304
-3.42318
-3.42347
-3.4233
-3.42329
-3.42357
-3.4234
-3.42323
-3.42321
-3.42304
-3.42227
-3.4221
-3.42192
-3.42205
-3.42233
-3.42231
-3.42229
-3.42226
-3.4227
-3.42252
-3.4225
-3.42248
-3.42216
-3.42214
-3.42197
-3.4221
-3.42208
-3.42207
-3.42145
-3.42129
-3.42143
-3.42157
-3.42157
-3.42156
-3.42156
-3.42157
-3.42157
-3.42143
-3.42144
-3.4216
-3.42162
-3.42164
-3.42182
-3.4217
-3.42203
-3.42222
-3.42241
-3.42246
-3.4222
-3.4221
-3.42216
-3.42207
-3.42213
-3.42235
-3.42243
-3.42265
-3.42288
-3.42312
-3.42351
-3.42345
-3.42369
-3.42379
-3.42389
-3.42414
-3.42424
-3.4245
-3.42476
-3.42517
-3.42558
-3.42584
-3.4261
-3.42606
-3.42618
-3.42614
-3.42625
-3.42621
-3.42646
-3.42672
-3.42683
-3.42738
-3.42718
-3.42713
-3.42723
-3.42747
-3.42741
-3.4275
-3.42728
-3.42721
-3.42729
-3.42736
-3.42728
-3.42719
-3.42725
-3.42701
-3.42721
-3.42726
-3.42701
-3.42735
-3.42739
-3.42743
-3.42746
-3.42718
-3.42751
-3.42768
-3.42755
-3.42741
-3.42742
-3.42742
-3.42727
-3.42758
-3.42757
-3.42771
-3.42755
-3.42739
-3.42737
-3.42751
-3.42763
-3.42761
-3.42758
-3.4274
-3.42737
-3.42749
-3.4273
-3.42696
-3.42692
-3.42673
-3.42729
-3.4274
-3.4275
-3.4273
-3.42725
-3.42705
-3.42714
-3.42709
-3.42688
-3.42682
-3.42677
-3.42686
-3.4268
-3.42689
-3.42667
-3.42661
-3.42655
-3.42633
-3.42627
-3.42635
-3.42614
-3.42577
-3.42555
-3.42549
-3.42542
-3.42551
-3.42544
-3.42507
-3.42471
-3.42449
-3.42428
-3.42421
-3.4243
-3.42424
-3.42418
-3.42442
-3.42436
-3.42445
-3.42439
-3.42448
-3.42443
-3.42483
-3.42477
-3.42472
-3.42497
-3.42492
-3.42457
-3.42482
-3.42493
-3.42503
-3.42484
-3.4251
-3.42491
-3.42502
-3.42513
-3.42509
-3.42491
-3.42472
-3.42469
-3.42466
-3.42478
-3.4246
-3.42472
-3.42515
-3.42558
-3.42541
-3.42554
-3.42567
-3.42565
-3.42563
-3.42561
-3.4256
-3.42513
-3.42496
-3.4251
-3.42539
-3.42553
-3.42552
-3.42596
-3.42565
-3.42579
-3.42579
-3.42578
-3.42547
-3.42562
-3.42546
-3.42531
-3.42561
-3.42576
-3.42576
-3.42621
-3.42591
-3.42606
-3.42591
-3.42592
-3.42592
-3.42608
-3.42639
-3.42625
-3.42596
-3.42582
-3.42584
-3.42585
-3.42557
-3.42559
-3.42561
-3.42549
-3.42552
-3.4257
-3.42603
-3.42577
-3.42596
-3.42585
-3.42589
-3.42579
-3.42584
-3.4259
-3.42596
-3.42632
-3.42653
-3.42645
-3.42637
-3.4266
-3.42638
-3.42631
-3.42639
-3.42663
-3.42687
-3.42697
-3.42676
-3.42686
-3.42681
-3.42692
-3.42642
-3.42638
-3.42649
-3.4266
-3.42671
-3.42728
-3.42739
-3.42705
-3.42701
-3.42712
-3.42723
-3.42764
-3.42775
-3.42786
-3.42796
-3.42806
-3.42816
-3.42825
-3.42834
-3.42843
-3.42806
-3.42829
-3.42822
-3.42814
-3.4282
-3.42841
-3.42862
-3.42867
-3.42887
-3.42846
-3.4285
-3.42823
-3.42825
-3.42782
-3.42799
-3.428
-3.428
-3.42815
-3.428
-3.42844
-3.42828
-3.42826
-3.42808
-3.42836
-3.42803
-3.42814
-3.42825
-3.42821
-3.42817
-3.42812
-3.42792
-3.42817
-3.42842
-3.42866
-3.42875
-3.42869
-3.42863
-3.42871
-3.42865
-3.42858
-3.42851
-3.42844
-3.42822
-3.4283
-3.42823
-3.42801
-3.42779
-3.42756
-3.42734
-3.42712
-3.4275
-3.42773
-3.42721
-3.42729
-3.42752
-3.427
-3.42724
-3.42747
-3.42755
-3.42749
-3.42742
-3.42735
-3.42714
-3.42737
-3.42746
-3.42709
-3.42718
-3.42696
-3.42675
-3.42653
-3.42647
-3.4264
-3.42649
-3.42657
-3.42666
-3.42675
-3.42668
-3.42662
-3.42625
-3.42618
-3.42612
-3.42575
-3.42584
-3.42592
-3.42585
-3.42564
-3.42542
-3.42535
-3.42498
-3.42507
-3.425
-3.42508
-3.42532
-3.42525
-3.42534
-3.42543
-3.42566
-3.4256
-3.42523
-3.42517
-3.42495
-3.42489
-3.42513
-3.42537
-3.42516
-3.42525
-3.42504
-3.42498
-3.42492
-3.42471
-3.4245
-3.42444
-3.42454
-3.42448
-3.42458
-3.42468
-3.42462
-3.42472
-3.42406
-3.42416
-3.4238
-3.4239
-3.4237
-3.42365
-3.42375
-3.4237
-3.42365
-3.4236
-3.4237
-3.4238
-3.4239
-3.424
-3.42411
-3.42391
-3.42371
-3.42351
-3.42347
-3.42342
-3.42323
-3.42319
-3.4233
-3.42357
-3.42338
-3.42335
-3.42332
-3.42344
-3.42387
-3.42415
-3.42443
-3.42442
-3.42456
-3.42455
-3.4247
-3.425
-3.42501
-3.42532
-3.42519
-3.42506
-3.42524
-3.42512
-3.42516
-3.4249
-3.42495
-3.425
-3.42522
-3.42514
-3.42536
-3.42529
-3.42553
-3.42593
-3.42543
-3.42553
-3.42565
-3.42607
-3.42604
-3.42601
-3.426
-3.42613
-3.42642
-3.42657
-3.42672
-3.42732
-3.42748
-3.42809
-3.42825
-3.42871
-3.42873
-3.42889
-3.42921
-3.42907
-3.42908
-3.42955
-3.42941
-3.42942
-3.24218
-3.24276
-3.24303
-3.24331
-3.24327
-3.24339
-3.2432
-3.24301
-3.24326
-3.24352
-3.24361
-3.24386
-3.2438
-3.24388
-3.24366
-3.24374
-3.24396
-3.24403
-3.24394
-3.24415
-3.24421
-3.24456
-3.24431
-3.2442
-3.24424
-3.24443
-3.24477
-3.2448
-3.24452
-3.24439
-3.24441
-3.24473
-3.24459
-3.2446
-3.24461
-3.24491
-3.24491
-3.24461
-3.24475
-3.24505
-3.24474
-3.24457
-3.24426
-3.24439
-3.24437
-3.24435
-3.24448
-3.2443
-3.24443
-3.2444
-3.24452
-3.24449
-3.24431
-3.24427
-3.24439
-3.24436
-3.24432
-3.24428
-3.2447
-3.24452
-3.24433
-3.24414
-3.2441
-3.24392
-3.24388
-3.24369
-3.24365
-3.24362
-3.24373
-3.2434
-3.24336
-3.24318
-3.2433
-3.24297
-3.24294
-3.24336
-3.24348
-3.24346
-3.24358
-3.24341
-3.24338
-3.24336
-3.24349
-3.24346
-3.24329
-3.24282
-3.2431
-3.24308
-3.24261
-3.24275
-3.24258
-3.24226
-3.24239
-3.24207
-3.24206
-3.24189
-3.24263
-3.24276
-3.24244
-3.24242
-3.24255
-3.24269
-3.24282
-3.24295
-3.24277
-3.2429
-3.24273
-3.2427
-3.24268
-3.2428
-3.24323
-3.2432
-3.24287
-3.24283
-3.2425
-3.24202
-3.24198
-3.2421
-3.24236
-3.24232
-3.24229
-3.2424
-3.24281
-3.24292
-3.24318
-3.24284
-3.24264
-3.24275
-3.24271
-3.24281
-3.24276
-3.24242
-3.24161
-3.24157
-3.24137
-3.24147
-3.24142
-3.24137
-3.24102
-3.24112
-3.24106
-3.24086
-3.24096
-3.24121
-3.24131
-3.24156
-3.24135
-3.2413
-3.2414
-3.2415
-3.24144
-3.24139
-3.24149
-3.24174
-3.24199
-3.24178
-3.24143
-3.24093
-3.24103
-3.24113
-3.24093
-3.24088
-3.24068
-3.24078
-3.24074
-3.24069
-3.24065
-3.24061
-3.24026
-3.24022
-3.24064
-3.24106
-3.24102
-3.24099
-3.24096
-3.24078
-3.24105
-3.24103
-3.241
-3.24113
-3.24081
-3.2408
-3.24063
-3.24062
-3.24076
-3.24106
-3.24136
-3.24136
-3.24151
-3.24136
-3.24137
-3.24137
-3.24138
-3.24124
-3.24126
-3.24127
-3.2416
-3.24177
-3.24194
-3.24166
-3.24184
-3.24172
-3.24144
-3.24147
-3.24151
-3.24154
-3.24203
-3.24206
-3.24164
-3.24168
-3.24141
-3.2416
-3.24149
-3.24153
-3.24126
-3.2413
-3.24088
-3.24107
-3.24111
-3.24099
-3.24088
-3.24106
-3.24124
-3.24082
-3.24115
-3.24103
-3.24091
-3.24108
-3.24126
-3.24158
-3.24175
-3.24177
-3.24148
-3.24165
-3.24166
-3.24167
-3.24122
-3.24122
-3.24138
-3.24138
-3.24153
-3.24167
-3.24182
-3.24166
-3.2415
-3.24149
-3.24132
-3.24116
-3.24129
-3.24128
-3.24126
-3.24154
-3.24167
-3.24165
-3.24163
-3.24161
-3.24189
-3.24187
-3.24139
-3.24137
-3.24104
-3.24102
-3.24099
-3.24081
-3.24154
-3.24167
-3.24179
-3.24161
-3.24158
-3.2414
-3.24137
-3.24134
-3.24116
-3.24113
-3.24109
-3.24136
-3.24117
-3.24128
-3.24094
-3.24105
-3.24101
-3.24127
-3.24122
-3.24072
-3.24097
-3.24108
-3.24102
-3.24067
-3.24092
-3.24086
-3.24081
-3.2409
-3.24084
-3.24063
-3.24057
-3.24036
-3.24015
-3.23994
-3.23988
-3.23982
-3.23961
-3.2394
-3.23919
-3.23914
-3.23908
-3.23873
-3.23898
-3.23878
-3.23859
-3.23855
-3.23866
-3.23908
-3.23904
-3.23901
-3.23914
-3.23912
-3.2388
-3.23864
-3.23803
-3.23788
-3.23788
-3.23804
-3.23806
-3.23808
-3.23825
-3.23828
-3.23817
-3.23791
-3.23751
-3.23741
-3.23762
-3.23769
-3.23806
-3.23768
-3.23761
-3.23785
-3.23764
-3.23788
-3.23813
-3.23808
-3.23834
-3.23829
-3.2384
-3.23912
-3.23954
-3.23966
-3.23962
-3.23974
-3.24001
-3.24059
-3.24101
-3.24143
-3.24154
-3.24151
-3.24162
-3.24174
-3.24185
-3.24241
-3.24236
-3.24201
-3.24196
-3.24206
-3.242
-3.24194
-3.24217
-3.24241
-3.24233
-3.24241
-3.24247
-3.24239
-3.24275
-3.24251
-3.24256
-3.24291
-3.24295
-3.24299
-3.24302
-3.2426
-3.24248
-3.24189
-3.24191
-3.24192
-3.24163
-3.24178
-3.24208
-3.24208
-3.24222
-3.2422
-3.24234
-3.24232
-3.24199
-3.24211
-3.24208
-3.24219
-3.2423
-3.24226
-3.24237
-3.24201
-3.24196
-3.24236
-3.24215
-3.24209
-3.24202
-3.24181
-3.24174
-3.24182
-3.2416
-3.24182
-3.2416
-3.24137
-3.24129
-3.24137
-3.24114
-3.24166
-3.24143
-3.24105
-3.24067
-3.24059
-3.24051
-3.24059
-3.24051
-3.24029
-3.24006
-3.24
-3.23978
-3.23987
-3.23981
-3.23975
-3.2403
-3.24056
-3.24082
-3.24093
-3.24075
-3.24088
-3.24116
-3.24115
-3.24099
-3.24039
-3.24025
-3.24041
-3.24013
-3.24016
-3.2405
-3.24025
-3.24045
-3.24066
-3.24058
-3.2405
-3.24074
-3.24067
-3.24076
-3.24071
-3.24096
-3.24092
-3.24118
-3.24084
-3.24081
-3.24092
-3.24134
-3.24131
-3.24173
-3.24185
-3.24196
-3.24193
-3.24189
-3.2423
-3.2427
-3.2428
-3.2429
-3.24298
-3.24322
-3.24345
-3.24337
-3.24329
-3.24365
-3.24371
-3.24361
-3.2435
-3.24324
-3.24327
-3.24345
-3.24347
-3.24318
-3.24319
-3.24319
-3.24274
-3.24289
-3.24258
-3.24256
-3.2427
-3.24268
-3.2422
-3.24202
-3.24169
-3.24165
-3.24177
-3.24173
-3.24123
-3.24089
-3.24084
-3.2408
-3.24044
-3.24024
-3.24004
-3.23999
-3.23993
-3.23957
-3.23982
-3.23961
-3.23971
-3.23965
-3.24004
-3.23998
-3.23993
-3.24017
-3.24041
-3.24005
-3.23984
-3.24008
-3.24017
-3.24027
-3.24021
-3.24
-3.23979
-3.23943
-3.23892
-3.23932
-3.23957
-3.23967
-3.23977
-3.23987
-3.23967
-3.23932
-3.23943
-3.23954
-3.23964
-3.23975
-3.23971
-3.23937
-3.23904
-3.2393
-3.23912
-3.23894
-3.23876
-3.23873
-3.23886
-3.23884
-3.23882
-3.23849
-3.23878
-3.23876
-3.23845
-3.23813
-3.23812
-3.23811
-3.2381
-3.23795
-3.23779
-3.23778
-3.23733
-3.23732
-3.23732
-3.23747
-3.23732
-3.23732
-3.23747
-3.23701
-3.23686
-3.23671
-3.23671
-3.23656
-3.23641
-3.23656
-3.23671
-3.23611
-3.23626
-3.23626
-3.23641
-3.23656
-3.23656
-3.23686
-3.237
-3.237
-3.23715
-3.23729
-3.23729
-3.23743
-3.23757
-3.23742
-3.23741
-3.23755
-3.23769
-3.23783
-3.23782
-3.23796
-3.23765
-3.23779
-3.23763
-3.23791
-3.23775
-3.23789
-3.23803
-3.23786
-3.23785
-3.23814
-3.23843
-3.23857
-3.23886
-3.239
-3.23884
-3.23898
-3.23897
-3.23881
-3.2388
-3.23894
-3.23924
-3.23908
-3.23907
-3.23892
-3.23907
-3.23937
-3.23952
-3.23968
-3.23983
-3.24014
-3.24
-3.24
-3.24016
-3.24033
-3.24049
-3.24036
-3.24052
-3.24084
-3.24117
-3.24134
-3.24181
-3.24183
-3.24186
-3.24188
-3.24206
-3.24193
-3.24196
-3.24199
-3.24187
-3.2422
-3.24192
-3.2415
-3.24153
-3.24156
-3.24159
-3.24161
-3.24179
-3.24167
-3.24155
-3.24187
-3.24175
-3.24162
-3.24164
-3.24167
-3.24184
-3.24141
-3.24158
-3.24175
-3.24161
-3.24133
-3.24134
-3.24136
-3.24122
-3.24108
-3.24094
-3.24095
-3.24112
-3.24098
-3.24084
-3.241
-3.24131
-3.24132
-3.24118
-3.24105
-3.24091
-3.24122
-3.24124
-3.24141
-3.24172
-3.24159
-3.24146
-3.24133
-3.2415
-3.24153
-3.24185
-3.24173
-3.24146
-3.24134
-3.24138
-3.24126
-3.24115
-3.24089
-3.24078
-3.24053
-3.24103
-3.24154
-3.24159
-3.2418
-3.2417
-3.24176
-3.24197
-3.24188
-3.24225
-3.24232
-3.24254
-3.2426
-3.24237
-3.24244
-3.24266
-3.24273
-3.2428
-3.24302
-3.24309
-3.24301
-3.24308
-3.24299
-3.24306
-3.24327
-3.24333
-3.24354
-3.24375
-3.24441
-3.24461
-3.24466
-3.245
-3.24519
-3.24523
-3.24512
-3.24515
-3.24532
-3.24534
-3.24536
-3.24553
-3.24539
-3.24494
-3.24464
-3.24449
-3.24418
-3.24432
-3.24446
-3.24429
-3.24427
-3.24485
-3.24482
-3.24464
-3.2446
-3.24426
-3.24422
-3.24448
-3.24444
-3.24439
-3.24434
-3.24459
-3.24438
-3.24432
-3.24427
-3.24421
-3.24415
-3.24409
-3.24403
-3.24397
-3.24406
-3.244
-3.24394
-3.24403
-3.24412
-3.24407
-3.24401
-3.24411
-3.24406
-3.24401
-3.24396
-3.24407
-3.24388
-3.24399
-3.24396
-3.24408
-3.2436
-3.24403
-3.24356
-3.24324
-3.24338
-3.24367
-3.24382
-3.24412
-3.24397
-3.24382
-3.24322
-3.24323
-3.24294
-3.24311
-3.24327
-3.24329
-3.24361
-3.24347
-3.24334
-3.24291
-3.24292
-3.24264
-3.24265
-3.24282
-3.24253
-3.24224
-3.2424
-3.2418
-3.2415
-3.2415
-3.2418
-3.24195
-3.24179
-3.24178
-3.24177
-3.24161
-3.24159
-3.24157
-3.24155
-3.24198
-3.24181
-3.24178
-3.24175
-3.24157
-3.2417
-3.24152
-3.24149
-3.24145
-3.24188
-3.2417
-3.24182
-3.24149
-3.24131
-3.24128
-3.2414
-3.24123
-3.24135
-3.24118
-3.24116
-3.24099
-3.24142
-3.2411
-3.24109
-3.24062
-3.24076
-3.2409
-3.24105
-3.24104
-3.24103
-3.24088
-3.24088
-3.24118
-3.24118
-3.24118
-3.24118
-3.24118
-3.24119
-3.24104
-3.24119
-3.2412
-3.2412
-3.24151
-3.24136
-3.24152
-3.24168
-3.24138
-3.24123
-3.24154
-3.24154
-3.24155
-3.2414
-3.24125
-3.24125
-3.2414
-3.2414
-3.24124
-3.24109
-3.24123
-3.24168
-3.24136
-3.24135
-3.24134
-3.24163
-3.24161
-3.24159
-3.24157
-3.2417
-3.24198
-3.24195
-3.24207
-3.24159
-3.24171
-3.24167
-3.24179
-3.2422
-3.24171
-3.24166
-3.24146
-3.24142
-3.24137
-3.24132
-3.24111
-3.24121
-3.2413
-3.24139
-3.24179
-3.24188
-3.24166
-3.24175
-3.24199
-3.24222
-3.24216
-3.24209
-3.24202
-3.24195
-3.24234
-3.24242
-3.24205
-3.24243
-3.24297
-3.2429
-3.24299
-3.24262
-3.2424
-3.24234
-3.24228
-3.24222
-3.24186
-3.2415
-3.24144
-3.24124
-3.24104
-3.24084
-3.24079
-3.2406
-3.24041
-3.24037
-3.24019
-3.23971
-3.23968
-3.23996
-3.24009
-3.24023
-3.24007
-3.24022
-3.24021
-3.24007
-3.24007
-3.24024
-3.24026
-3.24043
-3.24046
-3.24034
-3.24052
-3.24056
-3.24031
-3.24051
-3.24026
-3.24107
-3.24099
-3.2409
-3.24097
-3.24105
-3.24098
-3.24106
-3.24115
-3.24139
-3.24149
-3.24158
-3.24154
-3.24104
-3.24114
-3.2414
-3.24182
-3.24163
-3.24189
-3.24216
-3.24213
-3.24255
-3.24297
-3.24309
-3.24291
-3.24303
-3.24316
-3.24343
-3.2437
-3.24337
-3.24334
-3.24361
-3.24373
-3.2434
-3.24336
-3.24333
-3.24344
-3.24325
-3.24351
-3.24392
-3.24388
-3.23397
-3.23422
-3.23417
-3.23441
-3.2342
-3.23398
-3.23422
-3.2343
-3.23437
-3.23445
-3.23452
-3.23474
-3.23495
-3.23501
-3.23507
-3.23497
-3.23487
-3.23492
-3.23466
-3.23455
-3.23473
-3.23477
-3.23495
-3.23497
-3.235
-3.23532
-3.23548
-3.2355
-3.23581
-3.23567
-3.23567
-3.23537
-3.23522
-3.23521
-3.2352
-3.23504
-3.23458
-3.23441
-3.23469
-3.23467
-3.2348
-3.23462
-3.2349
-3.23472
-3.23438
-3.23405
-3.23416
-3.23382
-3.23393
-3.23404
-3.23384
-3.23394
-3.23389
-3.23384
-3.23378
-3.23388
-3.23351
-3.2333
-3.23339
-3.23347
-3.2334
-3.23318
-3.2328
-3.23258
-3.2325
-3.23212
-3.23174
-3.2315
-3.23096
-3.23072
-3.23018
-3.23009
-3.22999
-3.23005
-3.2301
-3.23
-3.22975
-3.2301
-3.23
-3.22974
-3.22949
-3.22983
-3.22958
-3.22947
-3.22936
-3.22895
-3.2293
-3.22934
-3.22878
-3.22883
-3.22857
-3.22831
-3.22851
-3.22826
-3.228
-3.22835
-3.22841
-3.22755
-3.22746
-3.22782
-3.22758
-3.22749
-3.22725
-3.22717
-3.22739
-3.22761
-3.22723
-3.22686
-3.22694
-3.22703
-3.22697
-3.22675
-3.227
-3.2268
-3.22705
-3.22715
-3.22726
-3.22722
-3.22719
-3.22716
-3.22728
-3.2271
-3.22708
-3.22721
-3.22734
-3.22733
-3.22717
-3.22701
-3.22715
-3.22699
-3.22684
-3.22639
-3.22654
-3.22669
-3.22655
-3.2264
-3.22656
-3.22671
-3.22672
-3.22673
-3.22719
-3.22689
-3.22675
-3.22736
-3.22722
-3.22662
-3.22633
-3.22618
-3.22604
-3.22604
-3.22605
-3.2262
-3.22621
-3.22621
-3.22621
-3.22606
-3.22606
-3.22606
-3.22576
-3.22546
-3.22591
-3.22576
-3.22591
-3.2259
-3.22605
-3.2259
-3.22559
-3.22574
-3.22589
-3.22588
-3.22588
-3.22587
-3.22602
-3.22617
-3.22617
-3.22616
-3.22601
-3.22571
-3.2257
-3.22555
-3.22555
-3.22555
-3.22554
-3.22554
-3.22569
-3.22554
-3.22539
-3.22493
-3.22508
-3.22493
-3.22478
-3.22463
-3.22432
-3.22417
-3.22447
-3.22447
-3.22462
-3.22492
-3.22477
-3.22507
-3.22567
-3.22612
-3.22581
-3.22581
-3.22595
-3.2261
-3.22595
-3.22579
-3.22579
-3.22548
-3.22532
-3.22532
-3.22547
-3.22547
-3.22532
-3.22562
-3.22547
-3.22547
-3.22548
-3.22548
-3.22564
-3.22565
-3.22566
-3.22612
-3.22614
-3.226
-3.22633
-3.22695
-3.22698
-3.22716
-3.22749
-3.22752
-3.22756
-3.2276
-3.22794
-3.22799
-3.22789
-3.22794
-3.22799
-3.2279
-3.22796
-3.22818
-3.22809
-3.22832
-3.22824
-3.22847
-3.22885
-3.22878
-3.22902
-3.22926
-3.22905
-3.229
-3.22894
-3.22904
-3.22945
-3.22955
-3.22981
-3.22992
-3.22988
-3.22999
-3.23011
-3.23037
-3.23049
-3.23046
-3.23043
-3.2304
-3.23098
-3.23096
-3.23123
-3.23151
-3.23194
-3.23222
-3.23265
-3.23263
-3.23261
-3.23335
-3.23333
-3.23361
-3.23389
-3.23386
-3.23384
-3.23382
-3.23394
-3.23377
-3.23374
-3.23371
-3.23368
-3.2338
-3.23377
-3.23388
-3.23384
-3.23395
-3.23405
-3.23401
-3.23411
-3.2342
-3.23459
-3.23468
-3.23492
-3.2347
-3.23507
-3.23545
-3.23536
-3.23542
-3.23533
-3.23553
-3.23542
-3.23531
-3.2355
-3.23568
-3.2357
-3.23557
-3.23558
-3.23589
-3.23589
-3.23588
-3.23587
-3.23585
-3.23583
-3.23535
-3.23532
-3.23513
-3.23509
-3.23534
-3.23514
-3.23478
-3.23472
-3.23465
-3.23473
-3.23496
-3.23504
-3.2348
-3.23487
-3.23508
-3.23469
-3.2349
-3.23465
-3.23455
-3.2346
-3.23435
-3.23409
-3.23429
-3.23448
-3.23422
-3.23396
-3.23384
-3.23388
-3.23422
-3.23426
-3.23369
-3.23373
-3.23346
-3.2338
-3.23338
-3.23312
-3.23285
-3.23289
-3.23293
-3.23297
-3.23301
-3.2332
-3.23339
-3.23329
-3.23318
-3.23308
-3.23313
-3.23287
-3.23278
-3.23238
-3.23213
-3.23174
-3.23105
-3.23081
-3.23088
-3.23095
-3.23147
-3.23155
-3.23163
-3.23171
-3.23194
-3.23187
-3.23196
-3.23175
-3.23184
-3.23179
-3.23189
-3.23184
-3.23179
-3.2316
-3.23155
-3.23151
-3.23133
-3.23144
-3.23111
-3.23108
-3.2309
-3.23072
-3.2307
-3.23098
-3.23065
-3.23048
-3.23062
-3.2306
-3.23044
-3.23042
-3.23026
-3.22995
-3.22994
-3.22994
-3.22993
-3.22962
-3.22932
-3.22947
-3.22962
-3.22947
-3.22932
-3.22918
-3.22903
-3.22888
-3.22919
-3.22935
-3.22906
-3.22923
-3.22924
-3.2294
-3.22972
-3.22974
-3.2293
-3.22917
-3.22919
-3.22921
-3.22923
-3.2288
-3.22837
-3.22855
-3.22857
-3.2286
-3.22847
-3.22865
-3.22853
-3.2281
-3.22813
-3.22801
-3.22804
-3.22807
-3.22809
-3.22812
-3.22815
-3.22848
-3.22851
-3.22854
-3.22826
-3.22844
-3.22847
-3.22849
-3.22866
-3.22869
-3.22886
-3.22903
-3.22889
-3.22876
-3.22892
-3.22879
-3.2288
-3.22881
-3.22866
-3.22867
-3.22867
-3.22868
-3.22868
-3.22868
-3.22867
-3.22852
-3.22866
-3.22866
-3.2288
-3.22879
-3.22908
-3.22937
-3.22935
-3.22919
-3.22902
-3.22885
-3.22883
-3.22912
-3.2291
-3.22923
-3.22936
-3.22934
-3.22932
-3.2296
-3.22957
-3.22925
-3.22938
-3.22921
-3.22919
-3.22932
-3.22945
-3.22928
-3.22926
-3.22939
-3.22922
-3.22936
-3.22949
-3.22978
-3.23006
-3.23005
-3.23004
-3.23018
-3.23032
-3.23046
-3.23016
-3.23015
-3.23014
-3.23059
-3.23059
-3.23089
-3.23089
-3.23059
-3.2306
-3.2303
-3.23015
-3.23031
-3.23063
-3.23064
-3.23065
-3.23052
-3.23053
-3.23055
-3.23042
-3.22969
-3.23002
-3.22975
-3.22962
-3.22996
-3.23014
-3.23063
-3.23052
-3.23056
-3.23031
-3.23005
-3.2304
-3.23045
-3.23065
-3.23086
-3.23122
-3.23113
-3.23104
-3.2311
-3.23131
-3.23153
-3.2316
-3.23167
-3.23144
-3.23136
-3.23174
-3.23166
-3.23174
-3.23196
-3.23219
-3.23257
-3.23265
-3.23287
-3.2331
-3.23303
-3.23325
-3.23333
-3.23325
-3.23333
-3.23355
-3.23347
-3.23369
-3.23345
-3.23337
-3.23358
-3.23364
-3.2337
-3.23361
-3.23381
-3.23387
-3.23376
-3.23381
-3.2337
-3.23359
-3.23378
-3.23352
-3.2334
-3.23343
-3.23345
-3.23348
-3.2335
-3.23336
-3.23308
-3.23294
-3.2331
-3.2331
-3.23341
-3.23356
-3.23341
-3.23355
-3.2337
-3.23369
-3.23367
-3.23366
-3.23349
-3.23332
-3.23345
-3.23327
-3.23339
-3.23336
-3.23333
-3.23329
-3.2331
-3.23291
-3.23272
-3.23283
-3.23233
-3.23183
-3.23208
-3.23218
-3.23197
-3.23207
-3.23201
-3.23195
-3.23204
-3.23167
-3.23116
-3.23109
-3.23102
-3.23065
-3.23058
-3.23051
-3.23044
-3.23037
-3.23059
-3.23082
-3.23059
-3.23037
-3.23074
-3.23082
-3.23074
-3.23081
-3.23043
-3.2302
-3.23027
-3.23019
-3.22996
-3.23003
-3.22995
-3.22957
-3.2298
-3.22957
-3.22949
-3.22941
-3.22934
-3.22911
-3.22889
-3.22882
-3.22874
-3.22898
-3.22906
-3.22869
-3.22878
-3.22871
-3.2282
-3.22814
-3.22823
-3.22802
-3.22781
-3.22806
-3.22801
-3.22796
-3.22807
-3.22802
-3.22828
-3.22854
-3.22835
-3.22802
-3.22798
-3.22765
-3.22762
-3.22774
-3.22787
-3.22784
-3.22813
-3.22841
-3.22839
-3.22899
-3.22897
-3.22836
-3.22835
-3.22789
-3.22759
-3.22774
-3.22774
-3.22774
-3.22775
-3.22746
-3.22746
-3.22748
-3.22734
-3.22735
-3.22737
-3.22739
-3.22726
-3.22774
-3.22777
-3.22794
-3.22797
-3.22801
-3.22804
-3.22853
-3.22857
-3.2283
-3.22834
-3.22824
-3.22843
-3.22848
-3.22853
-3.22827
-3.22848
-3.22838
-3.22843
-3.22849
-3.22854
-3.2286
-3.22911
-3.22902
-3.22863
-3.22899
-3.2289
-3.22882
-3.22888
-3.22879
-3.22871
-3.22877
-3.22853
-3.22829
-3.22821
-3.22827
-3.22818
-3.22825
-3.22816
-3.22838
-3.22859
-3.2285
-3.22856
-3.22877
-3.22883
-3.22919
-3.2291
-3.22931
-3.22921
-3.22926
-3.22931
-3.22921
-3.22911
-3.22916
-3.22921
-3.2294
-3.2296
-3.22933
-3.22937
-3.22956
-3.2296
-3.22979
-3.23012
-3.23
-3.23018
-3.23006
-3.22963
-3.22995
-3.22983
-3.22954
-3.22956
-3.22973
-3.22989
-3.23005
-3.23021
-3.23022
-3.23053
-3.23053
-3.23069
-3.23069
-3.23069
-3.23083
-3.23083
-3.23082
-3.23127
-3.23141
-3.23139
-3.23153
-3.23136
-3.2318
-3.23193
-3.23176
-3.23159
-3.23202
-3.232
-3.23197
-3.23225
-3.23222
-3.23219
-3.23201
-3.23198
-3.23195
-3.23177
-3.23204
-3.23201
-3.23168
-3.23165
-3.23147
-3.23144
-3.23141
-3.23169
-3.23181
-3.23179
-3.23221
-3.23219
-3.23187
-3.2317
-3.23183
-3.23151
-3.23134
-3.23133
-3.23147
-3.23161
-3.2316
-3.23144
-3.23144
-3.23144
-3.23129
-3.23114
-3.23145
-3.23191
-3.23177
-3.23133
-3.2318
-3.23196
-3.23213
-3.23215
-3.23217
-3.23264
-3.23282
-3.23284
-3.23287
-3.23289
-3.23322
-3.23339
-3.23372
-3.23314
-3.23271
-3.23259
-3.23261
-3.23278
-3.2328
-3.23237
-3.23224
-3.23211
-3.23227
-3.23229
-3.2323
-3.23216
-3.23232
-3.23233
-3.23264
-3.2325
-3.23265
-3.23266
-3.23266
-3.23281
-3.23266
-3.23251
-3.23236
-3.23221
-3.2322
-3.2325
-3.2322
-3.2322
-3.23189
-3.23143
-3.23128
-3.23143
-3.23143
-3.23158
-3.23127
-3.23097
-3.23142
-3.23127
-3.23097
-3.23112
-3.23097
-3.23097
-3.23112
-3.23127
-3.23127
-3.23096
-3.23081
-3.23096
-3.23126
-3.23126
-3.23125
-3.23109
-3.23124
-3.23108
-3.23077
-3.2306
-3.23029
-3.23012
-3.23011
-3.22994
-3.22976
-3.22974
-3.22972
-3.22954
-3.22951
-3.22948
-3.22929
-3.22941
-3.22937
-3.22948
-3.22884
-3.22925
-3.22936
-3.22916
-3.22912
-3.22907
-3.22872
-3.22882
-3.22892
-3.22902
-3.22912
-3.22847
-3.22858
-3.22853
-3.22818
-3.22844
-3.22854
-3.22865
-3.22861
-3.22858
-3.22854
-3.22881
-3.22878
-3.22876
-3.22888
-3.22871
-3.22885
-3.22884
-3.22898
-3.22928
-3.22928
-3.22973
-3.22974
-3.2296
-3.22961
-3.22947
-3.22964
-3.22966
-3.22969
-3.22971
-3.23004
-3.22977
-3.22995
-3.22998
-3.22971
-3.23005
-3.23024
-3.23042
-3.23031
-3.23034
-3.23083
-3.23086
-3.23059
-3.23062
-3.2305
-3.23053
-3.23055
-3.23058
-3.2306
-3.23062
-3.23049
-3.23096
-3.23097
-3.23083
-3.23054
-3.231
-3.231
-3.23115
-3.23131
-3.2313
-3.23145
-3.23145
-3.23159
-3.23174
-3.23188
-3.23202
-3.23186
-3.23184
-3.23183
