-0.340495 0.486349 0.275854
-0.222908 -0.0856294 0.444589
-0.318133 -0.481532 -0.250996
-0.204015 -0.476514 -0.404165
-0.218646 0.387896 0.427322
-0.152391 0.38866 0.236465
0.0786135 -0.438655 -0.0496465
0.472382 0.451917 0.0832721
0.28622 0.474405 -0.299965
0.277859 -0.226761 0.0656981
0.229265 -0.338001 0.393349
-0.477157 0.364448 0.373591
0.482675 -0.407189 0.339395
-0.356609 0.250578 -0.454827
0.367709 0.21129 0.408324
-0.423362 -0.32005 -0.440242
-0.411264 -0.234466 0.24344
-0.0535571 -0.373791 -0.468998
-0.228832 0.163867 -0.327228
-0.0117847 -0.266388 -0.304831
0.152606 0.0424361 0.414066
0.0758965 0.196856 0.165788
0.29147 0.0811074 -0.428854
0.484151 -0.420678 -0.269158
-0.439812 0.475392 -0.437816
-0.15981 0.353004 -0.33651
0.45954 0.212474 0.0174942
0.477275 -0.0373171 -0.398633
-0.21159 0.0998481 -0.0816212
-0.00748104 -0.477398 -0.286581
-0.13802 0.282207 -0.154872
0.203409 0.278744 -0.480201
0.336698 -0.147137 -0.493878
0.168302 0.242756 0.339
0.452303 0.256624 -0.332371
-0.0278193 -0.124814 0.492228
-0.496822 -0.275599 -0.137848
-0.141075 -0.493295 -0.115058
0.24964 -0.0101952 0.238228
-0.370421 0.456559 -0.0547784
-0.234848 -0.308819 -0.121152
-0.130959 -0.0756454 -0.201859
-0.143052 -0.294535 0.184518
-0.312986 -0.287235 0.0697935
0.448296 0.391416 -0.158634
0.196747 -0.312323 -0.207149
0.0746561 -0.157716 -0.164685
0.239342 -0.118387 -0.101293
-0.352091 -0.0824008 -0.0835612
-0.421295 0.1362 -0.143649
0.364032 -0.280531 0.246554
-0.432643 -0.0875242 0.118405
-0.0764591 -0.205477 -0.0647524
0.0691806 0.0632579 -0.36021
-0.00470429 0.0173548 -0.0606097
0.0543739 0.206317 -0.222496
0.134565 -0.36543 -0.401916
0.125379 -0.129277 -0.363977
0.37292 -0.0531837 0.0452506
0.305355 0.246358 -0.176452
0.352344 -0.27815 -0.309768
0.455107 0.0888926 0.191989
-0.219165 0.30441 0.0175577
-0.189522 -0.10778 0.0733496
0.383025 0.389654 -0.444004
0.117647 0.44009 -0.433044
-0.334074 0.124049 0.095165
0.0469377 0.243132 -0.0285935
0.299305 -0.0929965 -0.280098
0.460532 -0.0678701 -0.143451
0.120417 0.396097 -0.19469
0.25731 0.400977 -0.009256
-0.367728 -0.214356 -0.253511
-0.25173 -0.285823 0.411435
0.139978 -0.157944 0.334134
-0.2561 -0.474271 0.0903437
-0.0491214 0.402824 0.0525869
0.377735 -0.423336 -0.0847546
-0.134389 -0.459976 0.359442
-0.0373563 -0.10791 0.204122
0.0417425 -0.435414 0.176671
0.476717 -0.303187 0.0628222
0.0565787 0.466669 0.379285
-0.396296 0.304324 0.203273
-0.458822 -0.136565 0.422823
-0.157216 0.129251 0.464381
-0.374196 0.303352 -0.260955
-0.336095 -0.0179296 -0.29074
0.0926425 -0.259178 0.0368452
-0.207704 0.206457 0.269474
-0.200414 -0.210244 -0.38627
-0.347654 0.0381867 -0.487713
-0.0634912 -0.257912 0.35658
0.198436 0.387892 0.178418
0.138509 -0.0700792 0.0757944
0.238401 0.181026 0.0243508
0.335746 0.256501 0.223494
0.397158 0.0128199 0.389736
0.295784 0.433738 0.355504
-0.40711 0.176921 0.373026
-0.306174 0.0161585 0.270091
-0.125063 0.142132 0.0968595
-0.00668255 0.231355 -0.442488
-0.135695 -0.0207252 -0.390058
-0.0171299 0.0716364 0.308986
0.310224 -0.42785 0.135312
-0.0245474 0.264289 0.367754
0.374326 -0.38993 -0.489251
