-6.36314
-6.35821
-6.34963
-6.33657
-6.31791
-6.29244
-6.2609
-6.21894
-6.16874
-6.10817
-6.03806
-5.95872
-5.87217
-5.78065
-5.69204
-5.6101
-5.5398
-5.48452
-5.44731
-5.42797
-5.42331
-5.43259
-5.44949
-5.47313
-5.49918
-5.52628
-5.55119
-5.57537
-5.59431
-5.6109
-5.62379
-5.63241
-5.63784
-5.6409
-5.64172
-5.6383
-5.63086
-5.62124
-5.60959
-5.59621
-5.58313
-5.57168
-5.56177
-5.55618
-5.55423
-5.55552
-5.56287
-5.57148
-5.58186
-5.59263
-5.6025
-5.61035
-5.61557
-5.61707
-5.61602
-5.61379
-5.61034
-5.60536
-5.60131
-5.59848
-5.59752
-5.59793
-5.60026
-5.60358
-5.60721
-5.61106
-5.61448
-5.61726
-5.61953
-5.61998
-5.61854
-5.61566
-5.61143
-5.60517
-5.59708
-5.58902
-5.58084
-5.57329
-5.56837
-5.56452
-5.56258
-5.56103
-5.55978
-5.5588
-5.55758
-5.55633
-5.55295
-5.54887
-5.54489
-5.53935
-5.5339
-5.52956
-5.52749
-5.52781
-5.53114
-5.53581
-5.54112
-5.54733
-5.55431
-5.56019
-5.56417
-5.56733
-5.56789
-5.5667
-5.56269
-5.55694
-5.54917
-5.54192
-5.53487
-5.5299
-5.52527
-5.52362
-5.52407
-5.52551
-5.52682
-5.53082
-5.53541
-5.54134
-5.54655
-5.55182
-5.55624
-5.55977
-5.56121
-5.56082
-5.55918
-5.55648
-5.55593
-5.55743
-5.56322
-5.57244
-5.58483
-5.59833
-5.61012
-5.62244
-5.62977
-5.63513
-5.63756
-5.63751
-5.6366
-5.63541
-5.63437
-5.63401
-5.63352
-5.63221
-5.63058
-5.62778
-5.62362
-5.61756
-5.6102
-5.60288
-5.59599
-5.59129
-5.58681
-5.58358
-5.58236
-5.58138
-5.5801
-5.57862
-5.57725
-5.57597
-5.57587
-5.57719
-5.5787
-5.58286
-5.58854
-5.59556
-5.60363
-5.61102
-5.61579
-5.6184
-5.61845
-5.6145
-5.60715
-5.59809
-5.58712
-5.57805
-5.57045
-5.56537
-5.56078
-5.5571
-5.55325
-5.55046
-5.54771
-5.54615
-5.54791
-5.55218
-5.55916
-5.56808
-5.57673
-5.58439
-5.59019
-5.59255
-5.59398
-5.59243
-5.58895
-5.58488
-5.57985
-5.57458
-5.57135
-5.56576
-5.56091
-5.55584
-5.55283
-5.5513
-5.55233
-5.55705
-5.56474
-5.57498
-5.58728
-5.60192
-5.61502
-5.62578
-5.63361
-5.63869
-5.63977
-5.63756
-5.63285
-5.62488
-5.61479
-5.60439
-5.59378
-5.58259
-5.57345
-5.56714
-5.56255
-5.55898
-5.55745
-5.55715
-5.55734
-5.55737
-5.55842
-5.55909
-5.5603
-5.56171
-5.56511
-5.56783
-5.57103
-5.57362
-5.57519
-5.5753
-5.57446
-5.57264
-5.56987
-5.5668
-5.56474
-5.56389
-5.56293
-5.56368
-5.56587
-5.5684
-5.57123
-5.57423
-5.57585
-5.57682
-5.57583
-5.57422
-5.57229
-5.56962
-5.56694
-5.56439
-5.56173
-5.55908
-5.5569
-5.55448
-5.55067
-5.5478
-5.54546
-5.5432
-5.5412
-5.53893
-5.5379
-5.53836
-5.53922
-5.5421
-5.54572
-5.54876
-5.55406
-5.5605
-5.56708
-5.57322
-5.57733
-5.58089
-5.58307
-5.58461
-5.58623
-5.5868
-5.58684
-5.5864
-5.58665
-5.58861
-5.59223
-5.59676
-5.60218
-5.60831
-5.61318
-5.61652
-5.61766
-5.61734
-5.61356
-5.60725
-5.59744
-5.5843
-5.56895
-5.55203
-5.53613
-5.5227
-5.51417
-5.51091
-5.51378
-5.52132
-5.52974
-5.53997
-5.54734
-5.55134
-5.55222
-5.55028
-5.54332
-5.53457
-5.52468
-5.51509
-5.50692
-5.50038
-5.49663
-5.49657
-5.49903
-5.50216
-5.50676
-5.51249
-5.5186
-5.5235
-5.52895
-5.53356
-5.53661
-5.53823
-5.5397
-5.54091
-5.54072
-5.54154
-5.54045
-5.53746
-5.53234
-5.5251
-5.51671
-5.50728
-5.49785
-5.48877
-5.48309
-5.48031
-5.48097
-5.48527
-5.49241
-5.50054
-5.50878
-5.51821
-5.52467
-5.52818
-5.52934
-5.52983
-5.52884
-5.5269
-5.52426
-5.52163
-5.52151
-5.52332
-5.527
-5.5316
-5.53936
-5.54845
-5.55899
-5.57065
-5.5831
-5.59563
-5.60749
-5.61761
-5.62611
-5.63147
-5.63324
-5.63367
-5.63122
-5.62647
-5.62003
-5.61325
-5.6053
-5.59787
-5.59062
-5.58473
-5.57883
-5.57372
-5.56749
-5.56112
-5.55407
-5.54812
-5.54273
-5.5383
-5.53258
-5.52826
-5.52305
-5.51853
-5.5126
-5.50739
-5.50378
-5.50009
-5.49905
-5.5002
-5.50402
-5.50996
-5.51682
-5.5253
-5.53375
-5.54421
-5.55548
-5.56719
-5.58007
-5.59398
-5.60755
-5.6223
-5.63514
-5.64676
-5.65482
-5.65983
-5.66178
-5.66156
-5.65815
-5.65324
-5.64774
-5.64016
-5.6301
-5.61808
-5.6042
-5.58803
-5.57017
-5.54996
-5.52991
-5.51191
-5.4979
-5.48802
-5.4852
-5.48819
-5.49619
-5.50803
-5.52139
-5.53552
-5.54887
-5.55934
-5.56761
-5.57412
-5.57681
-5.5789
-5.57871
-5.57727
-5.57565
-5.57273
-5.57084
-5.57015
-5.56919
-5.56795
-5.5669
-5.565
-5.56215
-5.55874
-5.55343
-5.54787
-5.54075
-5.53485
-5.52673
-5.51867
-5.51133
-5.50349
-5.49538
-5.48822
-5.485
-5.48271
-5.48445
-5.48768
-5.49292
-5.49899
-5.50725
-5.51525
-5.5231
-5.52962
-5.53873
-5.54692
-5.55482
-5.56215
-5.56842
-5.57349
-5.57682
-5.57822
-5.57787
-5.57476
-5.57057
-5.5639
-5.5552
-5.54481
-5.53215
-5.51853
-5.50381
-5.49017
-5.47782
-5.46696
-5.45924
-5.45342
-5.45139
-5.45137
-5.45481
-5.46081
-5.46935
-5.47932
-5.48959
-5.49979
-5.51007
-5.51825
-5.52618
-5.53185
-5.53548
-5.53604
-5.5355
-5.53338
-5.52923
-5.52406
-5.51711
-5.50935
-5.5001
-5.49244
-5.48574
-5.48145
-5.47851
-5.47911
-5.48086
-5.48457
-5.48916
-5.49525
-5.50117
-5.5066
-5.51162
-5.51463
-5.51568
-5.51445
-5.51097
-5.50611
-5.50087
-5.49554
-5.49006
-5.48686
-5.48471
-5.48593
-5.48785
-5.49159
-5.49728
-5.50327
-5.50793
-5.51225
-5.51768
-5.52272
-5.52894
-5.53427
-5.53952
-5.54473
-5.54952
-5.55227
-5.55336
-5.55346
-5.55132
-5.54895
-5.54626
-5.54261
-5.5401
-5.53683
-5.5337
-5.52896
-5.52578
-5.52142
-5.51557
-5.5088
-5.50206
-5.49472
-5.48635
-5.47782
-5.46906
-5.46014
-5.45273
-5.44625
-5.43925
-5.43391
-5.42902
-5.42382
-5.41931
-5.41719
-5.41541
-5.41564
-5.4163
-5.41651
-5.41869
-5.41977
-5.42188
-5.42478
-5.42914
-5.43297
-5.43749
-5.44184
-5.4456
-5.45011
-5.45513
-5.46062
-5.46788
-5.47632
-5.48658
-5.49868
-5.51014
-5.52108
-5.52897
-5.53477
-5.53777
-5.53867
-5.53618
-5.53065
-5.52297
-5.51323
-5.50326
-5.49251
-5.48213
-5.47206
-5.46438
-5.45769
-5.45394
-5.45223
-5.45228
-5.4537
-5.45534
-5.45855
-5.46247
-5.4669
-5.47126
-5.47541
-5.48098
-5.48584
-5.49189
-5.49753
-5.50365
-5.50882
-5.51287
-5.51507
-5.51496
-5.51254
-5.50871
-5.50228
-5.49601
-5.48878
-5.4814
-5.47543
-5.46933
-5.46548
-5.46344
-5.46223
-5.46045
-5.45785
-5.45555
-5.45265
-5.44911
-5.44434
-5.4393
-5.43468
-5.42975
-5.42635
-5.42401
-5.42338
-5.42419
-5.42586
-5.42937
-5.43374
-5.43883
-5.44462
-5.4519
-5.46053
-5.46843
-5.47621
-5.48329
-5.48958
-5.49489
-5.50135
-5.5051
-5.50942
-5.51498
-5.52142
-5.52839
-5.53558
-5.54244
-5.55014
-5.55471
-5.55769
-5.55848
-5.55723
-5.55444
-5.55249
-5.55058
-5.5491
-5.54917
-5.55192
-5.55597
-5.56203
-5.56857
-5.57586
-5.58359
-5.58892
-5.59472
-5.59964
-5.60306
-5.60474
-5.60386
-5.60129
-5.59449
-5.58531
-5.57473
-5.56256
-5.55102
-5.54114
-5.53287
-5.52724
-5.52437
-5.5235
-5.52464
-5.52712
-5.52953
-5.53297
-5.53622
-5.5398
-5.54259
-5.54408
-5.5444
-5.5437
-5.54324
-5.54271
-5.54323
-5.54466
-5.54755
-5.55083
-5.55476
-5.55907
-5.56346
-5.56653
-5.56994
-5.57367
-5.57656
-5.58062
-5.58476
-5.59036
-5.59564
-5.60091
-5.60575
-5.60952
-5.61184
-5.61201
-5.61002
-5.60471
-5.59717
-5.58746
-5.57605
-5.56427
-5.55193
-5.54281
-5.53533
-5.53173
-5.53047
-5.53089
-5.5319
-5.53361
-5.5354
-5.53726
-5.53899
-5.54148
-5.54467
-5.5471
-5.55102
-5.5557
-5.56044
-5.5666
-5.57215
-5.57619
-5.5781
-5.57588
-5.57049
-5.56189
-5.55049
-5.53884
-5.52891
-5.52139
-5.51791
-5.51889
-5.52254
-5.52801
-5.53487
-5.54221
-5.55142
-5.56112
-5.57155
-5.5814
-5.58984
-5.5959
-5.59936
-5.59991
-5.59835
-5.59285
-5.58602
-5.57906
-5.57073
-5.56126
-5.55081
-5.53848
-5.52528
-5.51326
-5.50101
-5.49164
-5.48714
-5.48803
-5.49401
-5.50462
-5.51744
-5.53233
-5.54642
-5.55955
-5.5706
-5.57825
-5.58266
-5.5846
-5.58292
-5.58019
-5.57559
-5.57078
-5.56599
-5.56165
-5.55791
-5.55463
-5.55117
-5.54761
-5.5449
-5.54247
-5.54074
-5.54079
-5.54152
-5.54431
-5.54861
-5.55295
-5.55837
-5.56496
-5.57118
-5.57768
-5.58482
-5.59298
-5.59943
-5.6041
-5.60723
-5.60807
-5.60684
-5.60256
-5.59624
-5.58769
-5.57509
-5.56139
-5.54634
-5.53068
-5.51498
-5.49845
-5.48469
-5.47353
-5.46754
-5.46705
-5.47099
-5.48111
-5.49352
-5.50776
-5.5216
-5.53366
-5.54267
-5.54756
-5.55056
-5.55133
-5.54937
-5.54699
-5.54413
-5.54077
-5.5383
-5.53496
-5.5314
-5.52743
-5.52255
-5.51628
-5.51003
-5.50286
-5.49532
-5.48909
-5.48535
-5.48509
-5.48943
-5.49745
-5.51013
-5.52451
-5.53984
-5.55313
-5.56497
-5.57195
-5.57529
-5.57556
-5.5723
-5.56637
-5.55924
-5.55131
-5.54372
-5.53741
-5.53451
-5.53363
-5.53502
-5.54056
-5.54828
-5.55721
-5.56594
-5.57316
-5.5796
-5.58454
-5.58721
-5.5881
-5.58684
-5.58494
-5.58204
-5.5797
-5.5777
-5.57545
-5.57444
-5.57415
-5.57316
-5.57136
-5.56972
-5.56897
-5.56844
-5.5707
-5.57537
-5.5804
-5.58558
-5.59089
-5.59542
-5.59972
-5.6019
-5.60248
-5.60234
-5.60125
-5.59751
-5.59262
-5.58682
-5.57841
-5.56931
-5.55888
-5.54775
-5.53605
-5.52268
-5.5083
-5.49357
-5.47809
-5.46388
-5.45133
-5.44238
-5.43613
-5.43414
-5.43707
-5.44225
-5.45193
-5.46358
-5.47792
-5.49164
-5.50563
-5.51828
-5.52773
-5.53461
-5.53809
-5.54029
-5.53964
-5.53785
-5.53728
-5.538
-5.54323
-5.55157
-5.56163
-5.57278
-5.58278
-5.58957
-5.59377
-5.59594
-5.59538
-5.59417
-5.59193
-5.58912
-5.58565
-5.58078
-5.57472
-5.56545
-5.55453
-5.54184
-5.52781
-5.51359
-5.50016
-5.48854
-5.4803
-6.36314
-6.35821
-6.34963
-6.33657
-6.31791
-6.29244
-6.2609
-6.21894
-6.16874
-6.10817
-6.03806
-5.95872
-5.87217
-5.78065
-5.69204
-5.6101
-5.5398
-5.48452
-5.44731
-5.42797
-5.42331
-5.43259
-5.44949
-5.47313
-5.49918
-5.52628
-5.55119
-5.57537
-5.59431
-5.6109
-5.62379
-5.63241
-5.63784
-5.6409
-5.64172
-5.6383
-5.63086
-5.62124
-5.60959
-5.59621
-5.58313
-5.57168
-5.56177
-5.55618
-5.55423
-5.55552
-5.56287
-5.57148
-5.58186
-5.59263
-5.6025
-5.61035
-5.61557
-5.61707
-5.61602
-5.61379
-5.61034
-5.60536
-5.60131
-5.59848
-5.59752
-5.59793
-5.60026
-5.60358
-5.60721
-5.61106
-5.61448
-5.61726
-5.61953
-5.61998
-5.61854
-5.61566
-5.61143
-5.60517
-5.59708
-5.58902
-5.58084
-5.57329
-5.56837
-5.56452
-5.56258
-5.56103
-5.55978
-5.5588
-5.55758
-5.55633
-5.55295
-5.54887
-5.54489
-5.53935
-5.5339
-5.52956
-5.52749
-5.52781
-5.53114
-5.53581
-5.54112
-5.54733
-5.55431
-5.56019
-5.56417
-5.56733
-5.56789
-5.5667
-5.56269
-5.55694
-5.54917
-5.54192
-5.53487
-5.5299
-5.52527
-5.52362
-5.52407
-5.52551
-5.52682
-5.53082
-5.53541
-5.54134
-5.54655
-5.55182
-5.55624
-5.55977
-5.56121
-5.56082
-5.55918
-5.55648
-5.55593
-5.55743
-5.56322
-5.57244
-5.58483
-5.59833
-5.61012
-5.62244
-5.62977
-5.63513
-5.63756
-5.63751
-5.6366
-5.63541
-5.63437
-5.63401
-5.63352
-5.63221
-5.63058
-5.62778
-5.62362
-5.61756
-5.6102
-5.60288
-5.59599
-5.59129
-5.58681
-5.58358
-5.58236
-5.58138
-5.5801
-5.57862
-5.57725
-5.57597
-5.57587
-5.57719
-5.5787
-5.58286
-5.58854
-5.59556
-5.60363
-5.61102
-5.61579
-5.6184
-5.61845
-5.6145
-5.60715
-5.59809
-5.58712
-5.57805
-5.57045
-5.56537
-5.56078
-5.5571
-5.55325
-5.55046
-5.54771
-5.54615
-5.54791
-5.55218
-5.55916
-5.56808
-5.57673
-5.58439
-5.59019
-5.59255
-5.59398
-5.59243
-5.58895
-5.58488
-5.57985
-5.57458
-5.57135
-5.56576
-5.56091
-5.55584
-5.55283
-5.5513
-5.55233
-5.55705
-5.56474
-5.57498
-5.58728
-5.60192
-5.61502
-5.62578
-5.63361
-5.63869
-5.63977
-5.63756
-5.63285
-5.62488
-5.61479
-5.60439
-5.59378
-5.58259
-5.57345
-5.56714
-5.56255
-5.55898
-5.55745
-5.55715
-5.55734
-5.55737
-5.55842
-5.55909
-5.5603
-5.56171
-5.56511
-5.56783
-5.57103
-5.57362
-5.57519
-5.5753
-5.57446
-5.57264
-5.56987
-5.5668
-5.56474
-5.56389
-5.56293
-5.56368
-5.56587
-5.5684
-5.57123
-5.57423
-5.57585
-5.57682
-5.57583
-5.57422
-5.57229
-5.56962
-5.56694
-5.56439
-5.56173
-5.55908
-5.5569
-5.55448
-5.55067
-5.5478
-5.54546
-5.5432
-5.5412
-5.53893
-5.5379
-5.53836
-5.53922
-5.5421
-5.54572
-5.54876
-5.55406
-5.5605
-5.56708
-5.57322
-5.57733
-5.58089
-5.58307
-5.58461
-5.58623
-5.5868
-5.58684
-5.5864
-5.58665
-5.58861
-5.59223
-5.59676
-5.60218
-5.60831
-5.61318
-5.61652
-5.61766
-5.61734
-5.61356
-5.60725
-5.59744
-5.5843
-5.56895
-5.55203
-5.53613
-5.5227
-5.51417
-5.51091
-5.51378
-5.52132
-5.52974
-5.53997
-5.54734
-5.55134
-5.55222
-5.55028
-5.54332
-5.53457
-5.52468
-5.51509
-5.50692
-5.50038
-5.49663
-5.49657
-5.49903
-5.50216
-5.50676
-5.51249
-5.5186
-5.5235
-5.52895
-5.53356
-5.53661
-5.53823
-5.5397
-5.54091
-5.54072
-5.54154
-5.54045
-5.53746
-5.53234
-5.5251
-5.51671
-5.50728
-5.49785
-5.48877
-5.48309
-5.48031
-5.48097
-5.48527
-5.49241
-5.50054
-5.50878
-5.51821
-5.52467
-5.52818
-5.52934
-5.52983
-5.52884
-5.5269
-5.52426
-5.52163
-5.52151
-5.52332
-5.527
-5.5316
-5.53936
-5.54845
-5.55899
-5.57065
-5.5831
-5.59563
-5.60749
-5.61761
-5.62611
-5.63147
-5.63324
-5.63367
-5.63122
-5.62647
-5.62003
-5.61325
-5.6053
-5.59787
-5.59062
-5.58473
-5.57883
-5.57372
-5.56749
-5.56112
-5.55407
-5.54812
-5.54273
-5.5383
-5.53258
-5.52826
-5.52305
-5.51853
-5.5126
-5.50739
-5.50378
-5.50009
-5.49905
-5.5002
-5.50402
-5.50996
-5.51682
-5.5253
-5.53375
-5.54421
-5.55548
-5.56719
-5.58007
-5.59398
-5.60755
-5.6223
-5.63514
-5.64676
-5.65482
-5.65983
-5.66178
-5.66156
-5.65815
-5.65324
-5.64774
-5.64016
-5.6301
-5.61808
-5.6042
-5.58803
-5.57017
-5.54996
-5.52991
-5.51191
-5.4979
-5.48802
-5.4852
-5.48819
-5.49619
-5.50803
-5.52139
-5.53552
-5.54887
-5.55934
-5.56761
-5.57412
-5.57681
-5.5789
-5.57871
-5.57727
-5.57565
-5.57273
-5.57084
-5.57015
-5.56919
-5.56795
-5.5669
-5.565
-5.56215
-5.55874
-5.55343
-5.54787
-5.54075
-5.53485
-5.52673
-5.51867
-5.51133
-5.50349
-5.49538
-5.48822
-5.485
-5.48271
-5.48445
-5.48768
-5.49292
-5.49899
-5.50725
-5.51525
-5.5231
-5.52962
-5.53873
-5.54692
-5.55482
-5.56215
-5.56842
-5.57349
-5.57682
-5.57822
-5.57787
-5.57476
-5.57057
-5.5639
-5.5552
-5.54481
-5.53215
-5.51853
-5.50381
-5.49017
-5.47782
-5.46696
-5.45924
-5.45342
-5.45139
-5.45137
-5.45481
-5.46081
-5.46935
-5.47932
-5.48959
-5.49979
-5.51007
-5.51825
-5.52618
-5.53185
-5.53548
-5.53604
-5.5355
-5.53338
-5.52923
-5.52406
-5.51711
-5.50935
-5.5001
-5.49244
-5.48574
-5.48145
-5.47851
-5.47911
-5.48086
-5.48457
-5.48916
-5.49525
-5.50117
-5.5066
-5.51162
-5.51463
-5.51568
-5.51445
-5.51097
-5.50611
-5.50087
-5.49554
-5.49006
-5.48686
-5.48471
-5.48593
-5.48785
-5.49159
-5.49728
-5.50327
-5.50793
-5.51225
-5.51768
-5.52272
-5.52894
-5.53427
-5.53952
-5.54473
-5.54952
-5.55227
-5.55336
-5.55346
-5.55132
-5.54895
-5.54626
-5.54261
-5.5401
-5.53683
-5.5337
-5.52896
-5.52578
-5.52142
-5.51557
-5.5088
-5.50206
-5.49472
-5.48635
-5.47782
-5.46906
-5.46014
-5.45273
-5.44625
-5.43925
-5.43391
-5.42902
-5.42382
-5.41931
-5.41719
-5.41541
-5.41564
-5.4163
-5.41651
-5.41869
-5.41977
-5.42188
-5.42478
-5.42914
-5.43297
-5.43749
-5.44184
-5.4456
-5.45011
-5.45513
-5.46062
-5.46788
-5.47632
-5.48658
-5.49868
-5.51014
-5.52108
-5.52897
-5.53477
-5.53777
-5.53867
-5.53618
-5.53065
-5.52297
-5.51323
-5.50326
-5.49251
-5.48213
-5.47206
-5.46438
-5.45769
-5.45394
-5.45223
-5.45228
-5.4537
-5.45534
-5.45855
-5.46247
-5.4669
-5.47126
-5.47541
-5.48098
-5.48584
-5.49189
-5.49753
-5.50365
-5.50882
-5.51287
-5.51507
-5.51496
-5.51254
-5.50871
-5.50228
-5.49601
-5.48878
-5.4814
-5.47543
-5.46933
-5.46548
-5.46344
-5.46223
-5.46045
-5.45785
-5.45555
-5.45265
-5.44911
-5.44434
-5.4393
-5.43468
-5.42975
-5.42635
-5.42401
-5.42338
-5.42419
-5.42586
-5.42937
-5.43374
-5.43883
-5.44462
-5.4519
-5.46053
-5.46843
-5.47621
-5.48329
-5.48958
-5.49489
-5.50135
-5.5051
-5.50942
-5.51498
-5.52142
-5.52839
-5.53558
-5.54244
-5.55014
-5.55471
-5.55769
-5.55848
-5.55723
-5.55444
-5.55249
-5.55058
-5.5491
-5.54917
-5.55192
-5.55597
-5.56203
-5.56857
-5.57586
-5.58359
-5.58892
-5.59472
-5.59964
-5.60306
-5.60474
-5.60386
-5.60129
-5.59449
-5.58531
-5.57473
-5.56256
-5.55102
-5.54114
-5.53287
-5.52724
-5.52437
-5.5235
-5.52464
-5.52712
-5.52953
-5.53297
-5.53622
-5.5398
-5.54259
-5.54408
-5.5444
-5.5437
-5.54324
-5.54271
-5.54323
-5.54466
-5.54755
-5.55083
-5.55476
-5.55907
-5.56346
-5.56653
-5.56994
-5.57367
-5.57656
-5.58062
-5.58476
-5.59036
-5.59564
-5.60091
-5.60575
-5.60952
-5.61184
-5.61201
-5.61002
-5.60471
-5.59717
-5.58746
-5.57605
-5.56427
-5.55193
-5.54281
-5.53533
-5.53173
-5.53047
-5.53089
-5.5319
-5.53361
-5.5354
-5.53726
-5.53899
-5.54148
-5.54467
-5.5471
-5.55102
-5.5557
-5.56044
-5.5666
-5.57215
-5.57619
-5.5781
-5.57588
-5.57049
-5.56189
-5.55049
-5.53884
-5.52891
-5.52139
-5.51791
-5.51889
-5.52254
-5.52801
-5.53487
-5.54221
-5.55142
-5.56112
-5.57155
-5.5814
-5.58984
-5.5959
-5.59936
-5.59991
-5.59835
-5.59285
-5.58602
-5.57906
-5.57073
-5.56126
-5.55081
-5.53848
-5.52528
-5.51326
-5.50101
-5.49164
-5.48714
-5.48803
-5.49401
-5.50462
-5.51744
-5.53233
-5.54642
-5.55955
-5.5706
-5.57825
-5.58266
-5.5846
-5.58292
-5.58019
-5.57559
-5.57078
-5.56599
-5.56165
-5.55791
-5.55463
-5.55117
-5.54761
-5.5449
-5.54247
-5.54074
-5.54079
-5.54152
-5.54431
-5.54861
-5.55295
-5.55837
-5.56496
-5.57118
-5.57768
-5.58482
-5.59298
-5.59943
-5.6041
-5.60723
-5.60807
-5.60684
-5.60256
-5.59624
-5.58769
-5.57509
-5.56139
-5.54634
-5.53068
-5.51498
-5.49845
-5.48469
-5.47353
-5.46754
-5.46705
-5.47099
-5.48111
-5.49352
-5.50776
-5.5216
-5.53366
-5.54267
-5.54756
-5.55056
-5.55133
-5.54937
-5.54699
-5.54413
-5.54077
-5.5383
-5.53496
-5.5314
-5.52743
-5.52255
-5.51628
-5.51003
-5.50286
-5.49532
-5.48909
-5.48535
-5.48509
-5.48943
-5.49745
-5.51013
-5.52451
-5.53984
-5.55313
-5.56497
-5.57195
-5.57529
-5.57556
-5.5723
-5.56637
-5.55924
-5.55131
-5.54372
-5.53741
-5.53451
-5.53363
-5.53502
-5.54056
-5.54828
-5.55721
-5.56594
-5.57316
-5.5796
-5.58454
-5.58721
-5.5881
-5.58684
-5.58494
-5.58204
-5.5797
-5.5777
-5.57545
-5.57444
-5.57415
-5.57316
-5.57136
-5.56972
-5.56897
-5.56844
-5.5707
-5.57537
-5.5804
-5.58558
-5.59089
-5.59542
-5.59972
-5.6019
-5.60248
-5.60234
-5.60125
-5.59751
-5.59262
-5.58682
-5.57841
-5.56931
-5.55888
-5.54775
-5.53605
-5.52268
-5.5083
-5.49357
-5.47809
-5.46388
-5.45133
-5.44238
-5.43613
-5.43414
-5.43707
-5.44225
-5.45193
-5.46358
-5.47792
-5.49164
-5.50563
-5.51828
-5.52773
-5.53461
-5.53809
-5.54029
-5.53964
-5.53785
-5.53728
-5.538
-5.54323
-5.55157
-5.56163
-5.57278
-5.58278
-5.58957
-5.59377
-5.59594
-5.59538
-5.59417
-5.59193
-5.58912
-5.58565
-5.58078
-5.57472
-5.56545
-5.55453
-5.54184
-5.52781
-5.51359
-5.50016
-5.48854
-5.4803
