-5.47879
-5.4775
-5.47615
-5.47488
-5.47341
-5.47232
-5.47103
-5.46952
-5.46794
-5.46631
-5.46475
-5.46284
-5.461
-5.45881
-5.45669
-5.45466
-5.45256
-5.4504
-5.44832
-5.44602
-5.44335
-5.44076
-5.43811
-5.43553
-5.43274
-5.43033
-5.42756
-5.42472
-5.4218
-5.41882
-5.41548
-5.41206
-5.40873
-5.40519
-5.40173
-5.39851
-5.39508
-5.39189
-5.38819
-5.38443
-5.38061
-5.37673
-5.37266
-5.36883
-5.36495
-5.36117
-5.35719
-5.35332
-5.34926
-5.34515
-5.34101
-5.33714
-5.33293
-5.32854
-5.32442
-5.32044
-5.31613
-5.31195
-5.30746
-5.3031
-5.29859
-5.29392
-5.2894
-5.28503
-5.28036
-5.27646
-5.27227
-5.2681
-5.26379
-5.25966
-5.25495
-5.25103
-5.24668
-5.24238
-5.23826
-5.23403
-5.23
-5.22617
-5.22254
-5.21897
-5.21515
-5.21138
-5.20753
-5.20374
-5.20001
-5.19619
-5.1929
-5.18937
-5.18606
-5.18282
-5.17979
-5.17699
-5.17396
-5.17115
-5.16826
-5.16574
-5.16269
-5.16031
-5.15799
-5.1556
-5.15312
-5.1507
-5.14835
-5.14606
-5.14384
-5.14152
-5.13926
-5.13706
-5.13492
-5.13252
-5.13079
-5.12896
-5.12703
-5.12545
-5.12407
-5.12259
-5.12116
-5.11947
-5.11813
-5.11669
-5.11514
-5.11394
-5.11248
-5.11106
-5.10984
-5.10912
-5.10783
-5.10675
-5.1057
-5.10456
-5.10345
-5.10285
-5.10199
-5.10133
-5.10102
-5.10016
-5.0995
-5.09904
-5.09803
-5.09722
-5.09692
-5.09667
-5.09648
-5.0962
-5.09582
-5.09549
-5.09538
-5.09533
-5.09534
-5.09526
-5.09523
-5.09558
-5.09553
-5.09599
-5.09682
-5.09742
-5.09792
-5.09863
-5.09926
-5.09979
-5.10053
-5.10149
-5.10204
-5.10266
-5.10363
-5.1045
-5.10573
-5.10686
-5.10819
-5.10912
-5.11054
-5.11216
-5.11351
-5.11491
-5.11619
-5.1175
-5.1193
-5.12068
-5.12208
-5.12351
-5.12496
-5.12688
-5.12851
-5.13
-5.13181
-5.13302
-5.13469
-5.1362
-5.13802
-5.13998
-5.14149
-5.14314
-5.14477
-5.14624
-5.14784
-5.14958
-5.15114
-5.15252
-5.15389
-5.15522
-5.15682
-5.15809
-5.15978
-5.16097
-5.16213
-5.16295
-5.16418
-5.16506
-5.1662
-5.16745
-5.1685
-5.16949
-5.17044
-5.17134
-5.17219
-5.17298
-5.17326
-5.1741
-5.17473
-5.17515
-5.17566
-5.17627
-5.17667
-5.17686
-5.17715
-5.17737
-5.17754
-5.17795
-5.17799
-5.17783
-5.17775
-5.17792
-5.17772
-5.17762
-5.17715
-5.17662
-5.17619
-5.17584
-5.17544
-5.17467
-5.1737
-5.17267
-5.17188
-5.17104
-5.16999
-5.16918
-5.16802
-5.1668
-5.16538
-5.16421
-5.16284
-5.16157
-5.1604
-5.15903
-5.15792
-5.15631
-5.15511
-5.15372
-5.15215
-5.15053
-5.14873
-5.14675
-5.14519
-5.14345
-5.14185
-5.13992
-5.13782
-5.13617
-5.13435
-5.13223
-5.1304
-5.12873
-5.12676
-5.12511
-5.12317
-5.12156
-5.11996
-5.1181
-5.11627
-5.11463
-5.11289
-5.11135
-5.11016
-5.10858
-5.10677
-5.10578
-5.10456
-5.10357
-5.10252
-5.1017
-5.10067
-5.09944
-5.09845
-5.09787
-5.09754
-5.09717
-5.09676
-5.09661
-5.09672
-5.09709
-5.09758
-5.09773
-5.09829
-5.09851
-5.09869
-5.09943
-5.10043
-5.10139
-5.1023
-5.10346
-5.10457
-5.10592
-5.10752
-5.10906
-5.11098
-5.11267
-5.1146
-5.11645
-5.11836
-5.12049
-5.12253
-5.12447
-5.12631
-5.12895
-5.13103
-5.13375
-5.13635
-5.13884
-5.14134
-5.14372
-5.14597
-5.14869
-5.15096
-5.15339
-5.15598
-5.15842
-5.16086
-5.16314
-5.16573
-5.16815
-5.1704
-5.17295
-5.17533
-5.1777
-5.18005
-5.18237
-5.18468
-5.18697
-5.18907
-5.19177
-5.19398
-5.19601
-5.19832
-5.20015
-5.20225
-5.20463
-5.20728
-5.20914
-5.21113
-5.21308
-5.215
-5.21705
-5.21876
-5.22058
-5.22207
-5.22369
-5.22526
-5.22696
-5.22892
-5.2304
-5.23169
-5.23355
-5.23522
-5.23655
-5.238
-5.23941
-5.24093
-5.24241
-5.244
-5.24524
-5.2466
-5.24776
-5.24887
-5.25009
-5.25111
-5.25178
-5.25256
-5.25389
-5.25441
-5.25534
-5.25606
-5.25688
-5.25764
-5.25819
-5.25899
-5.25958
-5.26011
-5.26012
-5.26052
-5.26072
-5.26115
-5.26121
-5.26121
-5.2607
-5.26042
-5.26007
-5.25996
-5.25933
-5.25894
-5.25864
-5.25811
-5.25738
-5.25627
-5.25586
-5.25477
-5.25438
-5.25348
-5.25281
-5.25209
-5.25115
-5.2494
-5.2485
-5.24739
-5.24623
-5.24501
-5.24344
-5.24197
-5.24031
-5.23874
-5.23698
-5.23532
-5.23363
-5.2322
-5.23042
-5.22831
-5.22632
-5.2243
-5.2224
-5.22047
-5.21852
-5.21625
-5.21441
-5.21241
-5.2107
-5.20837
-5.20649
-5.20445
-5.20226
-5.20022
-5.19819
-5.19601
-5.19385
-5.19185
-5.18987
-5.18822
-5.18643
-5.18453
-5.18236
-5.18068
-5.17903
-5.17728
-5.17573
-5.17378
-5.17248
-5.17095
-5.16947
-5.16821
-5.16702
-5.16544
-5.16409
-5.16297
-5.16194
-5.16098
-5.15996
-5.15888
-5.15849
-5.1582
-5.15755
-5.15714
-5.15744
-5.15707
-5.15681
-5.15695
-5.15659
-5.15663
-5.15707
-5.15761
-5.1581
-5.15929
-5.16013
-5.16091
-5.16164
-5.1626
-5.16366
-5.16496
-5.16605
-5.16722
-5.16862
-5.16996
-5.17152
-5.17332
-5.17504
-5.17668
-5.1787
-5.18063
-5.18294
-5.18485
-5.18698
-5.18917
-5.19156
-5.19402
-5.19638
-5.19879
-5.2011
-5.20362
-5.20603
-5.20894
-5.21159
-5.21428
-5.21702
-5.22009
-5.2226
-5.22545
-5.22848
-5.23124
-5.23433
-5.23715
-5.23999
-5.24316
-5.24575
-5.24896
-5.25204
-5.25498
-5.25809
-5.2612
-5.26417
-5.26745
-5.27088
-5.274
-5.27712
-5.28039
-5.28349
-5.28642
-5.28934
-5.29239
-5.29512
-5.29842
-5.30139
-5.30417
-5.30662
-5.30917
-5.31169
-5.3146
-5.31747
-5.32014
-5.32274
-5.32499
-5.32748
-5.32974
-5.33194
-5.33407
-5.33658
-5.33871
-5.34076
-5.34288
-5.34476
-5.34656
-5.34873
-5.3505
-5.35203
-5.35347
-5.35451
-5.35576
-5.35675
-5.35795
-5.3589
-5.35975
-5.36035
-5.36085
-5.36139
-5.36168
-5.36202
-5.3621
-5.36209
-5.36272
-5.3625
-5.36247
-5.36205
-5.36182
-5.36119
-5.36076
-5.35994
-5.35932
-5.3586
-5.35764
-5.35643
-5.35483
-5.35345
-5.35227
-5.35101
-5.34997
-5.34839
-5.34658
-5.34454
-5.34272
-5.34113
-5.33902
-5.33699
-5.33444
-5.33227
-5.3302
-5.32791
-5.32542
-5.32302
-5.32057
-5.31838
-5.31568
-5.3128
-5.31017
-5.3075
-5.3051
-5.30237
-5.29976
-5.29713
-5.29416
-5.29118
-5.28818
-5.28531
-5.28258
-5.27954
-5.27649
-5.27359
-5.27068
-5.26793
-5.26533
-5.26228
-5.25984
-5.25696
-5.25424
-5.25139
-5.2487
-5.24557
-5.24277
-5.23999
-5.23724
-5.2342
-5.2315
-5.22868
-5.22633
-5.22372
-5.22129
-5.21874
-5.21623
-5.2136
-5.21131
-5.2089
-5.20654
-5.20451
-5.20207
-5.19966
-5.19715
-5.19483
-5.193
-5.19105
-5.18915
-5.18714
-5.18546
-5.18322
-5.18147
-5.17961
-5.17793
-5.17599
-5.17424
-5.17252
-5.17084
-5.16919
-5.16743
-5.16585
-5.1643
-5.16294
-5.16146
-5.15987
-5.15921
-5.15783
-5.15663
-5.15516
-5.15403
-5.15263
-5.15127
-5.15039
-5.14895
-5.14815
-5.14723
-5.1459
-5.14492
-5.14443
-5.14338
-5.14268
-5.14173
-5.14112
-5.14043
-5.13978
-5.1392
-5.13852
-5.13821
-5.13781
-5.13764
-5.13723
-5.1372
-5.13724
-5.13722
-5.13727
-5.13755
-5.13777
-5.13808
-5.13817
-5.13865
-5.13922
-5.14018
-5.14078
-5.14162
-5.14269
-5.14371
-5.14482
-5.14601
-5.14713
-5.14849
-5.14978
-5.151
-5.15304
-5.15441
-5.15614
-5.15794
-5.1595
-5.16127
-5.16324
-5.16526
-5.16718
-5.16898
-5.17098
-5.17285
-5.17521
-5.17729
-5.17954
-5.18166
-5.18379
-5.18608
-5.18807
-5.19021
-5.1922
-5.19449
-5.19677
-5.19904
-5.20099
-5.20308
-5.20516
-5.20766
-5.20985
-5.21215
-5.21414
-5.21624
-5.21787
-5.21992
-5.22178
-5.22408
-5.22603
-5.22766
-5.22955
-5.23141
-5.23338
-5.23518
-5.23724
-5.23911
-5.24066
-5.24216
-5.24379
-5.24538
-5.24724
-5.24907
-5.25012
-5.25128
-5.25226
-5.25366
-5.25503
-5.25667
-5.25798
-5.25941
-5.2605
-5.26187
-5.2629
-5.26406
-5.26503
-5.26628
-5.26734
-5.26822
-5.26923
-5.27051
-5.27145
-5.27252
-5.27356
-5.27457
-5.27555
-5.2768
-5.27772
-5.27876
-5.27933
-5.28047
-5.28097
-5.2816
-5.28221
-5.28263
-5.28273
-5.2831
-5.28344
-5.28391
-5.28436
-5.28478
-5.28488
-5.28556
-5.28591
-5.28609
-5.2864
-5.28669
-5.28681
-5.28721
-5.28744
-5.2875
-5.2877
-5.28773
-5.28775
-5.28805
-5.28819
-5.28832
-5.28859
-5.28884
-5.28924
-5.28932
-5.2897
-5.28946
-5.28952
-5.28942
-5.28962
-5.2898
-5.28999
-5.29016
-5.29048
-5.2908
-5.29081
-5.29111
-5.29111
-5.29126
-5.29124
-5.29108
-5.29105
-5.29087
-5.29084
-5.29081
-5.29091
-5.29132
-5.29127
-5.29106
-5.2913
-5.29153
-5.29161
-5.29168
-5.29145
-5.29151
-5.29186
-5.29176
-5.29149
-5.29168
-5.29155
-5.29111
-5.29128
-5.29128
-5.29112
-5.29096
-5.29079
-5.29107
-5.29104
-5.29116
-5.29127
-5.29107
-5.29086
-5.29081
-5.29059
-5.29053
-5.29045
-5.29023
-5.29
-5.28976
-5.28923
-5.28869
-5.28876
-5.28897
-5.28858
-5.28835
-5.28811
-5.28803
-5.28749
-5.28726
-5.28703
-5.2871
-5.28703
-5.28696
-5.28613
-5.28562
-5.28525
-5.28505
-5.28484
-5.28464
-5.28444
-5.28425
-5.2839
-5.28372
-5.28353
-5.28335
-5.28287
-5.28284
-5.28282
-5.28309
-5.28277
-5.28275
-5.28257
-5.28239
-5.28207
-5.28189
-5.2817
-5.28167
-5.28118
-5.28098
-5.28093
-5.28073
-5.28067
-5.28045
-5.28023
-5.27954
-5.27945
-5.27905
-5.27864
-5.27853
-5.27856
-5.27873
-5.27829
-5.27814
-5.27769
-5.27722
-5.2769
-5.27642
-5.27593
-5.27573
-5.27508
-5.27472
-5.27467
-5.2746
-5.27424
-5.27402
-5.27349
-5.27297
-5.27245
-5.27192
-5.27125
-5.27073
-5.27037
-5.27001
-5.26981
-5.26917
-5.26883
-5.26866
-5.26849
-5.26819
-5.26775
-5.26778
-5.26767
-5.26727
-5.2672
-5.26729
-5.26755
-5.26738
-5.26722
-5.26679
-5.26667
-5.26658
-5.26665
-5.2666
-5.26641
-5.26639
-5.26639
-5.26625
-5.26628
-5.26648
-5.26654
-5.26662
-5.2667
-5.26695
-5.26736
-5.26732
-5.26744
-5.26742
-5.26724
-5.26777
-5.2677
-5.2679
-5.26807
-5.26775
-5.26769
-5.26744
-5.26715
-5.26697
-5.26688
-5.26691
-5.26642
-5.26589
-5.26545
-5.26526
-5.26471
-5.2644
-5.26358
-5.2627
-5.2619
-5.26104
-5.26011
-5.25912
-5.25821
-5.25693
-5.25573
-5.25447
-5.25299
-5.25158
-5.25057
-5.24903
-5.24758
-5.24591
-5.24402
-5.24237
-5.24035
-5.23827
-5.23613
-5.23439
-5.23183
-5.22967
-5.2273
-5.22504
-5.22288
-5.22037
-5.21797
-5.21567
-5.21319
-5.21023
-5.20753
-5.2045
-5.20175
-5.19898
-5.1968
-5.19415
-5.19179
-5.18898
-5.18601
-5.18319
-5.18037
-5.17802
-5.17538
-5.17276
-5.17015
-5.16742
-5.16502
-5.1625
-5.16017
-5.15757
-5.15547
-5.15311
-5.1505
-5.14854
-5.14633
-5.14463
-5.14253
-5.1405
-5.13883
-5.13692
-5.13477
-5.13285
-5.13084
-5.12905
-5.12763
-5.12614
-5.12487
-5.12397
-5.12254
-5.12118
-5.12035
-5.11929
-5.11815
-5.11723
-5.11623
-5.11575
-5.11504
-5.11409
-5.11412
-5.1136
-5.11315
-5.11277
-5.11244
-5.11202
-5.11166
-5.11151
-5.11112
-5.11123
-5.1111
-5.11147
-5.1119
-5.11207
-5.11229
-5.11272
-5.11319
-5.11326
-5.11338
-5.11385
-5.11437
-5.11508
-5.11584
-5.1168
-5.11796
-5.11871
-5.11936
-5.12021
-5.12125
-5.1222
-5.12334
-5.12424
-5.12548
-5.12663
-5.12812
-5.12937
-5.13067
-5.13217
-5.13311
-5.13427
-5.13562
-5.13733
-5.13833
-5.14028
-5.14199
-5.14389
-5.14538
-5.14722
-5.14895
-5.15087
-5.15328
-5.15572
-5.15774
-5.15964
-5.16157
-5.16367
-5.16578
-5.16761
-5.16976
-5.17221
-5.17421
-5.17651
-5.17866
-5.18064
-5.18276
-5.18471
-5.18694
-5.18869
-5.19072
-5.19285
-5.19465
-5.19655
-5.19856
-5.20007
-5.20152
-5.20291
-5.20455
-5.20581
-5.20747
-5.20906
-5.21027
-5.21186
-5.21308
-5.21422
-5.21513
-5.21596
-5.21671
-5.21752
-5.2181
-5.21845
-5.21887
-5.2192
-5.21944
-5.21976
-5.22014
-5.22028
-5.22049
-5.22032
-5.22053
-5.22095
-5.2207
-5.22052
-5.22011
-5.21978
-5.21923
-5.21801
-5.21733
-5.21673
-5.21622
-5.21551
-5.21443
-5.2133
-5.21227
-5.21089
-5.20976
-5.2083
-5.20694
-5.20555
-5.20413
-5.20268
-5.2012
-5.2
-5.19863
-5.1974
-5.19615
-5.1949
-5.19363
-5.19207
-5.19036
-5.1891
-5.18725
-5.18556
-5.18435
-5.1833
-5.18197
-5.18097
-5.17955
-5.17831
-5.1771
-5.17608
-5.17495
-5.17387
-5.17268
-5.17185
-5.17076
-5.16973
-5.1689
-5.16783
-5.16712
-5.16648
-5.16559
-5.16538
-5.16508
-5.16485
-5.16393
-5.16368
-5.16334
-5.16308
-5.16288
-5.1626
-5.16269
-5.16284
-5.16291
-5.16334
-5.16399
-5.16439
-5.16485
-5.16551
-5.16593
-5.16609
-5.16691
-5.16793
-5.16884
-5.16933
-5.17032
-5.17164
-5.17238
-5.17331
-5.17426
-5.17522
-5.17621
-5.17736
-5.17837
-5.17924
-5.18026
-5.18129
-5.18216
-5.18303
-5.18435
-5.18551
-5.18635
-5.18763
-5.18845
-5.18955
-5.19032
-5.19108
-5.19166
-5.19251
-5.19319
-5.19399
-5.19476
-5.19565
-5.19666
-5.19704
-5.19799
-5.19844
-5.19902
-5.19956
-5.20006
-5.20052
-5.20109
-5.20133
-5.20183
-5.20243
-5.20285
-5.20292
-5.20326
-5.20339
-5.20364
-5.20415
-5.20445
-5.20442
-5.20448
-5.20481
-5.20463
-5.20441
-5.20429
-5.20366
-5.20299
-5.20242
-5.2018
-5.20128
-5.20071
-5.19994
-5.19926
-5.19869
-5.19792
-5.19724
-5.19576
-5.19484
-5.19386
-5.19268
-5.19161
-5.19048
-5.18931
-5.18795
-5.18669
-5.18554
-5.1845
-5.18298
-5.18156
-5.17997
-5.17865
-5.17714
-5.17532
-5.17377
-5.17191
-5.17003
-5.16845
-5.16686
-5.16542
-5.16399
-5.16226
-5.16054
-5.15869
-5.15716
-5.15581
-5.15373
-5.15245
-5.15121
-5.1497
-5.14825
-5.14669
-5.1452
-5.14361
-5.14269
-5.14168
-5.1409
-5.14034
-5.13956
-5.13869
-5.13806
-5.13766
-5.13704
-5.13681
-5.1368
-5.13658
-5.13644
-5.13638
-5.13641
-5.13666
-5.13669
-5.13694
-5.13727
-5.13813
-5.13844
-5.13883
-5.13912
-5.13978
-5.14064
-5.1417
-5.14221
-5.14322
-5.14396
-5.14504
-5.14601
-5.14715
-5.14832
-5.1495
-5.15086
-5.15193
-5.15316
-5.15454
-5.15562
-5.15685
-5.15793
-5.15899
-5.16005
-5.16108
-5.16225
-5.16295
-5.16392
-5.16442
-5.16534
-5.16622
-5.16722
-5.16774
-5.16896
-5.1694
-5.17009
-5.17059
-5.17135
-5.17206
-5.17227
-5.17274
-5.17315
-5.17366
-5.17367
-5.17438
-5.17473
-5.17518
-5.17542
-5.17546
-5.17544
-5.17521
-5.17508
-5.17474
-5.17464
-5.17479
-5.17458
-5.17417
-5.17369
-5.17316
-5.17242
-5.17162
-5.17092
-5.17046
-5.16965
-5.16863
-5.16755
-5.16657
-5.16569
-5.1646
-5.16361
-5.16226
-5.16087
-5.15957
-5.15852
-5.15697
-5.15583
-5.15448
-5.15294
-5.1518
-5.15032
-5.14849
-5.14677
-5.145
-5.1435
-5.14181
-5.13992
-5.13815
-5.1356
-5.13376
-5.13144
-5.12939
-5.12731
-5.1252
-5.12337
-5.12091
-5.11843
-5.11638
-5.11447
-5.11254
-5.1103
-5.10834
-5.10608
-5.10395
-5.10153
-5.09924
-5.09696
-5.09453
-5.0921
-5.08983
-5.08756
-5.08516
-5.08307
-5.08084
-5.07848
-5.07614
-5.07381
-5.07211
-5.06983
-5.06773
-5.06565
-5.06375
-5.06189
-5.05975
-5.05794
-5.05617
-5.05399
-5.05214
-5.05033
-5.04855
-5.04682
-5.04512
-5.04347
-5.04186
-5.04044
-5.03891
-5.03758
-5.03599
-5.03474
-5.03324
-5.03193
-5.03067
-5.029
-5.02753
-5.0264
-5.02547
-5.02428
-5.02344
-5.02235
-5.02145
-5.02059
-5.01993
-5.01917
-5.01845
-5.01792
-5.01729
-5.01686
-5.01647
-5.01628
-5.01583
-5.01542
-5.01477
-5.01461
-5.01465
-5.01474
-5.01488
-5.01477
-5.0144
-5.01409
-5.01429
-5.01423
-5.01438
-5.01474
-5.015
-5.01577
-5.0163
-5.01628
-5.01693
-5.01749
-5.01826
-5.0191
-5.01985
-5.02052
-5.02141
-5.02222
-5.02324
-5.02434
-5.02566
-5.0266
-5.02807
-5.0293
-5.03062
-5.0323
-5.03406
-5.03575
-5.03765
-5.03963
-5.04152
-5.04378
-5.04581
-5.04805
-5.05036
-5.05257
-5.05469
-5.05671
-5.05924
-5.06136
-5.06367
-5.06587
-5.06811
-5.07083
-5.07342
-5.07604
-5.07883
-5.08163
-5.08429
-5.08665
-5.08916
-5.09197
-5.09447
-5.0968
-5.09956
-5.10231
-5.10487
-5.10725
-5.1099
-5.11236
-5.11478
-5.11685
-5.11917
-5.12159
-5.12395
-5.1261
-5.12819
-5.13007
-5.13173
-5.13362
-5.13545
-5.13721
-5.1389
-5.14067
-5.14236
-5.14353
-5.14523
-5.14671
-5.14766
-5.14899
-5.14965
-5.15053
-5.15104
-5.15179
-5.15262
-5.15323
-5.15407
-5.1547
-5.15497
-5.15518
-5.15547
-5.15587
-5.15636
-5.1565
-5.15674
-5.15693
-5.15692
-5.15703
-5.15709
-5.15743
-5.15742
-5.15738
-5.15746
-5.15722
-5.15725
-5.15711
-5.1571
-5.15707
-5.15672
-5.15652
-5.15615
-5.15592
-5.15584
-5.15545
-5.15521
-5.15497
-5.15473
-5.15449
-5.1541
-5.15387
-5.15334
-5.15283
-5.15247
-5.15227
-5.15208
-5.1522
-5.15173
-5.15188
-5.15143
-5.15145
-5.15133
-5.15122
-5.15143
-5.15135
-5.15143
-5.15137
-5.15133
-5.15099
-5.15081
-5.15095
-5.15109
-5.15125
-5.15156
-5.15173
-5.15145
-5.15148
-5.15152
-5.15171
-5.15205
-5.1524
-5.15244
-5.15264
-5.15299
-5.15318
-5.15338
-5.15342
-5.15375
-5.15379
-5.15366
-5.15399
-5.15446
-5.15448
-5.15434
-5.15419
-5.15389
-5.15359
-5.15358
-5.15357
-5.1534
-5.15308
-5.15305
-5.15318
-5.153
-5.15282
-5.1531
-5.15307
-5.15259
-5.15256
-5.15239
-5.15252
-5.1528
-5.15219
-5.15249
-5.15279
-5.1528
-5.15282
-5.15285
-5.15274
-5.15264
-5.15301
-5.15369
-5.15363
-5.15374
-5.15356
-5.1537
-5.15385
-5.15402
-5.15436
-5.15456
-5.15478
-5.15487
-5.15483
-5.15525
-5.15555
-5.15586
-5.15619
-5.15655
-5.15676
-5.15715
-5.15756
-5.15783
-5.15873
-5.15918
-5.15966
-5.16015
-5.16066
-5.16104
-5.16157
-5.16198
-5.16285
-5.16313
-5.16388
-5.16464
-5.16525
-5.16588
-5.16637
-5.16686
-5.16721
-5.16787
-5.16869
-5.16951
-5.17003
-5.1704
-5.17077
-5.17145
-5.17197
-5.17249
-5.17255
-5.17291
-5.17357
-5.17422
-5.17486
-5.17579
-5.17625
-5.17686
-5.17729
-5.17771
-5.17827
-5.17896
-5.17933
-5.17997
-5.1806
-5.1809
-5.18103
-5.18143
-5.1815
-5.182
-5.18277
-5.18276
-5.18256
-5.18279
-5.18268
-5.18283
-5.18311
-5.18335
-5.18355
-5.18357
-5.18369
-5.18318
-5.18323
-5.18309
-5.18261
-5.18239
-5.18198
-5.18168
-5.18135
-5.18097
-5.18055
-5.18009
-5.17974
-5.17891
-5.17803
-5.17741
-5.17691
-5.17622
-5.1758
-5.17503
-5.17438
-5.1737
-5.17283
-5.17193
-5.171
-5.16973
-5.16888
-5.16771
-5.1665
-5.16542
-5.16462
-5.16379
-5.16248
-5.16115
-5.1598
-5.15873
-5.15779
-5.15623
-5.15466
-5.15352
-5.15236
-5.15074
-5.1491
-5.14791
-5.14686
-5.14564
-5.14412
-5.14258
-5.14104
-5.13964
-5.13823
-5.13728
-5.13616
-5.13474
-5.13301
-5.13143
-5.1297
-5.12826
-5.12667
-5.12554
-5.12409
-5.12295
-5.12121
-5.11991
-5.11847
-5.11687
-5.11572
-5.11427
-5.11267
-5.11122
-5.10992
-5.10817
-5.10703
-5.10558
-5.10428
-5.10283
-5.10138
-5.09963
-5.09819
-5.09644
-5.09485
-5.09356
-5.09182
-5.09024
-5.08896
-5.08723
-5.08581
-5.08455
-5.08315
-5.0819
-5.08066
-5.07927
-5.07805
-5.07684
-5.07533
-5.07414
-5.07281
-5.07134
-5.07019
-5.06905
-5.06777
-5.06606
-5.06452
-5.06314
-5.06179
-5.0606
-5.05913
-5.05783
-5.05686
-5.05621
-5.05482
-5.05377
-5.05273
-5.05111
-5.05013
-5.04931
-5.04852
-5.04746
-5.04641
-5.04554
-5.04485
-5.04403
-5.04323
-5.0426
-5.04139
-5.04097
-5.04041
-5.04002
-5.03951
-5.03902
-5.03839
-5.03748
-5.03674
-5.03616
-5.03591
-5.03536
-5.03483
-5.03416
-5.03335
-5.03271
-5.03223
-5.03175
-5.03129
-5.03098
-5.03039
-5.02979
-5.02906
-5.02878
-5.0285
-5.02823
-5.02781
-5.02739
-5.02652
-5.02626
-5.02584
-5.02543
-5.02472
-5.02431
-5.0239
-5.02334
-5.02294
-5.02269
-5.02184
-5.02129
-5.02105
-5.02082
-5.02074
-5.02037
-5.02001
-5.0192
-5.01871
-5.01853
-5.01806
-5.01775
-5.01761
-5.01734
-5.01667
-5.01653
-5.01621
-5.01604
-5.01569
-5.01534
-5.01513
-5.01491
-5.01469
-5.01447
-5.01379
-5.01327
-5.01275
-5.01239
-5.01205
-5.01201
-5.01153
-5.01138
-5.01109
-5.01142
-5.01117
-5.0111
-5.0112
-5.01073
-5.01044
-5.01048
-5.01054
-5.01064
-5.01108
-5.0108
-5.011
-5.01093
-5.0109
-5.01076
-5.01095
-5.01058
-5.01084
-5.01084
-5.01117
-5.01168
-5.01238
-5.01312
-5.01373
-5.01437
-5.01474
-5.01529
-5.01602
-5.01692
-5.01754
-5.01865
-5.01917
-5.01956
-5.02012
-5.0207
-5.02145
-5.02206
-5.02253
-5.02332
-5.02413
-5.0248
-5.02563
-5.02632
-5.02747
-5.02819
-5.02891
-5.02919
-5.03023
-5.03084
-5.03206
-5.03298
-5.03392
-5.03457
-5.03554
-5.03636
-5.03735
-5.03866
-5.03968
-5.04071
-5.04176
-5.04253
-5.04362
-5.04458
-5.0454
-5.04655
-5.04772
-5.04922
-5.05044
-5.05169
-5.05296
-5.05426
-5.05558
-5.05709
-5.05847
-5.06003
-5.06132
-5.0631
-5.06459
-5.06612
-5.06783
-5.06942
-5.07134
-5.07313
-5.0748
-5.07635
-5.07792
-5.07952
-5.08129
-5.08323
-5.08489
-5.08702
-5.08887
-5.09073
-5.09216
-5.09404
-5.09578
-5.09814
-5.10004
-5.10209
-5.10399
-5.10589
-5.10748
-5.10936
-5.11122
-5.11307
-5.1149
-5.1167
-5.11848
-5.12023
-5.12149
-5.12302
-5.12391
-5.12611
-5.12766
-5.12932
-5.13092
-5.13201
-5.13335
-5.13432
-5.13584
-5.13728
-5.1385
-5.13934
-5.1401
-5.14094
-5.14169
-5.14235
-5.14278
-5.14326
-5.14365
-5.14365
-5.14369
-5.14378
-5.14393
-5.14382
-5.1436
-5.14358
-5.1433
-5.14275
-5.14195
-5.14134
-5.14076
-5.13977
-5.13852
-5.1373
-5.13643
-5.13484
-5.13343
-5.13192
-5.12999
-5.12826
-5.12642
-5.12447
-5.12226
-5.1198
-5.11755
-5.11458
-5.11198
-5.10944
-5.10666
-5.10364
-5.10099
-5.09796
-5.095
-5.09183
-5.08874
-5.08544
-5.08193
-5.07853
-5.07538
-5.07188
-5.06851
-5.0651
-5.06152
-5.05807
-5.05461
-5.05099
-5.04706
-5.04345
-5.03999
-5.03655
-5.03253
-5.02914
-5.02549
-5.02217
-5.01904
-5.01582
-5.01264
-5.00937
-5.00602
-5.00318
-4.99981
-4.99697
-4.99405
-4.99122
-4.98817
-4.98535
-4.98248
-4.98016
-4.97778
-4.97549
-4.97301
-4.97078
-4.96881
-4.96694
-4.96578
-4.96413
-4.96244
-4.96116
-4.95968
-4.95832
-4.95707
-4.95593
-4.95505
-4.95428
-4.95362
-4.95307
-4.95263
-4.95229
-4.95191
-4.95178
-4.95176
-4.95168
-4.95216
-4.95243
-4.95279
-4.95309
-4.95348
-4.95456
-4.95557
-4.95621
-4.95722
-4.95801
-4.95886
-4.95993
-4.96091
-4.9621
-4.9635
-4.9648
-4.96599
-4.96722
-4.96835
-4.96981
-4.97145
-4.97283
-4.97438
-4.9761
-4.97768
-4.97944
-4.98075
-4.98237
-4.984
-4.98578
-4.98742
-4.98904
-4.99067
-4.99228
-4.99373
-4.99487
-4.99659
-4.9983
-4.99984
-5.0015
-5.00299
-5.00445
-5.00544
-5.00685
-5.00822
-5.00927
-5.01043
-5.01156
-5.0125
-5.0137
-5.01487
-5.016
-5.0171
-5.018
-5.01916
-5.01998
-5.02091
-5.02195
-5.0228
-5.02345
-5.02406
-5.02448
-5.02531
-5.02565
-5.02579
-5.02635
-5.02702
-5.02765
-5.02839
-5.02879
-5.02916
-5.02963
-5.02993
-5.02988
-5.02996
-5.03016
-5.03032
-5.03046
-5.03072
-5.03096
-5.03133
-5.03137
-5.03095
-5.03065
-5.0311
-5.03108
-5.03105
-5.03116
-5.03127
-5.03122
-5.03087
-5.03036
-5.03017
-5.03029
-5.03026
-5.03055
-5.0304
-5.03042
-5.03046
-5.03022
-5.02985
-5.02997
-5.03011
-5.03013
-5.03019
-5.03058
-5.03101
-5.03148
-5.03168
-5.03178
-5.03206
-5.03254
-5.03261
-5.03318
-5.03379
-5.03444
-5.03513
-5.03571
-5.03633
-5.03714
-5.03799
-5.03888
-5.03995
-5.04075
-5.04188
-5.04334
-5.04423
-5.04514
-5.04667
-5.04746
-5.04857
-5.04955
-5.05053
-5.05167
-5.05326
-5.0544
-5.05523
-5.05636
-5.05748
-5.05858
-5.05952
-5.06044
-5.06134
-5.06251
-5.06351
-5.06448
-5.06527
-5.06618
-5.06674
-5.06742
-5.06837
-5.06927
-5.06983
-5.07034
-5.07081
-5.07093
-5.07146
-5.07209
-5.07251
-5.07304
-5.07321
-5.07363
-5.07384
-5.07385
-5.07396
-5.07385
-5.0737
-5.07379
-5.07352
-5.0735
-5.07312
-5.07283
-5.07249
-5.07209
-5.07194
-5.07112
-5.07086
-5.07024
-5.06957
-5.06884
-5.06867
-5.06784
-5.06726
-5.06632
-5.06549
-5.06461
-5.06322
-5.06164
-5.06047
-5.0591
-5.05783
-5.05653
-5.05533
-5.05394
-5.05281
-5.05149
-5.04983
-5.04814
-5.04656
-5.04465
-5.0427
-5.04102
-5.03946
-5.03742
-5.03581
-5.03387
-5.0322
-5.03052
-5.02865
-5.02677
-5.02502
-5.0231
-5.02131
-5.01951
-5.01709
-5.01481
-5.01267
-5.01083
-5.00882
-5.00666
-5.00465
-5.00278
-5.00076
-4.9986
-4.99688
-4.99487
-4.99317
-4.99117
-4.98903
-4.98751
-4.98539
-4.98345
-4.98151
-4.97945
-4.97755
-4.97568
-4.97398
-4.9717
-4.96976
-4.96784
-4.96625
-4.96454
-4.96272
-4.96123
-4.95932
-4.95806
-4.95654
-4.9549
-4.95315
-4.9516
-4.9504
-4.94924
-4.94767
-4.94676
-4.94559
-4.94463
-4.94357
-4.9424
-4.94144
-4.94084
-4.93998
-4.93919
-4.93844
-4.9376
-4.93743
-4.93685
-4.93679
-4.93663
-4.93638
-4.93603
-4.93574
-4.93581
-4.93562
-4.93565
-4.93543
-4.93525
-4.93543
-4.93521
-4.93534
-4.93536
-4.93542
-4.93598
-4.93612
-4.93676
-4.93727
-4.93767
-4.93809
-4.93839
-4.93871
-4.93905
-4.93955
-4.94037
-4.94089
-4.94187
-4.9427
-4.94293
-4.94314
-4.94365
-4.94385
-4.94433
-4.94493
-4.94552
-4.94638
-4.94706
-4.9471
-4.94727
-4.94769
-4.94823
-4.94843
-4.94827
-4.94853
-4.94844
-4.94831
-4.94843
-4.94835
-4.94822
-4.94775
-4.94752
-4.94665
-4.94618
-4.94582
-4.94526
-4.94496
-4.94402
-4.94349
-4.94292
-4.94247
-4.94137
-4.9407
-4.94001
-4.93928
-4.93854
-4.93747
-4.93684
-4.9359
-4.93525
-4.93444
-4.93394
-4.93313
-4.93233
-4.93184
-4.93151
-4.9309
-4.93
-4.92913
-4.92828
-4.92791
-4.92713
-4.92653
-4.92613
-4.92561
-4.92514
-4.92442
-4.92419
-4.92388
-4.92391
-4.92401
-4.92371
-4.92362
-4.9236
-4.92394
-4.92419
-4.92405
-4.92428
-4.92487
-4.92538
-4.9258
-4.92629
-4.927
-4.92761
-4.92829
-4.92904
-4.92999
-4.93085
-4.93237
-4.9335
-4.93468
-4.9356
-4.93703
-4.93821
-4.93928
-4.9407
-4.942
-4.94365
-4.94488
-4.94599
-4.94728
-4.9486
-4.95025
-4.95177
-4.95362
-4.95518
-4.95661
-4.95805
-4.95965
-4.96126
-4.96258
-4.96421
-4.96599
-4.96792
-4.96925
-4.97088
-4.97206
-4.97368
-4.97515
-4.97691
-4.97836
-4.9798
-4.98153
-4.9831
-4.9845
-4.98604
-4.98757
-4.98923
-4.99058
-4.99221
-4.99382
-4.99526
-4.99698
-4.99824
-4.99917
-5.00053
-5.00202
-5.00334
-5.00479
-5.00606
-5.0076
-5.00882
-5.01047
-5.01194
-5.01307
-5.01417
-5.0151
-5.01598
-5.01699
-5.01841
-5.01935
-5.02024
-5.0211
-5.02177
-5.02254
-5.02313
-5.02366
-5.0243
-5.02474
-5.02514
-5.02564
-5.02593
-5.02618
-5.02667
-5.02696
-5.02689
-5.02707
-5.02734
-5.02741
-5.02757
-5.02722
-5.02712
-5.02681
-5.02643
-5.02616
-5.02612
-5.02604
-5.02559
-5.02539
-5.02499
-5.02393
-5.02312
-5.02225
-5.02149
-5.02128
-5.02042
-5.01951
-5.01886
-5.01756
-5.01622
-5.01559
-5.01448
-5.01333
-5.0123
-5.01079
-5.00955
-5.00828
-5.00699
-5.00568
-5.00451
-5.00317
-5.00182
-5.00046
-4.99895
-4.99744
-4.99623
-4.99518
-4.99353
-4.9922
-4.99058
-4.98913
-4.988
-4.98706
-4.98584
-4.9845
-4.98335
-4.98194
-4.98071
-4.97969
-4.97871
-4.97749
-4.97646
-4.9758
-4.97489
-4.97434
-4.97355
-4.97297
-4.97246
-4.97216
-4.97208
-4.97176
-4.97106
-4.97027
-4.97015
-4.9701
-4.97011
-4.97034
-4.97078
-4.97143
-4.97139
-4.97171
-4.97193
-4.97236
-4.97269
-4.97337
-4.9738
-4.97428
-4.97464
-4.97521
-4.97596
-4.9769
-4.97787
-4.97888
-4.97977
-4.98099
-4.98193
-4.98304
-4.98403
-4.98488
-4.98575
-4.98649
-4.98724
-4.98831
-4.98924
-4.99033
-4.99112
-4.99237
-4.99363
-4.9946
-4.99586
-4.99668
-4.99779
-4.99876
-4.99956
-5.00097
-5.00238
-5.00363
-5.00471
-5.00594
-5.00701
-5.00837
-5.01001
-5.01089
-5.01205
-5.0129
-5.01372
-5.01453
-5.01546
-5.01637
-5.01725
-5.01811
-5.0191
-5.0202
-5.02082
-5.02111
-5.02196
-5.02278
-5.02312
-5.02386
-5.02412
-5.02478
-5.0251
-5.02553
-5.02576
-5.02625
-5.02639
-5.02663
-5.02712
-5.02696
-5.02734
-5.02768
-5.02796
-5.02819
-5.02821
-5.02817
-5.02838
-5.02808
-5.02742
-5.02715
-5.02637
-5.02598
-5.02538
-5.02472
-5.024
-5.02307
-5.02223
-5.02133
-5.02066
-5.01963
-5.01855
-5.0177
-5.01619
-5.01522
-5.01404
-5.0128
-5.01135
-5.00984
-5.00827
-5.0062
-5.00467
-5.00308
-5.00144
-4.9999
-4.99816
-4.99621
-4.99421
-4.99246
-4.99052
-4.98793
-4.98574
-4.98397
-4.9814
-4.9791
-4.97691
-4.97453
-4.97182
-4.96939
-4.96708
-4.96474
-4.96223
-4.95985
-4.95716
-4.95491
-4.95234
-4.94977
-4.94705
-4.94463
-4.94176
-4.93921
-4.93651
-4.93399
-4.93148
-4.92899
-4.92624
-4.92412
-4.92158
-4.91924
-4.91679
-4.91439
-4.91249
-4.9099
-4.90768
-4.90567
-4.90373
-4.90186
-4.90007
-4.89806
-4.89613
-4.89474
-4.89343
-4.89222
-4.89081
-4.88964
-4.88826
-4.88729
-4.88642
-4.88549
-4.88498
-4.88426
-4.88349
-4.88328
-4.88302
-4.88302
-4.88281
-4.883
-4.88298
-4.88321
-4.88353
-4.88394
-4.88443
-4.88485
-4.88551
-4.88594
-4.88689
-4.88761
-4.88855
-4.88954
-4.89074
-4.89214
-4.89328
-4.89432
-4.89584
-4.89694
-4.89791
-4.89891
-4.89992
-4.90155
-4.90303
-4.9042
-4.90538
-4.90669
-4.90769
-4.90898
-4.91038
-4.91161
-4.91251
-4.91382
-4.91479
-4.91571
-4.91658
-4.91741
-4.91847
-4.91918
-4.91998
-4.92101
-4.92167
-4.92226
-4.92293
-4.92367
-4.92419
-4.92462
-4.92513
-4.92511
-4.92515
-4.92512
-4.92515
-4.92495
-4.92452
-4.92371
-4.92327
-4.92276
-4.92217
-4.92151
-4.92078
-4.92059
-4.91974
-4.91927
-4.91876
-4.91774
-4.91668
-4.91542
-4.91443
-4.91202
-4.91074
-4.90959
-4.90826
-4.90706
-4.90571
-4.90389
-4.90238
-4.90088
-4.89925
-4.89809
-4.89695
-4.89615
-4.89508
-4.8939
-4.89276
-4.89167
-4.89064
-4.8895
-4.88888
-4.888
-4.88688
-4.88658
-4.88587
-4.88522
-4.88448
-4.88408
-4.88344
-4.88299
-4.88274
-4.88208
-4.8813
-4.88086
-4.88045
-4.88052
-4.88061
-4.88011
-4.87993
-4.87975
-4.87988
-4.88017
-4.88
-4.87967
-4.87979
-4.87944
-4.87952
-4.87914
-4.87889
-4.87847
-4.87803
-4.87786
-4.87722
-4.87685
-4.87661
-4.87575
-4.87501
-4.8747
-4.87452
-4.87402
-4.87335
-4.87282
-4.87226
-4.87154
-4.87096
-4.87067
-4.87008
-4.86978
-4.86902
-4.86842
-4.86781
-4.86706
-4.86632
-4.86559
-4.86501
-4.8646
-4.86406
-4.86353
-4.86287
-4.86238
-4.86162
-4.86117
-4.8609
-4.86051
-4.86014
-4.8598
-4.85934
-4.85891
-4.85881
-4.8586
-4.85826
-4.85811
-4.85814
-4.85835
-4.8586
-4.85873
-4.8589
-4.85895
-4.85887
-4.85884
-4.85868
-4.85916
-4.85937
-4.85961
-4.85988
-4.86018
-4.86096
-4.86116
-4.86139
-4.86149
-4.86191
-4.86236
-4.86282
-4.86284
-4.86333
-4.86384
-4.8645
-4.86487
-4.86539
-4.86561
-4.86629
-4.86681
-4.86717
-4.86768
-4.86803
-4.86821
-4.86868
-4.86913
-4.8697
-4.8698
-4.87033
-4.87068
-4.87115
-4.87144
-4.87199
-4.87221
-4.87268
-4.87282
-4.87292
-4.87312
-4.87358
-4.87355
-4.87347
-4.87319
-4.87287
-4.87264
-4.87207
-4.87176
-4.87139
-4.87113
-4.87098
-4.87047
-4.86962
-4.86872
-4.86792
-4.86708
-4.8665
-4.86573
-4.86461
-4.86376
-4.86271
-4.86163
-4.86051
-4.85951
-4.85833
-4.85727
-4.85618
-4.85507
-4.85393
-4.85292
-4.85174
-4.85039
-4.84918
-4.84795
-4.84657
-4.84532
-4.84377
-4.84252
-4.84127
-4.83987
-4.83863
-4.8374
-4.83632
-4.83541
-4.83437
-4.83319
-4.83203
-4.8309
-4.82979
-4.82856
-4.82782
-4.8268
-4.82567
-4.82459
-4.82384
-4.82299
-4.82218
-4.82128
-4.82057
-4.81977
-4.81933
-4.81849
-4.81801
-4.8176
-4.81725
-4.81727
-4.81721
-4.81706
-4.8173
-4.81746
-4.81769
-4.81816
-4.81825
-4.81873
-4.81899
-4.81949
-4.81977
-4.8206
-4.82152
-4.82238
-4.82333
-4.82438
-4.82568
-4.82708
-4.82842
-4.82971
-4.83125
-4.83305
-4.83495
-4.83694
-4.83889
-4.84094
-4.84309
-4.84534
-4.84739
-4.84954
-4.85194
-4.85444
-4.85733
-4.86017
-4.8631
-4.86597
-4.86877
-4.87242
-4.87539
-4.87875
-4.88218
-4.88538
-4.88911
-4.89275
-4.89646
-4.90022
-4.90388
-4.90775
-4.91166
-4.91591
-4.9199
-4.92437
-4.92857
-4.93294
-4.93718
-4.94098
-4.94523
-4.94964
-4.9539
-4.95815
-4.96238
-4.96645
-4.9705
-4.97451
-4.9785
-4.9826
-4.98651
-4.99067
-4.99479
-4.99856
-5.00241
-5.00591
-5.00949
-5.01286
-5.01646
-5.02013
-5.02343
-5.0268
-5.03009
-5.03314
-5.03611
-5.03899
-5.04163
-5.04433
-5.04724
-5.05006
-5.05203
-5.05421
-5.05675
-5.05873
-5.06108
-5.06317
-5.06517
-5.06768
-5.06948
-5.07089
-5.0725
-5.07387
-5.07484
-5.07617
-5.07755
-5.07854
-5.07959
-5.07994
-5.08051
-5.08129
-5.08168
-5.08213
-5.08264
-5.08277
-5.08297
-5.08308
-5.08356
-5.08352
-5.08324
-5.08273
-5.08261
-5.0821
-5.08168
-5.08118
-5.08047
-5.07984
-5.07884
-5.07823
-5.0771
-5.07622
-5.07498
-5.07383
-5.07263
-5.07168
-5.07053
-5.06918
-5.06808
-5.06664
-5.06531
-5.06379
-5.06253
-5.06078
-5.05945
-5.0584
-5.05686
-5.05514
-5.05369
-5.05222
-5.05088
-5.04907
-5.04739
-5.04568
-5.04396
-5.04222
-5.04047
-5.0384
-5.03678
-5.03514
-5.03334
-5.03153
-5.02986
-5.02803
-5.02559
-5.0239
-5.02175
-5.02004
-5.01818
-5.01632
-5.01475
-5.01288
-5.01146
-5.00943
-5.0074
-5.00537
-5.00334
-5.00115
-4.99927
-4.99724
-4.99505
-4.99347
-4.99159
-4.98986
-4.98784
-4.98596
-4.98409
-4.98193
-4.97947
-4.97747
-4.97578
-4.97395
-4.97197
-4.97046
-4.96836
-4.96672
-4.96509
-4.96303
-4.96144
-4.95956
-4.9583
-4.95645
-4.95478
-4.95328
-4.9515
-4.9499
-4.94832
-4.94676
-4.94508
-4.94373
-4.94211
-4.94081
-4.9394
-4.93833
-4.93713
-4.93582
-4.93469
-4.93345
-4.93209
-4.93092
-4.93009
-4.92885
-4.92779
-4.92662
-4.92594
-4.92485
-4.92425
-4.92354
-4.92272
-4.92193
-4.92119
-4.92063
-4.92011
-4.91948
-4.91888
-4.91801
-4.91748
-4.91684
-4.91637
-4.91594
-4.91508
-4.91485
-4.91495
-4.91477
-4.91371
-4.91342
-4.91345
-4.91319
-4.91294
-4.91271
-4.91293
-4.91256
-4.91174
-4.91137
-4.9107
-4.91063
-4.91056
-4.91048
-4.90994
-4.90999
-4.90972
-4.90915
-4.90931
-4.90886
-4.9084
-4.90792
-4.90773
-4.90768
-4.90702
-4.90665
-4.90612
-4.90558
-4.90535
-4.90512
-4.90474
-4.90437
-4.90401
-4.90367
-4.9035
-4.90321
-4.90295
-4.90257
-4.90239
-4.9024
-4.90216
-4.90212
-4.90199
-4.90207
-4.90206
-4.90197
-4.90241
-4.90276
-4.90349
-4.90384
-4.90457
-4.90507
-4.90594
-4.90658
-4.90714
-4.90837
-4.90966
-4.91102
-4.91228
-4.91329
-4.91419
-4.9156
-4.9169
-4.91838
-4.91958
-4.92112
-4.92253
-4.92395
-4.92523
-4.92683
-4.92829
-4.9296
-4.93136
-4.93283
-4.93414
-4.9353
-4.93676
-4.93882
-4.94043
-4.94233
-4.94379
-4.94509
-4.94685
-4.948
-4.94947
-4.95004
-4.95152
-4.95317
-4.95438
-4.95591
-4.9573
-4.95857
-4.96031
-4.96208
-4.96388
-4.96585
-4.96756
-4.96855
-4.97047
-4.97213
-4.97398
-4.97571
-4.97718
-4.97929
-4.98113
-4.98286
-4.98493
-4.98688
-4.98917
-4.99149
-4.99355
-4.99593
-4.99804
-5.00033
-5.00264
-5.00513
-5.00734
-5.00971
-5.01226
-5.01482
-5.01754
-5.02028
-5.02303
-5.02548
-5.02793
-5.03024
-5.03285
-5.03547
-5.03808
-5.04038
-5.04283
-5.04528
-5.04741
-5.04939
-5.05181
-5.05407
-5.05616
-5.05884
-5.06106
-5.06311
-5.0656
-5.06792
-5.07022
-5.07266
-5.07553
-5.07807
-5.0803
-5.08235
-5.08468
-5.08714
-5.08927
-5.09123
-5.09377
-5.09583
-5.09802
-5.09988
-5.10201
-5.10397
-5.10575
-5.10781
-5.10939
-5.11139
-5.11321
-5.1147
-5.11646
-5.11789
-5.1199
-5.12142
-5.12306
-5.12482
-5.12624
-5.12763
-5.12915
-5.13062
-5.13191
-5.13332
-5.13499
-5.13662
-5.13777
-5.13903
-5.14025
-5.14158
-5.14272
-5.14383
-5.14504
-5.14606
-5.14735
-5.14844
-5.14949
-5.15034
-5.15116
-5.15193
-5.15265
-5.15364
-5.15428
-5.15488
-5.15543
-5.15563
-5.15609
-5.15666
-5.15718
-5.15751
-5.15794
-5.15847
-5.15866
-5.15895
-5.15889
-5.15908
-5.15908
-5.15888
-5.15863
-5.15848
-5.15829
-5.15789
-5.15761
-5.15727
-5.15688
-5.1563
-5.15552
-5.15499
-5.15456
-5.15363
-5.15266
-5.15224
-5.15146
-5.15064
-5.14992
-5.14885
-5.14788
-5.14686
-5.14579
-5.14497
-5.1441
-5.14303
-5.14176
-5.14058
-5.13936
-5.13794
-5.13646
-5.13509
-5.13306
-5.13143
-5.12961
-5.12773
-5.12625
-5.12458
-5.123
-5.12123
-5.11941
-5.11724
-5.11533
-5.11338
-5.11168
-5.10933
-5.10724
-5.10466
-5.1028
-5.1006
-5.09851
-5.0967
-5.09425
-5.09207
-5.08972
-5.08674
-5.08434
-5.08178
-5.07905
-5.07676
-5.07371
-5.07127
-5.06836
-5.06547
-5.06303
-5.06045
-5.05789
-5.05551
-5.05314
-5.05096
-5.04821
-5.04565
-5.04299
-5.04052
-5.0378
-5.03559
-5.03314
-5.03106
-5.02935
-5.02726
-5.0251
-5.02318
-5.02104
-5.01959
-5.01823
-5.01667
-5.01521
-5.014
-5.01319
-5.01219
-5.01084
-5.00975
-5.00923
-5.00867
-5.00806
-5.00773
-5.0075
-5.00739
-5.00739
-5.0075
-5.00758
-5.00776
-5.00866
-5.00936
-5.00986
-5.01092
-5.01194
-5.01304
-5.0141
-5.01524
-5.01647
-5.01824
-5.01948
-5.02096
-5.02251
-5.02427
-5.02626
-5.02815
-5.02995
-5.0318
-5.03355
-5.03549
-5.03763
-5.03949
-5.04108
-5.0433
-5.04599
-5.04809
-5.05035
-5.05262
-5.05504
-5.05746
-5.05941
-5.06136
-5.06329
-5.06504
-5.06723
-5.06924
-5.07106
-5.07301
-5.07507
-5.07709
-5.07906
-5.08084
-5.08227
-5.08395
-5.08543
-5.08686
-5.08884
-5.09016
-5.09172
-5.09307
-5.09422
-5.09545
-5.09648
-5.0976
-5.09866
-5.09966
-5.10075
-5.10238
-5.10321
-5.10397
-5.10378
-5.10443
-5.10503
-5.10558
-5.10607
-5.10667
-5.10707
-5.10726
-5.10786
-5.10827
-5.10863
-5.1088
-5.10863
-5.10841
-5.10816
-5.10847
-5.10844
-5.10823
-5.10828
-5.10815
-5.10814
-5.10794
-5.10772
-5.10761
-5.10733
-5.10732
-5.10684
-5.10678
-5.10639
-5.10568
-5.10525
-5.10464
-5.10417
-5.10367
-5.10331
-5.10262
-5.10207
-5.10165
-5.10091
-5.1003
-5.09983
-5.09949
-5.09899
-5.09848
-5.0978
-5.09772
-5.09717
-5.09616
-5.09559
-5.09501
-5.09458
-5.09384
-5.0931
-5.09295
-5.0922
-5.09145
-5.09069
-5.08979
-5.08843
-5.08797
-5.08752
-5.08632
-5.08558
-5.08483
-5.08409
-5.08366
-5.08233
-5.08131
-5.08044
-5.07943
-5.07887
-5.07833
-5.07763
-5.07709
-5.07626
-5.07558
-5.0749
-5.07438
-5.07371
-5.07289
-5.07237
-5.07155
-5.07087
-5.07034
-5.06966
-5.06958
-5.06889
-5.06849
-5.06748
-5.06691
-5.06617
-5.06588
-5.06497
-5.06419
-5.06355
-5.06289
-5.06221
-5.06166
-5.06095
-5.06036
-5.0596
-5.05837
-5.05772
-5.05645
-5.05501
-5.05385
-5.05282
-5.05177
-5.0504
-5.04931
-5.04791
-5.0468
-5.04537
-5.04423
-5.04353
-5.04237
-5.04091
-5.03989
-5.03887
-5.03755
-5.03624
-5.03477
-5.03361
-5.03247
-5.03133
-5.03036
-5.02925
-5.02831
-5.0274
-5.02665
-5.02578
-5.02433
-5.02336
-5.02258
-5.02197
-5.02064
-5.01949
-5.01853
-5.01791
-5.01763
-5.01693
-5.01596
-5.01549
-5.01521
-5.01481
-5.01414
-5.01337
-5.01308
-5.01283
-5.01277
-5.01259
-5.01214
-5.01188
-5.01149
-5.01114
-5.01096
-5.01096
-5.01098
-5.01088
-5.01049
-5.01013
-5.01008
-5.00989
-5.00972
-5.00971
-5.0097
-5.0097
-5.0097
-5.00986
-5.01
-5.01015
-5.00998
-5.00995
-5.00991
-5.01
-5.00962
-5.00982
-5.00924
-5.00879
-5.00831
-5.00824
-5.00769
-5.0074
-5.00708
-5.00656
-5.00599
-5.00538
-5.00436
-5.0041
-5.00335
-5.00271
-5.00204
-5.00148
-5.00042
-4.99979
-4.99881
-4.99809
-4.99688
-4.99594
-4.99496
-4.99395
-4.9926
-4.99167
-4.99056
-4.98941
-4.98824
-4.9869
-4.98568
-4.98489
-4.98348
-4.9825
-4.98121
-4.97961
-4.97829
-4.97697
-4.97564
-4.97446
-4.97297
-4.97149
-4.97031
-4.96898
-4.96766
-4.9665
-4.96535
-4.9642
-4.96277
-4.96149
-4.95993
-4.95868
-4.95745
-4.95608
-4.95502
-4.95382
-4.95278
-4.95176
-4.95059
-4.94944
-4.94829
-4.94714
-4.94585
-4.94472
-4.94343
-4.94245
-4.94147
-4.94048
-4.93949
-4.93879
-4.93794
-4.93676
-4.93512
-4.93392
-4.93286
-4.93147
-4.93021
-4.92862
-4.92747
-4.92598
-4.92447
-4.92277
-4.9215
-4.92019
-4.9187
-4.91732
-4.91576
-4.91447
-4.91283
-4.91101
-4.9093
-4.90786
-4.90593
-4.90381
-4.90181
-4.90008
-4.89862
-4.89683
-4.89501
-4.89286
-4.89099
-4.88894
-4.88702
-4.88463
-4.88253
-4.88012
-4.8783
-4.87617
-4.87449
-4.87251
-4.87008
-4.86812
-4.86586
-4.86377
-4.86185
-4.8598
-4.85763
-4.85563
-4.85352
-4.85144
-4.8494
-4.84786
-4.84606
-4.84431
-4.84261
-4.84051
-4.83892
-4.8377
-4.83638
-4.83498
-4.83334
-4.83192
-4.83057
-4.82975
-4.82869
-4.82786
-4.82726
-4.82673
-4.82612
-4.8256
-4.82515
-4.82479
-4.82405
-4.82369
-4.82342
-4.82292
-4.82266
-4.82233
-4.82238
-4.82237
-4.82213
-4.82228
-4.82267
-4.82313
-4.82413
-4.82461
-4.82532
-4.82642
-4.82744
-4.82824
-4.82927
-4.83038
-4.83157
-4.83298
-4.83417
-4.83544
-4.83677
-4.83803
-4.83966
-4.84121
-4.84298
-4.84527
-4.84702
-4.84913
-4.8513
-4.85338
-4.85552
-4.85757
-4.85966
-4.86196
-4.8646
-4.86685
-4.86913
-4.87146
-4.87413
-4.87669
-4.87913
-4.88205
-4.88471
-4.88754
-4.8904
-4.89313
-4.89588
-4.89865
-4.90099
-4.90378
-4.90629
-4.90896
-4.91178
-4.9146
-4.91772
-4.92054
-4.9232
-4.92631
-4.92941
-4.93204
-4.93465
-4.9374
-4.94042
-4.94297
-4.94595
-4.94875
-4.95137
-4.9538
-4.9565
-4.95886
-4.96118
-4.96361
-4.96584
-4.96818
-4.97017
-4.97257
-4.97476
-4.97675
-4.97899
-4.98117
-4.98315
-4.98477
-4.98678
-4.98874
-4.99049
-4.99219
-4.99412
-4.996
-4.99738
-4.99884
-5.0004
-5.00145
-5.0026
-5.00354
-5.00443
-5.00557
-5.00621
-5.00725
-5.0078
-5.00875
-5.00966
-5.01053
-5.01121
-5.012
-5.01291
-5.01348
-5.01433
-5.01484
-5.01564
-5.01626
-5.01686
-5.01715
-5.01787
-5.01827
-5.01882
-5.01951
-5.0199
-5.02028
-5.02051
-5.02104
-5.02158
-5.02227
-5.02297
-5.02399
-5.02411
-5.02439
-5.02484
-5.02546
-5.02624
-5.02674
-5.02742
-5.02811
-5.02913
-5.03001
-5.03078
-5.03141
-5.03192
-5.03275
-5.0336
-5.03463
-5.03539
-5.03616
-5.03696
-5.03809
-5.03879
-5.03981
-5.04085
-5.04161
-5.04269
-5.04409
-5.04551
-5.04649
-5.04764
-5.04835
-5.04953
-5.05071
-5.05191
-5.05326
-5.05432
-5.05539
-5.05676
-5.05798
-5.0592
-5.06057
-5.06179
-5.063
-5.06421
-5.0654
-5.06659
-5.06777
-5.06923
-5.07068
-5.07227
-5.07323
-5.07462
-5.07585
-5.07705
-5.07792
-5.07877
-5.07959
-5.08054
-5.0816
-5.08263
-5.08364
-5.0843
-5.08493
-5.08568
-5.08655
-5.08692
-5.08711
-5.08741
-5.08798
-5.08866
-5.089
-5.08991
-5.09064
-5.09102
-5.09107
-5.09139
-5.09167
-5.09146
-5.09198
-5.09217
-5.09217
-5.0923
-5.0924
-5.09247
-5.09252
-5.09255
-5.0924
-5.09193
-5.0919
-5.09231
-5.09239
-5.09232
-5.09223
-5.09228
-5.09216
-5.0922
-5.09237
-5.09239
-5.09195
-5.0918
-5.09181
-5.09181
-5.09181
-5.09165
-5.09134
-5.09103
-5.09102
-5.09055
-5.09038
-5.0899
-5.08973
-5.08955
-5.08936
-5.08917
-5.08883
-5.08832
-5.08841
-5.08805
-5.08767
-5.08698
-5.08644
-5.08588
-5.08562
-5.0852
-5.08476
-5.08447
-5.08401
-5.08355
-5.08337
-5.08304
-5.08299
-5.08279
-5.08227
-5.08205
-5.08197
-5.08158
-5.08119
-5.08063
-5.08022
-5.08011
-5.0797
-5.07913
-5.07871
-5.07829
-5.07772
-5.0776
-5.07734
-5.07692
-5.07667
-5.07626
-5.07557
-5.07518
-5.07495
-5.07472
-5.07451
-5.074
-5.07366
-5.07317
-5.07284
-5.07268
-5.07238
-5.07193
-5.07165
-5.07138
-5.07081
-5.07071
-5.07017
-5.07008
-5.0694
-5.06902
-5.06895
-5.06873
-5.06822
-5.0683
-5.06809
-5.06787
-5.06734
-5.06711
-5.06687
-5.06661
-5.0665
-5.06577
-5.06578
-5.06562
-5.06544
-5.06509
-5.06472
-5.06432
-5.06375
-5.063
-5.06237
-5.06187
-5.06133
-5.06077
-5.05986
-5.05923
-5.05857
-5.05833
-5.05745
-5.05639
-5.05544
-5.05477
-5.05391
-5.05272
-5.05166
-5.05071
-5.04959
-5.04829
-5.04697
-5.04592
-5.04471
-5.04362
-5.04222
-5.0411
-5.03996
-5.03897
-5.03766
-5.03649
-5.03516
-5.03398
-5.03294
-5.0319
-5.03071
-5.02982
-5.02894
-5.0279
-5.02657
-5.02539
-5.02422
-5.02306
-5.0219
-5.02076
-5.01962
-5.0185
-5.01754
-5.01613
-5.0152
-5.01427
-5.01335
-5.0123
-5.01141
-5.01038
-5.00952
-5.00851
-5.00752
-5.00669
-5.00572
-5.0046
-5.0035
-5.00257
-5.00149
-5.00072
-4.99966
-4.99861
-4.99772
-4.99698
-4.9961
-4.99508
-4.99422
-4.99336
-4.99265
-4.9918
-4.99096
-4.98981
-4.98852
-4.98798
-4.98698
-4.98614
-4.98514
-4.98429
-4.98343
-4.98257
-4.982
-4.98082
-4.97978
-4.97873
-4.97797
-4.9766
-4.97536
-4.97456
-4.97345
-4.97262
-4.97193
-4.97091
-4.97003
-4.96883
-4.96761
-4.96652
-4.96526
-4.96398
-4.96253
-4.96152
-4.96049
-4.95929
-4.95777
-4.95639
-4.95561
-4.95451
-4.95325
-4.95199
-4.95087
-4.94945
-4.94804
-4.94708
-4.94599
-4.94491
-4.94385
-4.94267
-4.94196
-4.94084
-4.93976
-4.93858
-4.9379
-4.93682
-4.93596
-4.93472
-4.93416
-4.93308
-4.93299
-4.93269
-4.93235
-4.93211
-4.93214
-4.93198
-4.9321
-4.93249
-4.93286
-4.93352
-4.93402
-4.9348
-4.93603
-4.93725
-4.93861
-4.9398
-4.94144
-4.94292
-4.94468
-4.94673
-4.9486
-4.95074
-4.95301
-4.95523
-4.95771
-4.95998
-4.9628
-4.96539
-4.96806
-4.97095
-4.97389
-4.97702
-4.9799
-4.9828
-4.98587
-4.98881
-4.99205
-4.99543
-4.99834
-5.00169
-5.0047
-5.00767
-5.0106
-5.01317
-5.01584
-5.01874
-5.02158
-5.02419
-5.02702
-5.02976
-5.03197
-5.03409
-5.03626
-5.03834
-5.04092
-5.04295
-5.04472
-5.04624
-5.04735
-5.04911
-5.05106
-5.05291
-5.05405
-5.05538
-5.05645
-5.05742
-5.05814
-5.05875
-5.05895
-5.05951
-5.05966
-5.05972
-5.05983
-5.05985
-5.05963
-5.05962
-5.05922
-5.05889
-5.05877
-5.05828
-5.0577
-5.05721
-5.05664
-5.05569
-5.05484
-5.05361
-5.05263
-5.05159
-5.05049
-5.04919
-5.04814
-5.04688
-5.04528
-5.04394
-5.04256
-5.04129
-5.03999
-5.0385
-5.03682
-5.03543
-5.0337
-5.0321
-5.03018
-5.02824
-5.02628
-5.02476
-5.02354
-5.02184
-5.02014
-5.01828
-5.01672
-5.01471
-5.01269
-5.01083
-5.00897
-5.00757
-5.00587
-5.00434
-5.00266
-5.00085
-4.99905
-4.99727
-4.9955
-4.99346
-4.99174
-4.98988
-4.98851
-4.98686
-4.98554
-4.98425
-4.98269
-4.98116
-4.97982
-4.97835
-4.97738
-4.97629
-4.97494
-4.97378
-4.97236
-4.97128
-4.97054
-4.96985
-4.96829
-4.96784
-4.96683
-4.96572
-4.96496
-4.96409
-4.96343
-4.96266
-4.96224
-4.96158
-4.96111
-4.96085
-4.96035
-4.95974
-4.95949
-4.95914
-4.95885
-4.95876
-4.95872
-4.95889
-4.95867
-4.95895
-4.95883
-4.95922
-4.95951
-4.95986
-4.95996
-4.96101
-4.96197
-4.96268
-4.96313
-4.96424
-4.96494
-4.96584
-4.96662
-4.96715
-4.96772
-4.96848
-4.96957
-4.971
-4.97186
-4.97274
-4.97334
-4.97442
-4.97536
-4.97631
-4.97758
-4.9784
-4.97968
-4.9808
-4.98207
-4.98303
-4.98412
-4.98505
-4.98625
-4.98727
-4.98826
-4.98922
-4.99013
-4.991
-4.99197
-4.99273
-4.99344
-4.99378
-4.99451
-4.99501
-4.9956
-4.99595
-4.99578
-4.99627
-4.99637
-4.99639
-4.99646
-4.99629
-4.99602
-4.9958
-4.99563
-4.99505
-4.99437
-4.99298
-4.9921
-4.99095
-4.98985
-4.98864
-4.98733
-4.98622
-4.985
-4.98338
-4.98181
-4.98015
-4.97823
-4.97668
-4.97413
-4.9721
-4.96983
-4.96748
-4.96475
-4.96209
-4.95937
-4.95674
-4.9542
-4.9516
-4.9488
-4.94626
-4.94338
-4.94031
-4.93721
-4.93424
-4.93126
-4.92841
-4.92541
-4.92256
-4.91971
-4.91688
-4.91406
-4.91126
-4.90864
-4.90545
-4.90245
-4.89979
-4.89718
-4.89447
-4.89197
-4.88937
-4.88654
-4.88407
-4.88183
-4.8795
-4.87696
-4.87509
-4.87316
-4.87131
-4.86939
-4.86756
-4.86566
-4.86415
-4.86273
-4.86141
-4.86002
-4.85842
-4.85751
-4.85669
-4.85581
-4.85487
-4.85416
-4.85354
-4.8533
-4.85269
-4.85231
-4.85186
-4.85088
-4.85043
-4.8505
-4.85018
-4.85008
-4.85004
-4.85021
-4.84999
-4.85012
-4.8503
-4.85023
-4.85019
-4.85036
-4.85025
-4.85094
-4.85135
-4.85179
-4.85226
-4.85259
-4.85295
-4.85331
-4.85339
-4.85378
-4.85433
-4.85488
-4.85529
-4.85539
-4.85639
-4.85724
-4.85778
-4.85831
-4.85854
-4.85905
-4.8597
-4.86019
-4.86037
-4.86068
-4.86098
-4.86142
-4.86154
-4.86196
-4.86235
-4.86289
-4.86342
-4.86379
-4.86415
-4.8642
-4.865
-4.8652
-4.86555
-4.86605
-4.8664
-4.86676
-4.86713
-4.86737
-4.86761
-4.86818
-4.86862
-4.86879
-4.86913
-4.86935
-4.87007
-4.87051
-4.87116
-4.87185
-4.87274
-4.87338
-4.87438
-4.87513
-4.87625
-4.87713
-4.87854
-4.87971
-4.8808
-4.88258
-4.88399
-4.88547
-4.88689
-4.88854
-4.89043
-4.89225
-4.89446
-4.89646
-4.89855
-4.90133
-4.90389
-4.90639
-4.90867
-4.91119
-4.91394
-4.91647
-4.91938
-4.92222
-4.92513
-4.9281
-4.931
-4.93441
-4.93743
-4.94066
-4.94363
-4.94696
-4.95018
-4.95374
-4.95688
-4.96035
-4.96386
-4.96738
-4.97092
-4.97462
-4.97818
-4.98175
-4.98516
-4.98873
-4.99213
-4.99552
-4.99904
-5.00254
-5.00587
-5.00917
-5.01259
-5.01597
-5.01962
-5.02278
-5.02589
-5.02926
-5.03243
-5.03569
-5.03891
-5.04192
-5.04472
-5.04776
-5.05362
-5.056
-5.05862
-5.06134
-5.064
-5.06645
-5.06945
-5.07178
-5.07346
-5.07583
-5.07815
-5.08041
-5.08261
-5.0846
-5.08669
-5.08858
-5.09041
-5.0922
-5.09378
-5.09531
-5.0974
-5.09885
-5.1007
-5.10221
-5.10353
-5.10466
-5.10651
-5.10787
-5.10936
-5.11081
-5.11209
-5.11334
-5.11442
-5.11562
-5.11665
-5.11796
-5.11911
-5.12024
-5.1212
-5.1223
-5.12309
-5.12431
-5.12523
-5.12628
-5.12702
-5.12805
-5.12923
-5.13024
-5.1314
-5.13285
-5.13383
-5.13481
-5.13577
-5.13672
-5.13766
-5.13858
-5.1398
-5.14054
-5.14173
-5.14304
-5.14404
-5.14502
-5.14552
-5.14616
-5.14707
-5.14796
-5.14867
-5.14981
-5.15001
-5.15095
-5.1517
-5.15211
-5.15265
-5.1533
-5.15376
-5.15404
-5.15443
-5.15433
-5.15448
-5.1546
-5.15497
-5.15545
-5.15542
-5.15595
-5.15598
-5.15611
-5.15603
-5.1559
-5.15586
-5.1556
-5.15559
-5.15537
-5.15508
-5.15457
-5.15399
-5.15304
-5.15186
-5.15106
-5.15004
-5.14939
-5.14821
-5.14725
-5.1459
-5.14493
-5.14356
-5.14241
-5.14117
-5.13923
-5.13736
-5.13524
-5.13349
-5.13165
-5.12956
-5.12722
-5.12525
-5.12288
-5.12058
-5.11818
-5.11569
-5.11312
-5.1103
-5.10741
-5.10412
-5.1009
-5.09791
-5.09469
-5.09139
-5.08818
-5.0849
-5.08125
-5.07784
-5.07407
-5.07025
-5.06624
-5.06233
-5.05838
-5.05486
-5.05116
-5.04714
-5.04309
-5.0392
-5.03559
-5.03185
-5.0278
-5.02408
-5.02022
-5.0164
-5.01246
-5.00871
-5.005
-5.00181
-4.99807
-4.9944
-4.9908
-4.98728
-4.98384
-4.98065
-4.97739
-4.97424
-4.97134
-4.96884
-4.96616
-4.96344
-4.96098
-4.95864
-4.95642
-4.95447
-4.95324
-4.95154
-4.94996
-4.9485
-4.94671
-4.94564
-4.94439
-4.94356
-4.94254
-4.94194
-4.94129
-4.94046
-4.93987
-4.93924
-4.93886
-4.93842
-4.93823
-4.93782
-4.93765
-4.93756
-4.9374
-4.93762
-4.93775
-4.93841
-4.93852
-4.93885
-4.93878
-4.93922
-4.93986
-4.94039
-4.94127
-4.94188
-4.94253
-4.94382
-4.94453
-4.94542
-4.94618
-4.94726
-4.94806
-4.94933
-4.9503
-4.95097
-4.95196
-4.95294
-4.95362
-4.95474
-4.95571
-4.95666
-4.95745
-4.95852
-4.95942
-4.96029
-4.96099
-4.9618
-4.96243
-4.96303
-4.96359
-4.9644
-4.96517
-4.9659
-4.96642
-4.96689
-4.96776
-4.96827
-4.96842
-4.96836
-4.96914
-4.9691
-4.96929
-4.96912
-4.96933
-4.96947
-4.96939
-4.96909
-4.96871
-4.96842
-4.9679
-4.96732
-4.96651
-4.96578
-4.96499
-4.96399
-4.96322
-4.96239
-4.96135
-4.96026
-4.95896
-4.95821
-4.95697
-4.95554
-4.95391
-4.95226
-4.95103
-4.94917
-4.94759
-4.94615
-4.94455
-4.94341
-4.94196
-4.94052
-4.93895
-4.93724
-4.93616
-4.93466
-4.9332
-4.93193
-4.93071
-4.92953
-4.92857
-4.92767
-4.92653
-4.92577
-4.92508
-4.92417
-4.92364
-4.92305
-4.9224
-4.92169
-4.92153
-4.92132
-4.92166
-4.92179
-4.92173
-4.92207
-4.92222
-4.92277
-4.92343
-4.92404
-4.92461
-4.92558
-4.92651
-4.92739
-4.92868
-4.92977
-4.93096
-4.9324
-4.93393
-4.93557
-4.93699
-4.93866
-4.94057
-4.94211
-4.94435
-4.94712
-4.94922
-4.95155
-4.95395
-4.95627
-4.95882
-4.96128
-4.96381
-4.96685
-4.96949
-4.97249
-4.97569
-4.97849
-4.98163
-4.98465
-4.98772
-4.99051
-4.99379
-4.99709
-5.00026
-5.00315
-5.00635
-5.00956
-5.01292
-5.01614
-5.01935
-5.02241
-5.0256
-5.02863
-5.03195
-5.03539
-5.03896
-5.04219
-5.04524
-5.04841
-5.05138
-5.05431
-5.05689
-5.05971
-5.06219
-5.06536
-5.06787
-5.07017
-5.0727
-5.07547
-5.07801
-5.08048
-5.08288
-5.0849
-5.08713
-5.08929
-5.09136
-5.09319
-5.09479
-5.0966
-5.09786
-5.09904
-5.10088
-5.10232
-5.10397
-5.10492
-5.10622
-5.10713
-5.10779
-5.1085
-5.10911
-5.10977
-5.11004
-5.11051
-5.11043
-5.11056
-5.11043
-5.10991
-5.10975
-5.10919
-5.10884
-5.10825
-5.10757
-5.1068
-5.10594
-5.10515
-5.10412
-5.10316
-5.10257
-5.10145
-5.10041
-5.09914
-5.09795
-5.09639
-5.09521
-5.09382
-5.0922
-5.09038
-5.0888
-5.08685
-5.085
-5.08325
-5.08145
-5.07929
-5.07739
-5.07514
-5.07299
-5.07081
-5.06857
-5.0663
-5.06399
-5.06119
-5.05881
-5.05654
-5.05379
-5.0513
-5.04878
-5.04577
-5.04289
-5.04027
-5.03747
-5.03479
-5.03209
-5.02935
-5.02674
-5.0241
-5.02113
-5.01828
-5.01571
-5.01282
-5.00975
-5.00651
-5.0034
-5.00042
-4.99728
-4.99412
-4.9908
-4.98747
-4.98444
-4.9814
-4.97837
-4.97534
-4.97217
-4.96961
-4.96678
-4.96366
-4.96087
-4.95797
-4.95495
-4.95213
-4.94935
-4.94679
-4.94428
-4.942
-4.93979
-4.93705
-4.93471
-4.9326
-4.93059
-4.92823
-4.92628
-4.92443
-4.92271
-4.92095
-4.91946
-4.91825
-4.91717
-4.91621
-4.91539
-4.9144
-4.91369
-4.91281
-4.91237
-4.91191
-4.91157
-4.91137
-4.91128
-4.91177
-4.91193
-4.91235
-4.91303
-4.91382
-4.91471
-4.91539
-4.91647
-4.91733
-4.91873
-4.9196
-4.92084
-4.92169
-4.92306
-4.92448
-4.92595
-4.92731
-4.92887
-4.93016
-4.93223
-4.93388
-4.9357
-4.93754
-4.93925
-4.94096
-4.94253
-4.94456
-4.94628
-4.94801
-4.94958
-4.95129
-4.95269
-4.95438
-4.95591
-4.95727
-4.95907
-4.96056
-4.96232
-4.96376
-4.96503
-4.96689
-4.96826
-4.97007
-4.97171
-4.97302
-4.97431
-4.97557
-4.97696
-4.97833
-4.97983
-4.981
-4.98246
-4.98389
-4.98484
-4.98638
-4.98745
-4.98864
-4.98982
-4.99128
-4.99257
-4.9937
-4.99481
-4.99605
-4.99744
-4.99835
-4.99911
-4.99985
-5.00073
-5.0019
-5.00292
-5.00377
-5.00446
-5.00514
-5.00612
-5.00694
-5.00805
-5.009
-5.01025
-5.01119
-5.01212
-5.01288
-5.0138
-5.01455
-5.01544
-5.01633
-5.0175
-5.01822
-5.01891
-5.01945
-5.02012
-5.02093
-5.02157
-5.02264
-5.02355
-5.02398
-5.02469
-5.02523
-5.02574
-5.02669
-5.02745
-5.02773
-5.02798
-5.0285
-5.02914
-5.02975
-5.03002
-5.03041
-5.03091
-5.03122
-5.03135
-5.03173
-5.03193
-5.03209
-5.03191
-5.03215
-5.03219
-5.03205
-5.03218
-5.03227
-5.03172
-5.0319
-5.03175
-5.03112
-5.03091
-5.03084
-5.03075
-5.03033
-5.03021
-5.02977
-5.02978
-5.02948
-5.02934
-5.02904
-5.02875
-5.02832
-5.02806
-5.02766
-5.02743
-5.02723
-5.02721
-5.02737
-5.02711
-5.02659
-5.02657
-5.02673
-5.02649
-5.0263
-5.02646
-5.02698
-5.02725
-5.02757
-5.02779
-5.02822
-5.02886
-5.02956
-5.03016
-5.03097
-5.03183
-5.03245
-5.03327
-5.03354
-5.03462
-5.03559
-5.03647
-5.03754
-5.03866
-5.03967
-5.04087
-5.04196
-5.04339
-5.04425
-5.04546
-5.04684
-5.04825
-5.0494
-5.05117
-5.05252
-5.05434
-5.05634
-5.05776
-5.05949
-5.06065
-5.06242
-5.06421
-5.06556
-5.06707
-5.0686
-5.07029
-5.07214
-5.07414
-5.07601
-5.07773
-5.0793
-5.08117
-5.0829
-5.08478
-5.08681
-5.08839
-5.08997
-5.09169
-5.09341
-5.09528
-5.09729
-5.09915
-5.10054
-5.10207
-5.10405
-5.10556
-5.10751
-5.10914
-5.11076
-5.11236
-5.11379
-5.1152
-5.11675
-5.11857
-5.11977
-5.12125
-5.1224
-5.12398
-5.12538
-5.12691
-5.12826
-5.12973
-5.13087
-5.13228
-5.13351
-5.13456
-5.13587
-5.13716
-5.13811
-5.13903
-5.14021
-5.14136
-5.14233
-5.14326
-5.14401
-5.14502
-5.146
-5.14664
-5.14755
-5.14828
-5.14957
-5.15038
-5.15115
-5.15144
-5.15184
-5.15236
-5.15299
-5.15344
-5.15401
-5.15469
-5.15489
-5.15476
-5.15505
-5.1553
-5.15567
-5.15586
-5.15572
-5.1557
-5.15595
-5.15617
-5.15636
-5.15637
-5.1565
-5.1566
-5.15652
-5.15642
-5.15598
-5.15581
-5.15562
-5.15509
-5.155
-5.15487
-5.15457
-5.15409
-5.15343
-5.1532
-5.1525
-5.15207
-5.15161
-5.15128
-5.15078
-5.15056
-5.15016
-5.14974
-5.149
-5.14838
-5.14775
-5.14694
-5.14612
-5.14543
-5.14487
-5.14444
-5.14354
-5.14233
-5.14171
-5.14077
-5.13982
-5.13931
-5.13894
-5.1381
-5.13711
-5.13625
-5.13553
-5.13421
-5.13332
-5.13228
-5.13168
-5.13093
-5.12941
-5.12864
-5.12772
-5.12678
-5.12584
-5.12489
-5.12379
-5.12313
-5.12201
-5.12104
-5.12006
-5.11922
-5.11822
-5.11736
-5.11635
-5.11532
-5.11428
-5.11354
-5.11248
-5.11141
-5.11048
-5.10938
-5.10797
-5.107
-5.10587
-5.10442
-5.10311
-5.1021
-5.10061
-5.09956
-5.09851
-5.09729
-5.09591
-5.09482
-5.09387
-5.0926
-5.09119
-5.08991
-5.08878
-5.0878
-5.08636
-5.08491
-5.08347
-5.08232
-5.08087
-5.07958
-5.07859
-5.07731
-5.07602
-5.07475
-5.07348
-5.07252
-5.07142
-5.07048
-5.06925
-5.06788
-5.06652
-5.06518
-5.06399
-5.06298
-5.06197
-5.06113
-5.06016
-5.05889
-5.05749
-5.05626
-5.05518
-5.05413
-5.05293
-5.05175
-5.05088
-5.04957
-5.04888
-5.0479
-5.04693
-5.04597
-5.04488
-5.04379
-5.04287
-5.04227
-5.04138
-5.0405
-5.03993
-5.03893
-5.03825
-5.03773
-5.03663
-5.03569
-5.03508
-5.03434
-5.03392
-5.03322
-5.03269
-5.03204
-5.03142
-5.03082
-5.03025
-5.02956
-5.0289
-5.02857
-5.02873
-5.02832
-5.02794
-5.0276
-5.0273
-5.02688
-5.02649
-5.0263
-5.02584
-5.02541
-5.02533
-5.02543
-5.02542
-5.02559
-5.02595
-5.02573
-5.0257
-5.0257
-5.02633
-5.02624
-5.02632
-5.02642
-5.02685
-5.02715
-5.02732
-5.02765
-5.0274
-5.02791
-5.02829
-5.02867
-5.02891
-5.02931
-5.02986
-5.03026
-5.03067
-5.03122
-5.03177
-5.03216
-5.0324
-5.03249
-5.03302
-5.03294
-5.0333
-5.03365
-5.03385
-5.03433
-5.03481
-5.03482
-5.03528
-5.03557
-5.03601
-5.03643
-5.03655
-5.03665
-5.0369
-5.03699
-5.03738
-5.03777
-5.038
-5.03807
-5.0383
-5.03837
-5.0386
-5.03883
-5.03906
-5.03915
-5.03909
-5.03934
-5.03961
-5.03958
-5.03987
-5.04017
-5.04064
-5.04112
-5.04147
-5.04153
-5.04192
-5.04248
-5.0429
-5.04335
-5.04397
-5.04462
-5.04483
-5.04537
-5.04593
-5.04637
-5.04698
-5.04791
-5.04826
-5.04864
-5.04934
-5.05006
-5.05096
-5.05142
-5.05265
-5.05345
-5.05442
-5.05556
-5.05641
-5.05728
-5.05845
-5.05949
-5.06054
-5.06175
-5.06267
-5.06344
-5.06422
-5.0653
-5.06745
-5.06823
-5.06931
-5.07024
-5.07116
-5.07208
-5.0733
-5.07436
-5.07511
-5.07569
-5.07672
-5.07744
-5.0783
-5.07914
-5.08026
-5.08107
-5.08156
-5.08249
-5.08279
-5.08383
-5.08455
-5.0854
-5.08592
-5.08657
-5.08674
-5.08735
-5.08822
-5.08862
-5.08914
-5.08948
-5.0901
-5.09053
-5.09108
-5.09159
-5.09193
-5.09222
-5.09248
-5.09271
-5.09304
-5.09289
-5.093
-5.09291
-5.09263
-5.09292
-5.09301
-5.0929
-5.0926
-5.09255
-5.09246
-5.09247
-5.09213
-5.09159
-5.091
-5.09066
-5.08998
-5.08909
-5.08815
-5.08746
-5.08642
-5.08563
-5.08479
-5.08375
-5.08296
-5.08198
-5.08079
-5.07956
-5.07829
-5.07697
-5.07561
-5.07451
-5.07352
-5.07249
-5.07128
-5.06988
-5.06845
-5.06744
-5.0661
-5.06459
-5.06305
-5.06165
-5.05992
-5.05833
-5.05688
-5.05527
-5.05351
-5.05174
-5.05027
-5.0488
-5.04704
-5.04543
-5.04368
-5.04194
-5.04037
-5.03897
-5.03728
-5.03577
-5.03398
-5.03236
-5.03107
-5.02981
-5.02858
-5.02722
-5.02621
-5.02492
-5.02367
-5.0223
-5.02126
-5.02011
-5.01946
-5.01823
-5.01719
-5.01619
-5.01507
-5.01445
-5.01371
-5.013
-5.01218
-5.01185
-5.01079
-5.01008
-5.00955
-5.00905
-5.00858
-5.00845
-5.00759
-5.00722
-5.00673
-5.00627
-5.00583
-5.00557
-5.0052
-5.00454
-5.00407
-5.00392
-5.00365
-5.00341
-5.00289
-5.00285
-5.00269
-5.00255
-5.0026
-5.00298
-5.00293
-5.00291
-5.00292
-5.00311
-5.00303
-5.00328
-5.00356
-5.00358
-5.00409
-5.00418
-5.00476
-5.00538
-5.00589
-5.00629
-5.00658
-5.00707
-5.00745
-5.00803
-5.00865
-5.00978
-5.01081
-5.01159
-5.01227
-5.01315
-5.01394
-5.01464
-5.01554
-5.01634
-5.01735
-5.01873
-5.02031
-5.02164
-5.02318
-5.02463
-5.02613
-5.02798
-5.02974
-5.03155
-5.0334
-5.03485
-5.03679
-5.03863
-5.0405
-5.04257
-5.04451
-5.04603
-5.04804
-5.05037
-5.05226
-5.05433
-5.05655
-5.05879
-5.06088
-5.06297
-5.06535
-5.06758
-5.0695
-5.072
-5.07418
-5.07603
-5.07801
-5.08011
-5.08201
-5.08388
-5.0857
-5.08778
-5.08905
-5.09057
-5.09188
-5.09358
-5.09492
-5.09634
-5.0977
-5.09867
-5.09958
-5.10041
-5.10101
-5.10183
-5.10273
-5.10369
-5.10441
-5.1049
-5.10576
-5.10623
-5.10661
-5.1069
-5.10696
-5.10708
-5.10696
-5.10675
-5.10676
-5.10669
-5.10653
-5.10583
-5.1052
-5.10464
-5.10385
-5.10313
-5.10234
-5.10177
-5.10098
-5.09997
-5.09873
-5.09743
-5.09607
-5.09479
-5.09361
-5.09222
-5.09062
-5.08867
-5.08712
-5.08537
-5.08358
-5.08221
-5.08034
-5.07859
-5.0768
-5.07499
-5.07315
-5.07128
-5.06939
-5.06749
-5.06572
-5.06333
-5.06123
-5.05882
-5.05686
-5.05535
-5.05384
-5.05218
-5.05037
-5.04841
-5.04616
-5.04422
-5.04213
-5.04006
-5.0383
-5.0364
-5.03451
-5.03295
-5.03094
-5.02896
-5.02714
-5.0252
-5.02342
-5.02137
-5.01949
-5.01808
-5.0164
-5.01475
-5.01311
-5.01121
-5.00963
-5.00808
-5.00656
-5.00508
-5.00317
-5.00144
-5.00006
-4.99901
-4.99754
-4.99612
-4.99519
-4.99415
-4.99315
-4.9916
-4.99085
-4.99015
-4.9892
-4.98831
-4.98763
-4.9873
-4.98629
-4.98579
-4.98505
-4.98469
-4.98439
-4.98402
-4.98418
-4.98395
-4.98381
-4.98374
-4.98376
-4.9837
-4.98403
-4.9843
-4.98464
-4.98508
-4.98559
-4.9862
-4.98703
-4.98765
-4.98836
-4.98914
-4.99001
-4.99141
-4.99244
-4.9937
-4.99472
-4.99597
-4.99759
-4.99913
-5.00088
-5.0027
-5.00427
-5.00589
-5.00787
-5.0099
-5.01197
-5.01394
-5.01594
-5.01797
-5.01989
-5.02168
-5.02394
-5.02548
-5.02763
-5.02949
-5.03166
-5.03354
-5.03572
-5.03775
-5.04023
-5.04239
-5.04439
-5.04668
-5.04865
-5.05106
-5.05313
-5.05518
-5.05751
-5.05949
-5.06145
-5.06351
-5.06539
-5.06737
-5.06916
-5.07105
-5.07274
-5.07453
-5.07597
-5.07736
-5.07883
-5.08025
-5.08176
-5.0829
-5.08443
-5.08589
-5.08684
-5.08741
-5.08822
-5.0891
-5.08976
-5.0905
-5.09146
-5.09204
-5.0924
-5.09297
-5.09347
-5.09388
-5.09422
-5.09416
-5.09417
-5.0941
-5.09393
-5.09369
-5.09365
-5.09322
-5.09271
-5.09241
-5.09126
-5.09047
-5.08944
-5.08817
-5.0868
-5.0855
-5.0844
-5.08322
-5.08194
-5.08027
-5.07851
-5.07636
-5.07487
-5.07299
-5.07088
-5.06898
-5.06685
-5.06464
-5.06234
-5.05997
-5.05768
-5.05501
-5.05242
-5.04947
-5.04676
-5.04399
-5.04116
-5.03859
-5.03613
-5.03287
-5.02972
-5.0267
-5.02381
-5.02044
-5.01737
-5.01414
-5.01136
-5.00814
-5.00509
-5.00236
-4.9992
-4.99622
-4.99314
-4.9904
-4.98741
-4.98448
-4.98192
-4.97927
-4.97654
-4.97419
-4.97193
-4.9699
-4.96765
-4.9655
-4.96344
-4.96086
-4.95899
-4.95737
-4.95523
-4.95349
-4.95216
-4.95076
-4.94976
-4.94869
-4.94771
-4.94667
-4.94526
-4.94438
-4.94372
-4.94299
-4.94247
-4.94172
-4.94118
-4.9407
-4.94027
-4.93973
-4.93955
-4.93941
-4.93932
-4.93895
-4.93878
-4.93878
-4.93881
-4.93872
-4.93865
-4.9386
-4.93843
-4.93827
-4.93828
-4.9383
-4.93834
-4.9387
-4.93861
-4.93869
-4.93879
-4.93904
-4.93916
-4.93943
-4.93942
-4.93941
-4.93927
-4.93943
-4.93946
-4.93965
-4.94
-4.94051
-4.94088
-4.94111
-4.94135
-4.94174
-4.942
-4.94227
-4.94269
-4.94312
-4.94341
-4.9437
-4.94385
-4.94401
-4.94431
-4.94447
-4.94463
-4.94494
-4.94509
-4.94539
-4.94583
-4.94581
-4.94592
-4.94633
-4.94611
-4.94648
-4.94667
-4.94638
-4.94622
-4.94618
-4.94685
-4.94674
-4.94688
-4.94652
-4.94657
-4.94642
-4.94621
-4.94565
-4.94532
-4.94524
-4.94478
-4.94426
-4.94337
-4.94255
-4.94181
-4.94129
-4.9404
-4.93957
-4.93852
-4.93723
-4.93601
-4.93486
-4.93347
-4.932
-4.93045
-4.92882
-4.92711
-4.92531
-4.92374
-4.92149
-4.91901
-4.91706
-4.9152
-4.91311
-4.91126
-4.9089
-4.90648
-4.9037
-4.90147
-4.89875
-4.89629
-4.89394
-4.89126
-4.88825
-4.88537
-4.88262
-4.88001
-4.87725
-4.87464
-4.87173
-4.86899
-4.86597
-4.86344
-4.86063
-4.85818
-4.85577
-4.85327
-4.85084
-4.84834
-4.84621
-4.84388
-4.84164
-4.83906
-4.8372
-4.83546
-4.83384
-4.83191
-4.83058
-4.82984
-4.82881
-4.82795
-4.82724
-4.82671
-4.82651
-4.82648
-4.82618
-4.82667
-4.82689
-4.82775
-4.82865
-4.82958
-4.83115
-4.8326
-4.83408
-4.83573
-4.83756
-4.8391
-4.84171
-4.84402
-4.84634
-4.8488
-4.8517
-4.85443
-4.85743
-4.86009
-4.86331
-4.86678
-4.87018
-4.87351
-4.87692
-4.88053
-4.88435
-4.88807
-4.89166
-4.89574
-4.89953
-4.90333
-4.90653
-4.91033
-4.91427
-4.91773
-4.92147
-4.92532
-4.92898
-4.9326
-4.93616
-4.93982
-4.94342
-4.9465
-4.94981
-4.9532
-4.95652
-4.9596
-4.96291
-4.96567
-4.96866
-4.97125
-4.97361
-4.97587
-4.97835
-4.98059
-4.98305
-4.98526
-4.98739
-4.98957
-4.99152
-4.99339
-4.99502
-4.99702
-4.99864
-5.00033
-5.00149
-5.00318
-5.0045
-5.00574
-5.00692
-5.00819
-5.00924
-5.01023
-5.01117
-5.0119
-5.01259
-5.01337
-5.01441
-5.01526
-5.01562
-5.01624
-5.01683
-5.01753
-5.01821
-5.01871
-5.01903
-5.01979
-5.02038
-5.0208
-5.02165
-5.02219
-5.02272
-5.02339
-5.02375
-5.0241
-5.02475
-5.02525
-5.02544
-5.02638
-5.02672
-5.02705
-5.02754
-5.02757
-5.02776
-5.02809
-5.02858
-5.02877
-5.02957
-5.02946
-5.02981
-5.03031
-5.03051
-5.03087
-5.03122
-5.03142
-5.03178
-5.03198
-5.03218
-5.03253
-5.03272
-5.03306
-5.0334
-5.03374
-5.03377
-5.03409
-5.0341
-5.03456
-5.03441
-5.0347
-5.03528
-5.0354
-5.03565
-5.03589
-5.03642
-5.03648
-5.03698
-5.03731
-5.03763
-5.03793
-5.03821
-5.03801
-5.03825
-5.03817
-5.03792
-5.03795
-5.0381
-5.03779
-5.0376
-5.03754
-5.03776
-5.03766
-5.03768
-5.03753
-5.03706
-5.03702
-5.03696
-5.03672
-5.03647
-5.03604
-5.0359
-5.03544
-5.03527
-5.03478
-5.03473
-5.03421
-5.03398
-5.03345
-5.0329
-5.03295
-5.03285
-5.03199
-5.03173
-5.03133
-5.03108
-5.03038
-5.03
-5.02962
-5.02911
-5.02877
-5.02814
-5.02783
-5.0274
-5.02729
-5.02677
-5.02642
-5.02627
-5.02584
-5.02576
-5.02618
-5.02574
-5.0258
-5.02591
-5.02607
-5.02583
-5.02611
-5.02629
-5.02654
-5.02715
-5.02768
-5.02842
-5.02894
-5.02982
-5.03047
-5.0312
-5.03214
-5.03332
-5.03426
-5.03543
-5.03667
-5.03784
-5.03907
-5.04069
-5.04192
-5.04352
-5.04519
-5.04709
-5.04935
-5.05122
-5.05331
-5.05546
-5.05751
-5.05932
-5.06119
-5.06341
-5.06584
-5.06815
-5.07037
-5.07262
-5.07506
-5.07754
-5.08005
-5.08305
-5.08562
-5.08821
-5.09128
-5.09406
-5.09656
-5.09937
-5.10203
-5.10471
-5.10708
-5.10991
-5.11304
-5.11556
-5.11838
-5.12074
-5.12308
-5.12602
-5.12849
-5.13094
-5.13337
-5.13578
-5.13832
-5.14083
-5.14317
-5.14563
-5.1479
-5.15045
-5.15237
-5.15455
-5.15686
-5.15927
-5.16151
-5.1637
-5.16571
-5.16783
-5.16976
-5.17165
-5.17365
-5.17561
-5.17753
-5.17941
-5.18094
-5.18319
-5.18464
-5.18635
-5.18801
-5.18978
-5.19135
-5.19287
-5.19435
-5.19563
-5.19717
-5.1985
-5.20009
-5.20148
-5.20297
-5.20411
-5.20534
-5.20637
-5.2072
-5.20813
-5.20885
-5.20966
-5.21027
-5.21067
-5.21131
-5.21159
-5.21212
-5.21258
-5.21313
-5.21348
-5.21375
-5.21427
-5.21427
-5.21466
-5.21484
-5.21479
-5.21468
-5.21421
-5.21366
-5.21335
-5.21297
-5.21252
-5.2117
-5.21111
-5.21045
-5.20987
-5.20892
-5.20805
-5.20726
-5.20625
-5.20472
-5.20371
-5.20204
-5.2006
-5.19908
-5.19781
-5.19631
-5.19474
-5.19326
-5.19186
-5.1898
-5.18767
-5.18608
-5.18428
-5.18257
-5.18049
-5.17852
-5.17618
-5.17409
-5.17195
-5.1693
-5.16691
-5.16463
-5.16214
-5.15947
-5.1569
-5.154
-5.15121
-5.14824
-5.14584
-5.14327
-5.14037
-5.1373
-5.13467
-5.13217
-5.12997
-5.12715
-5.12433
-5.12136
-5.11854
-5.11572
-5.11246
-5.11012
-5.10735
-5.10459
-5.10216
-5.09945
-5.09678
-5.09398
-5.09153
-5.08896
-5.08674
-5.08427
-5.08184
-5.07977
-5.07746
-5.07314
-5.07086
-5.06864
-5.0665
-5.06427
-5.06271
-5.06109
-5.05984
-5.05791
-5.05666
-5.0552
-5.05412
-5.05296
-5.05159
-5.0503
-5.0497
-5.04843
-5.0477
-5.0469
-5.04619
-5.04586
-5.04531
-5.04455
-5.04386
-5.04327
-5.0432
-5.04307
-5.04302
-5.04319
-5.04345
-5.04378
-5.04388
-5.04421
-5.04461
-5.04508
-5.04532
-5.04593
-5.04645
-5.04703
-5.04768
-5.04869
-5.04975
-5.05087
-5.0519
-5.05267
-5.05364
-5.05481
-5.05632
-5.05758
-5.05902
-5.06035
-5.06187
-5.06356
-5.06499
-5.06689
-5.06822
-5.06957
-5.07124
-5.07277
-5.07417
-5.07573
-5.0773
-5.07918
-5.08091
-5.08265
-5.08438
-5.08582
-5.08725
-5.08897
-5.09054
-5.0924
-5.09379
-5.09517
-5.09654
-5.09819
-5.09967
-5.10114
-5.10273
-5.10431
-5.10571
-5.10724
-5.10844
-5.11007
-5.11137
-5.11265
-5.11375
-5.11513
-5.11617
-5.11735
-5.11804
-5.11886
-5.11965
-5.12073
-5.12162
-5.12249
-5.12319
-5.12432
-5.12512
-5.12606
-5.12667
-5.12832
-5.1292
-5.13022
-5.13107
-5.13145
-5.13212
-5.13324
-5.13389
-5.13544
-5.13623
-5.13686
-5.13734
-5.13811
-5.13889
-5.14011
-5.14058
-5.14135
-5.14273
-5.14365
-5.14458
-5.14551
-5.146
-5.14663
-5.14758
-5.14822
-5.14887
-5.14968
-5.15049
-5.1516
-5.15226
-5.15322
-5.15389
-5.1547
-5.15551
-5.15602
-5.15667
-5.15762
-5.15826
-5.15919
-5.15996
-5.16086
-5.1616
-5.16217
-5.16303
-5.16371
-5.16421
-5.16499
-5.16559
-5.16601
-5.1664
-5.1669
-5.16737
-5.16779
-5.16803
-5.16807
-5.16837
-5.16877
-5.16927
-5.16912
-5.16907
-5.16912
-5.16881
-5.1686
-5.16848
-5.16861
-5.16808
-5.16779
-5.16729
-5.16674
-5.16643
-5.16576
-5.16518
-5.1644
-5.16356
-5.16282
-5.16218
-5.16148
-5.16074
-5.15979
-5.1582
-5.15732
-5.15624
-5.15513
-5.15383
-5.15249
-5.15128
-5.15018
-5.14876
-5.14777
-5.14631
-5.14528
-5.14409
-5.14304
-5.14153
-5.14046
-5.13925
-5.13773
-5.13637
-5.13502
-5.13382
-5.13264
-5.13117
-5.12972
-5.12843
-5.12702
-5.12577
-5.12455
-5.12336
-5.12188
-5.12058
-5.11962
-5.11867
-5.11791
-5.11687
-5.11586
-5.11502
-5.11421
-5.11327
-5.11206
-5.11117
-5.11015
-5.10945
-5.10862
-5.10766
-5.10731
-5.10623
-5.10546
-5.10456
-5.10336
-5.10277
-5.10204
-5.10102
-5.10015
-5.09958
-5.09887
-5.09831
-5.09774
-5.09688
-5.09631
-5.09575
-5.09503
-5.09446
-5.09389
-5.09316
-5.09244
-5.09186
-5.09098
-5.09026
-5.08953
-5.08865
-5.08793
-5.08707
-5.08621
-5.08581
-5.08513
-5.08445
-5.08379
-5.08314
-5.08281
-5.08235
-5.08177
-5.0812
-5.08066
-5.0803
-5.07982
-5.07921
-5.07879
-5.0784
-5.07775
-5.07728
-5.07684
-5.07645
-5.07654
-5.07622
-5.07624
-5.07585
-5.07579
-5.07577
-5.07578
-5.07583
-5.07561
-5.07558
-5.07542
-5.07574
-5.0761
-5.07648
-5.07673
-5.077
-5.07729
-5.07775
-5.07807
-5.07901
-5.0792
-5.07956
-5.08022
-5.08074
-5.08111
-5.08133
-5.0817
-5.08177
-5.08229
-5.08282
-5.08319
-5.08341
-5.08348
-5.08354
-5.08407
-5.08459
-5.08512
-5.08521
-5.0856
-5.0863
-5.08687
-5.0873
-5.08744
-5.08776
-5.08856
-5.08877
-5.08932
-5.0896
-5.09022
-5.09087
-5.09171
-5.0926
-5.09398
-5.0948
-5.09567
-5.09644
-5.0974
-5.09857
-5.09963
-5.10074
-5.1022
-5.1034
-5.10449
-5.10592
-5.10724
-5.10875
-5.10998
-5.1114
-5.11284
-5.1143
-5.11592
-5.11726
-5.1189
-5.1204
-5.12174
-5.12323
-5.12486
-5.12632
-5.12776
-5.12903
-5.13043
-5.13164
-5.13342
-5.13486
-5.13596
-5.13731
-5.13847
-5.13958
-5.14048
-5.14133
-5.14242
-5.14346
-5.14444
-5.14536
-5.14621
-5.14716
-5.14774
-5.1484
-5.14855
-5.14893
-5.14909
-5.14919
-5.14968
-5.14964
-5.14984
-5.14952
-5.14943
-5.14943
-5.14937
-5.14878
-5.14859
-5.14832
-5.14785
-5.14715
-5.14654
-5.14587
-5.14469
-5.14435
-5.14334
-5.14257
-5.14159
-5.1407
-5.13946
-5.1383
-5.13739
-5.13612
-5.13464
-5.13341
-5.13198
-5.13064
-5.12895
-5.12736
-5.12557
-5.12404
-5.12246
-5.12068
-5.11917
-5.117
-5.11495
-5.11316
-5.11134
-5.10947
-5.10727
-5.1055
-5.10354
-5.1017
-5.09938
-5.09719
-5.09497
-5.09258
-5.09033
-5.0879
-5.0856
-5.08329
-5.08097
-5.07848
-5.07583
-5.07347
-5.07111
-5.06904
-5.06637
-5.06399
-5.06147
-5.05849
-5.05611
-5.05375
-5.05168
-5.04917
-5.04712
-5.04462
-5.04199
-5.03951
-5.03734
-5.03489
-5.0323
-5.03033
-5.02822
-5.02597
-5.02405
-5.02199
-5.02009
-5.01792
-5.01576
-5.01317
-5.01075
-5.0085
-5.00627
-5.00421
-5.00202
-4.99985
-4.99831
-4.99604
-4.99424
-4.9923
-4.9904
-4.98836
-4.98619
-4.98434
-4.98297
-4.98056
-4.97863
-4.97642
-4.97453
-4.97281
-4.97111
-4.96928
-4.96732
-4.96583
-4.96376
-4.96216
-4.96043
-4.95886
-4.95747
-4.95564
-4.95398
-4.95249
-4.95071
-4.94956
-4.94812
-4.94669
-4.94528
-4.94388
-4.94249
-4.94127
-4.93991
-4.93857
-4.93693
-4.93575
-4.93428
-4.93298
-4.93183
-4.9307
-4.92957
-4.92814
-4.92658
-4.92532
-4.92437
-4.92327
-4.92172
-4.92047
-4.91923
-4.91769
-4.9166
-4.9152
-4.91395
-4.91271
-4.9116
-4.91034
-4.90908
-4.90811
-4.90683
-4.90554
-4.90439
-4.90263
-4.90131
-4.89968
-4.89848
-4.89743
-4.8959
-4.89451
-4.8934
-4.89182
-4.89023
-4.88876
-4.88713
-4.88487
-4.88319
-4.88149
-4.88008
-4.87879
-4.87717
-4.87554
-4.87388
-4.87265
-4.8708
-4.86907
-4.86732
-4.86525
-4.86347
-4.86151
-4.85984
-4.85799
-4.85614
-4.85366
-4.85163
-4.84989
-4.84815
-4.84625
-4.84434
-4.84244
-4.84053
-4.83864
-4.8366
-4.83472
-4.833
-4.83116
-4.82934
-4.82769
-4.82577
-4.82433
-4.82279
-4.82128
-4.81967
-4.8178
-4.81613
-4.81468
-4.81313
-4.8118
-4.81069
-4.8095
-4.80854
-4.80765
-4.80686
-4.8063
-4.80537
-4.80485
-4.80427
-4.80378
-4.80355
-4.80327
-4.80325
-4.80333
-4.80368
-4.80413
-4.80455
-4.80507
-4.80541
-4.80601
-4.80656
-4.80738
-4.80816
-4.80935
-4.81064
-4.81189
-4.8137
-4.81485
-4.81625
-4.8179
-4.81979
-4.82147
-4.82339
-4.82509
-4.82702
-4.82918
-4.83141
-4.83355
-4.83577
-4.83819
-4.84038
-4.84307
-4.84565
-4.84799
-4.85097
-4.85368
-4.85644
-4.85922
-4.86172
-4.86486
-4.86786
-4.87058
-4.87331
-4.8762
-4.87909
-4.88184
-4.88504
-4.88793
-4.89097
-4.89369
-4.8964
-4.89925
-4.90222
-4.90518
-4.90796
-4.91071
-4.91329
-4.91598
-4.91879
-4.92127
-4.92355
-4.9261
-4.92845
-4.93151
-4.93408
-4.9366
-4.93877
-4.94103
-4.9431
-4.94541
-4.94751
-4.94941
-4.9514
-4.95334
-4.95536
-4.95718
-4.95908
-4.96062
-4.96224
-4.96381
-4.96516
-4.96659
-4.96811
-4.96926
-4.9702
-4.97122
-4.97233
-4.97337
-4.9745
-4.97541
-4.97596
-4.97644
-4.97701
-4.97751
-4.9781
-4.97878
-4.97925
-4.97965
-4.9803
-4.98058
-4.98095
-4.98112
-4.98138
-4.98143
-4.98188
-4.98182
-4.98171
-4.98185
-4.98164
-4.98108
-4.98107
-4.98087
-4.98062
-4.98002
-4.97984
-4.97916
-4.97874
-4.97829
-4.97765
-4.97683
-4.97597
-4.97522
-4.97445
-4.9738
-4.97282
-4.97211
-4.97168
-4.97122
-4.97014
-4.96934
-4.96852
-4.96753
-4.96653
-4.9655
-4.96446
-4.96294
-4.96172
-4.96079
-4.95999
-4.95903
-4.95791
-4.95723
-4.95579
-4.95479
-4.95364
-4.95248
-4.95101
-4.94998
-4.94866
-4.94733
-4.94645
-4.94541
-4.94423
-4.9435
-4.94201
-4.94099
-4.93966
-4.93849
-4.93732
-4.93631
-4.93546
-4.93416
-4.93273
-4.93146
-4.93036
-4.92927
-4.9279
-4.92685
-4.92583
-4.92468
-4.92371
-4.92293
-4.92232
-4.92115
-4.92047
-4.91953
-4.91879
-4.91795
-4.91731
-4.91672
-4.91619
-4.91602
-4.91577
-4.91528
-4.91487
-4.91484
-4.91443
-4.91425
-4.91431
-4.91461
-4.915
-4.91534
-4.91547
-4.916
-4.91648
-4.91722
-4.91746
-4.91827
-4.91933
-4.92051
-4.92179
-4.92364
-4.92516
-4.92633
-4.92791
-4.92976
-4.93172
-4.93409
-4.93626
-4.93854
-4.94092
-4.94341
-4.94599
-4.94866
-4.95143
-4.95428
-4.95676
-4.95993
-4.96287
-4.96588
-4.96911
-4.97255
-4.97605
-4.97944
-4.98304
-4.98607
-4.98959
-4.99284
-4.99642
-4.99956
-5.00333
-5.00695
-5.01058
-5.01436
-5.01783
-5.0219
-5.02535
-5.02893
-5.03233
-5.03617
-5.03936
-5.04298
-5.04656
-5.04994
-5.05328
-5.05657
-5.05966
-5.06316
-5.06659
-5.06997
-5.07313
-5.07609
-5.07897
-5.08195
-5.08471
-5.0874
-5.09002
-5.09257
-5.0949
-5.09747
-5.09981
-5.10193
-5.10398
-5.10596
-5.10786
-5.1097
-5.11207
-5.11421
-5.11554
-5.11739
-5.11933
-5.12045
-5.12225
-5.12399
-5.1255
-5.1268
-5.12803
-5.12919
-5.13014
-5.13147
-5.13259
-5.13319
-5.13418
-5.1348
-5.13536
-5.13585
-5.13643
-5.13695
-5.13755
-5.13808
-5.13855
-5.13896
-5.13915
-5.13928
-5.13903
-5.13903
-5.13896
-5.13852
-5.13846
-5.13835
-5.13801
-5.13746
-5.13684
-5.1363
-5.13539
-5.13487
-5.13414
-5.13349
-5.13292
-5.13198
-5.13113
-5.13022
-5.12939
-5.12819
-5.12663
-5.12531
-5.12377
-5.12232
-5.12111
-5.11983
-5.11805
-5.1165
-5.11459
-5.11277
-5.1109
-5.10882
-5.10668
-5.10463
-5.10268
-5.10052
-5.09846
-5.09634
-5.09402
-5.09179
-5.08876
-5.08643
-5.08359
-5.08116
-5.07837
-5.07568
-5.07309
-5.07029
-5.06745
-5.06456
-5.06176
-5.05892
-5.05603
-5.05309
-5.0501
-5.04676
-5.04337
-5.03994
-5.03662
-5.03325
-5.02969
-5.02624
-5.0229
-5.01968
-5.01596
-5.01237
-5.00874
-5.00524
-5.00202
-4.99862
-4.99521
-4.99148
-4.98789
-4.98414
-4.98054
-4.97709
-4.97334
-4.96991
-4.96604
-4.9622
-4.95868
-4.9549
-4.9513
-4.94745
-4.94395
-4.9405
-4.93727
-4.93381
-4.93073
-4.92743
-4.92451
-4.92185
-4.91838
-4.91561
-4.91297
-4.91074
-4.90818
-4.90575
-4.90345
-4.90144
-4.89973
-4.89801
-4.89643
-4.89547
-4.8942
-4.89355
-4.8926
-4.89212
-4.89135
-4.89089
-4.89075
-4.89032
-4.89021
-4.89071
-4.89077
-4.89114
-4.89253
-4.89396
-4.89522
-4.89661
-4.89781
-4.89928
-4.90055
-4.90194
-4.90388
-4.90593
-4.90792
-4.91015
-4.91218
-4.91443
-4.91647
-4.91889
-4.92153
-4.92408
-4.92655
-4.92938
-4.93212
-4.93521
-4.93775
-4.94048
-4.9434
-4.94651
-4.9498
-4.95282
-4.95557
-4.95849
-4.96157
-4.96498
-4.96794
-4.97107
-4.9742
-4.97763
-4.98077
-4.9836
-4.98687
-4.99029
-4.9931
-4.99604
-4.99882
-5.00203
-5.00508
-5.0081
-5.01125
-5.01407
-5.01717
-5.02009
-5.02313
-5.02599
-5.02867
-5.03146
-5.03437
-5.0371
-5.03979
-5.04245
-5.04552
-5.04796
-5.05035
-5.05271
-5.05519
-5.05748
-5.05988
-5.06209
-5.06442
-5.06671
-5.06912
-5.07104
-5.07323
-5.07524
-5.07752
-5.07931
-5.08137
-5.08386
-5.08602
-5.088
-5.09011
-5.09189
-5.09379
-5.09567
-5.09768
-5.09952
-5.10118
-5.10253
-5.10461
-5.10637
-5.10765
-5.10953
-5.11108
-5.11247
-5.11429
-5.11565
-5.11728
-5.11875
-5.12111
-5.12285
-5.12412
-5.12567
-5.12736
-5.12902
-5.13066
-5.13229
-5.13358
-5.13516
-5.13641
-5.13779
-5.13914
-5.14061
-5.14236
-5.14363
-5.14457
-5.14577
-5.14664
-5.14733
-5.14844
-5.14966
-5.151
-5.152
-5.15296
-5.15403
-5.15537
-5.15636
-5.15746
-5.15792
-5.15848
-5.1593
-5.15992
-5.16065
-5.16118
-5.16136
-5.16104
-5.16143
-5.16162
-5.16207
-5.16231
-5.1625
-5.16234
-5.16258
-5.16262
-5.16246
-5.16254
-5.16273
-5.16271
-5.16279
-5.16236
-5.16203
-5.1618
-5.16152
-5.16103
-5.16049
-5.16004
-5.1597
-5.1593
-5.1584
-5.1573
-5.15599
-5.15524
-5.15444
-5.15328
-5.15223
-5.15098
-5.14998
-5.14879
-5.14755
-5.14627
-5.14495
-5.14328
-5.14187
-5.14088
-5.13986
-5.13835
-5.1368
-5.13522
-5.13346
-5.13213
-5.13047
-5.12879
-5.12723
-5.12521
-5.12348
-5.12157
-5.11981
-5.11819
-5.11672
-5.11524
-5.11346
-5.11183
-5.1099
-5.10813
-5.10637
-5.10461
-5.10272
-5.101
-5.09929
-5.0979
-5.09638
-5.09488
-5.09295
-5.0915
-5.08978
-5.08794
-5.08643
-5.08495
-5.0835
-5.08254
-5.08117
-5.07937
-5.07807
-5.07649
-5.07541
-5.07407
-5.07292
-5.0715
-5.07042
-5.06892
-5.06807
-5.0671
-5.06601
-5.06496
-5.06424
-5.06356
-5.0623
-5.06183
-5.06093
-5.06006
-5.05952
-5.059
-5.05865
-5.05818
-5.05756
-5.05666
-5.05623
-5.05565
-5.05509
-5.05408
-5.05352
-5.05312
-5.05257
-5.05217
-5.05176
-5.05135
-5.05062
-5.04989
-5.0493
-5.04854
-5.04777
-5.04728
-5.04663
-5.04596
-5.04557
-5.04502
-5.04429
-5.04354
-5.04276
-5.04227
-5.04145
-5.04015
-5.03929
-5.03809
-5.03718
-5.03624
-5.03512
-5.03489
-5.03402
-5.03313
-5.0319
-5.0308
-5.02952
-5.02836
-5.02717
-5.02579
-5.02453
-5.02324
-5.02221
-5.0207
-5.01944
-5.0177
-5.01636
-5.01483
-5.01356
-5.01194
-5.00983
-5.00841
-5.0068
-5.00499
-5.00282
-5.0012
-4.99922
-4.99719
-4.99525
-4.9931
-4.99074
-4.98847
-4.98599
-4.98345
-4.98085
-4.97835
-4.97578
-4.973
-4.97017
-4.96728
-4.96448
-4.96163
-4.95843
-4.95578
-4.95263
-4.94944
-4.94636
-4.94338
-4.94068
-4.93749
-4.93426
-4.93117
-4.92791
-4.92432
-4.92088
-4.91698
-4.91353
-4.91024
-4.9071
-4.90383
-4.90059
-4.89751
-4.89432
-4.89102
-4.88761
-4.88409
-4.88094
-4.87814
-4.87526
-4.87275
-4.86957
-4.86677
-4.86435
-4.86157
-4.85934
-4.85721
-4.85488
-4.85295
-4.85083
-4.84898
-4.84784
-4.84651
-4.845
-4.84346
-4.84219
-4.84118
-4.8406
-4.83999
-4.83949
-4.83881
-4.83809
-4.83764
-4.8373
-4.83707
-4.83741
-4.83724
-4.83687
-4.83691
-4.83719
-4.83742
-4.83773
-4.83843
-4.83921
-4.83976
-4.84054
-4.84139
-4.84216
-4.84343
-4.84416
-4.84524
-4.84667
-4.84784
-4.84905
-4.8503
-4.85112
-4.85227
-4.85299
-4.85433
-4.85568
-4.85673
-4.85824
-4.8599
-4.86126
-4.86275
-4.86408
-4.86554
-4.86683
-4.86779
-4.86918
-4.87038
-4.8717
-4.87297
-4.87405
-4.87524
-4.87592
-4.87685
-4.87818
-4.87884
-4.8796
-4.88029
-4.88076
-4.88131
-4.88195
-4.88221
-4.88285
-4.88297
-4.883
-4.88311
-4.8833
-4.8831
-4.88358
-4.88322
-4.88263
-4.88197
-4.88153
-4.88101
-4.88056
-4.87989
-4.87899
-4.87802
-4.87714
-4.87603
-4.87517
-4.8741
-4.87297
-4.87239
-4.87147
-4.8705
-4.86935
-4.86786
-4.86665
-4.86558
-4.86418
-4.86264
-4.86064
-4.8591
-4.85788
-4.85623
-4.85491
-4.85394
-4.85241
-4.85138
-4.85041
-4.84921
-4.84809
-4.84735
-4.8464
-4.84568
-4.84492
-4.84456
-4.84401
-4.84387
-4.84323
-4.84302
-4.84307
-4.84355
-4.84369
-4.8444
-4.84493
-4.84557
-4.84617
-4.84689
-4.84816
-4.84954
-4.85072
-4.85199
-4.85335
-4.85494
-4.85661
-4.85806
-4.85957
-4.86159
-4.86337
-4.86505
-4.86677
-4.86838
-4.87032
-4.87244
-4.87443
-4.87613
-4.87814
-4.88016
-4.88172
-4.88389
-4.88559
-4.88758
-4.8897
-4.89165
-4.89313
-4.89488
-4.89644
-4.89828
-4.90023
-4.90198
-4.90325
-4.90462
-4.90625
-4.90783
-4.90906
-4.91039
-4.91166
-4.91304
-4.91436
-4.91532
-4.91684
-4.91784
-4.91909
-4.92012
-4.92156
-4.92248
-4.92334
-4.92444
-4.92549
-4.92587
-4.92634
-4.92721
-4.92787
-4.92846
-4.92885
-4.92903
-4.92916
-4.92907
-4.92878
-4.92935
-4.9297
-4.92986
-4.92996
-4.93001
-4.92971
-4.92922
-4.92913
-4.929
-4.92882
-4.92861
-4.9282
-4.92745
-4.92667
-4.92646
-4.92576
-4.92504
-4.92428
-4.92365
-4.92315
-4.92247
-4.92177
-4.92075
-4.92031
-4.91956
-4.91849
-4.91742
-4.91663
-4.91583
-4.91502
-4.91406
-4.91309
-4.91226
-4.91098
-4.91015
-4.90932
-4.90863
-4.90764
-4.9068
-4.90612
-4.90483
-4.90384
-4.90285
-4.90201
-4.90103
-4.90004
-4.89936
-4.89867
-4.89723
-4.89655
-4.89572
-4.89503
-4.89434
-4.8935
-4.89296
-4.89226
-4.89141
-4.89071
-4.88999
-4.88913
-4.8884
-4.88767
-4.88663
-4.88573
-4.88498
-4.88421
-4.88343
-4.8825
-4.8817
-4.88044
-4.87962
-4.87848
-4.87779
-4.87663
-4.87576
-4.87488
-4.87368
-4.87262
-4.87185
-4.87107
-4.87012
-4.86931
-4.86834
-4.86706
-4.86607
-4.86492
-4.8636
-4.86243
-4.86141
-4.86052
-4.85918
-4.85799
-4.85664
-4.85559
-4.8547
-4.85365
-4.8526
-4.85156
-4.85068
-4.84935
-4.84818
-4.84717
-4.84617
-4.84519
-4.84392
-4.84296
-4.84218
-4.84142
-4.84052
-4.83995
-4.83895
-4.83797
-4.83702
-4.83625
-4.83519
-4.83432
-4.83347
-4.8325
-4.83202
-4.83096
-4.82977
-4.82907
-4.8284
-4.82776
-4.82714
-4.8267
-4.82599
-4.8253
-4.8251
-4.82447
-4.82386
-4.82342
-4.82301
-4.82276
-4.82194
-4.82174
-4.82155
-4.82109
-4.82048
-4.8202
-4.81993
-4.81952
-4.81912
-4.81874
-4.81852
-4.81847
-4.81812
-4.81778
-4.81776
-4.8179
-4.81774
-4.81745
-4.81717
-4.81691
-4.81711
-4.81702
-4.8171
-4.81735
-4.81716
-4.817
-4.81685
-4.81703
-4.81708
-4.81746
-4.81741
-4.81725
-4.81727
-4.81747
-4.81756
-4.81769
-4.81771
-4.81793
-4.81804
-4.81896
-4.81993
-4.8205
-4.82127
-4.82181
-4.82255
-4.8235
-4.82421
-4.82545
-4.82644
-4.82766
-4.82879
-4.82969
-4.83095
-4.83245
-4.83386
-4.83534
-4.83704
-4.83866
-4.84019
-4.84195
-4.84362
-4.8455
-4.8476
-4.84961
-4.85183
-4.85411
-4.85689
-4.85927
-4.86155
-4.86417
-4.86668
-4.86908
-4.87137
-4.87383
-4.87647
-4.87898
-4.88151
-4.8842
-4.8866
-4.88871
-4.89097
-4.89337
-4.89563
-4.89832
-4.901
-4.90337
-4.90586
-4.90893
-4.91137
-4.91362
-4.916
-4.91803
-4.92032
-4.92287
-4.92508
-4.92723
-4.92933
-4.93169
-4.93353
-4.93547
-4.93735
-4.93918
-4.94094
-4.94265
-4.94429
-4.94587
-4.94754
-4.949
-4.9504
-4.9519
-4.95333
-4.95456
-4.95573
-4.957
-4.95807
-4.95909
-4.96006
-4.96115
-4.96188
-4.96289
-4.96371
-4.96465
-4.96496
-4.96615
-4.96642
-4.96683
-4.96767
-4.96866
-4.9695
-4.97048
-4.97101
-4.97154
-4.97163
-4.97233
-4.97274
-4.97362
-4.97451
-4.97527
-4.97634
-4.97698
-4.97764
-4.97802
-4.97886
-4.97942
-4.9803
-4.98134
-4.98194
-4.98255
-4.98362
-4.98395
-4.98458
-4.98551
-4.98675
-4.98783
-4.9886
-4.98951
-4.99041
-4.99114
-4.99201
-4.99286
-4.99369
-4.99496
-4.99559
-4.99635
-4.99708
-4.99763
-4.99845
-4.99894
-4.99956
-5.00014
-5.00115
-5.00152
-5.00216
-5.00232
-5.0026
-5.00301
-5.00354
-5.00374
-5.00422
-5.00438
-5.00467
-5.00478
-5.00548
-5.00542
-5.00563
-5.00539
-5.00573
-5.00607
-5.00639
-5.00656
-5.00673
-5.00673
-5.00689
-5.00735
-5.00751
-5.00766
-5.00782
-5.00799
-5.00815
-5.00817
-5.00849
-5.00867
-5.00885
-5.00934
-5.00938
-5.00973
-5.01009
-5.01
-5.01006
-5.01058
-5.0108
-5.01103
-5.0111
-5.01118
-5.01141
-5.01178
-5.01201
-5.01208
-5.01214
-5.0125
-5.01316
-5.01305
-5.01323
-5.01339
-5.01385
-5.01399
-5.01411
-5.0142
-5.01443
-5.01478
-5.01481
-5.01495
-5.01446
-5.01454
-5.01443
-5.01444
-5.01471
-5.01403
-5.01376
-5.0133
-5.01293
-5.01252
-5.01206
-5.01139
-5.01096
-5.01048
-5.00994
-5.00965
-5.00899
-5.00796
-5.00717
-5.00647
-5.0057
-5.00457
-5.00336
-5.00209
-5.00075
-4.99979
-4.99846
-4.99661
-4.99545
-4.99437
-4.99263
-4.99096
-4.98878
-4.98668
-4.98467
-4.9826
-4.98046
-4.97797
-4.97542
-4.97311
-4.97061
-4.96805
-4.96544
-4.96294
-4.96025
-4.95751
-4.9549
-4.95209
-4.94896
-4.94625
-4.94383
-4.94124
-4.93863
-4.93571
-4.93309
-4.93032
-4.9274
-4.92463
-4.92203
-4.9193
-4.91675
-4.91406
-4.91126
-4.9088
-4.90622
-4.90339
-4.90106
-4.89834
-4.89673
-4.89428
-4.89189
-4.88973
-4.88765
-4.88549
-4.88357
-4.88174
-4.88015
-4.8785
-4.87696
-4.87536
-4.87341
-4.87217
-4.8712
-4.87048
-4.86928
-4.86864
-4.86812
-4.86742
-4.86729
-4.86728
-4.86709
-4.86671
-4.86677
-4.86694
-4.86739
-4.86796
-4.86805
-4.86856
-4.86949
-4.8704
-4.87097
-4.87195
-4.87305
-4.87442
-4.8756
-4.87734
-4.87934
-4.88099
-4.88491
-4.88717
-4.88923
-4.89168
-4.89376
-4.89593
-4.89864
-4.90128
-4.90399
-4.90678
-4.90964
-4.91271
-4.91585
-4.9189
-4.92201
-4.92501
-4.92807
-4.93133
-4.93432
-4.93751
-4.94104
-4.94444
-4.94803
-4.95149
-4.95498
-4.95879
-4.96246
-4.96599
-4.96984
-4.97323
-4.97679
-4.98004
-4.98344
-4.98699
-4.99053
-4.99391
-4.99697
-5.00032
-5.00411
-5.00757
-5.01116
-5.01443
-5.01812
-5.02132
-5.02434
-5.02733
-5.03074
-5.03365
-5.03697
-5.04025
-5.04318
-5.04636
-5.04934
-5.05227
-5.05514
-5.05811
-5.06056
-5.0631
-5.06588
-5.06859
-5.07109
-5.07336
-5.0754
-5.07752
-5.07971
-5.08153
-5.08326
-5.08505
-5.08646
-5.08808
-5.08931
-5.0909
-5.0924
-5.09395
-5.09541
-5.09661
-5.09756
-5.09902
-5.09992
-5.10056
-5.1011
-5.10214
-5.10246
-5.10283
-5.1031
-5.10295
-5.10345
-5.10354
-5.10292
-5.1028
-5.10227
-5.10164
-5.10135
-5.10051
-5.09956
-5.09912
-5.09828
-5.09643
-5.09525
-5.09442
-5.0929
-5.09144
-5.08975
-5.08812
-5.08671
-5.08522
-5.08306
-5.08082
-5.07897
-5.07705
-5.07492
-5.07257
-5.07063
-5.06818
-5.06613
-5.06389
-5.0616
-5.05913
-5.05661
-5.05407
-5.05165
-5.0489
-5.04628
-5.04379
-5.04128
-5.03861
-5.03577
-5.03293
-5.03038
-5.02753
-5.02467
-5.02151
-5.01896
-5.01641
-5.01356
-5.01071
-5.00817
-5.00564
-5.00296
-5.0003
-4.99809
-4.99513
-4.99234
-4.99031
-4.98753
-4.9843
-4.98139
-4.97863
-4.97587
-4.97328
-4.97069
-4.96825
-4.96566
-4.96308
-4.9605
-4.95777
-4.9552
-4.95262
-4.94974
-4.94686
-4.94473
-4.942
-4.93957
-4.93698
-4.93455
-4.9318
-4.9289
-4.92645
-4.924
-4.9214
-4.91879
-4.91617
-4.9137
-4.91123
-4.90861
-4.90598
-4.9032
-4.90026
-4.89762
-4.89483
-4.89219
-4.88955
-4.88691
-4.88426
-4.88177
-4.87897
-4.87617
-4.87307
-4.87057
-4.86777
-4.86497
-4.86216
-4.8592
-4.8564
-4.85404
-4.85138
-4.84887
-4.84651
-4.84369
-4.84133
-4.83926
-4.83704
-4.83406
-4.83137
-4.82884
-4.8263
-4.82345
-4.8206
-4.81789
-4.81488
-4.81202
-4.8093
-4.80674
-4.80402
-4.80115
-4.79873
-4.79586
-4.79314
-4.79043
-4.78772
-4.78517
-4.78248
-4.7798
-4.77758
-4.77493
-4.77214
-4.76983
-4.76784
-4.76527
-4.76289
-4.76068
-4.7582
-4.75577
-4.75337
-4.75131
-4.749
-4.74659
-4.74438
-4.74223
-4.73998
-4.73795
-4.73613
-4.73408
-4.7324
-4.73049
-4.72897
-4.72768
-4.72601
-4.72474
-4.72355
-4.72201
-4.72071
-4.71951
-4.71856
-4.71801
-4.71727
-4.71678
-4.71625
-4.71569
-4.71538
-4.7152
-4.71528
-4.71532
-4.71534
-4.71548
-4.71574
-4.71673
-4.71724
-4.71818
-4.71925
-4.72059
-4.72192
-4.72352
-4.7248
-4.72622
-4.72851
-4.73019
-4.73229
-4.73452
-4.73658
-4.73877
-4.74109
-4.74368
-4.7461
-4.74879
-4.7516
-4.75453
-4.75774
-4.76091
-4.76434
-4.76773
-4.77139
-4.77514
-4.77885
-4.78282
-4.78687
-4.79132
-4.79556
-4.80003
-4.80413
-4.80891
-4.81375
-4.81821
-4.82289
-4.82746
-4.83239
-4.83706
-4.84177
-4.84682
-4.8519
-4.85684
-4.86166
-4.86663
-4.87192
-4.8769
-4.88187
-4.88684
-4.89179
-4.89671
-4.90116
-4.90603
-4.9107
-4.91549
-4.92053
-4.92506
-4.92939
-4.93395
-4.93845
-4.94303
-4.94769
-4.95212
-4.95617
-4.96043
-4.96476
-4.96839
-4.97253
-4.97612
-4.97977
-4.98346
-4.98675
-4.98993
-4.99346
-4.99688
-4.99974
-5.00248
-5.00526
-5.00808
-5.01109
-5.01368
-5.01555
-5.01791
-5.01986
-5.02229
-5.02386
-5.02546
-5.02695
-5.02862
-5.03019
-5.03164
-5.03298
-5.03436
-5.03564
-5.0365
-5.03727
-5.03792
-5.03863
-5.03894
-5.03929
-5.03925
-5.03927
-5.03905
-5.03843
-5.03818
-5.03815
-5.03804
-5.0383
-5.03804
-5.0377
-5.03729
-5.03696
-5.03627
-5.03566
-5.03469
-5.03397
-5.03304
-5.03221
-5.03118
-5.0301
-5.02883
-5.02767
-5.02647
-5.02508
-5.02395
-5.02234
-5.02101
-5.01949
-5.01795
-5.01654
-5.0154
-5.01364
-5.01202
-5.01068
-5.00917
-5.0075
-5.00596
-5.00427
-5.00241
-5.00085
-4.99928
-4.99771
-4.99583
-4.99394
-4.99251
-4.99108
-4.98935
-4.98763
-4.9859
-4.98418
-4.98247
-4.98122
-4.97983
-4.97799
-4.97662
-4.97511
-4.97376
-4.97258
-4.97111
-4.96921
-4.96763
-4.96622
-4.96484
-4.96347
-4.96167
-4.9599
-4.95875
-4.95748
-4.95624
-4.95487
-4.95383
-4.95251
-4.95093
-4.94982
-4.9486
-4.94755
-4.94653
-4.94554
-4.94458
-4.94364
-4.94304
-4.94217
-4.94132
-4.9402
-4.93955
-4.93878
-4.93803
-4.93746
-4.93676
-4.93622
-4.93571
-4.93491
-4.93413
-4.93366
-4.93291
-4.93232
-4.93174
-4.93101
-4.93044
-4.92988
-4.92931
-4.92875
-4.92819
-4.92762
-4.9269
-4.92648
-4.9259
-4.92546
-4.92485
-4.92454
-4.92422
-4.92357
-4.92277
-4.92194
-4.9211
-4.92039
-4.91996
-4.91922
-4.9186
-4.91796
-4.91715
-4.91632
-4.91577
-4.91489
-4.91369
-4.91293
-4.91184
-4.91088
-4.91005
-4.9092
-4.90803
-4.90698
-4.90608
-4.90485
-4.90391
-4.90295
-4.90212
-4.90128
-4.90013
-4.89897
-4.89794
-4.89691
-4.89587
-4.89437
-4.89316
-4.89195
-4.89119
-4.88997
-4.88906
-4.88784
-4.88632
-4.88511
-4.88361
-4.88226
-4.88122
-4.88034
-4.87917
-4.87802
-4.87673
-4.8756
-4.8745
-4.87327
-4.87145
-4.87073
-4.86942
-4.8683
-4.86766
-4.86691
-4.86649
-4.86551
-4.86472
-4.86368
-4.86268
-4.86233
-4.86173
-4.86134
-4.861
-4.86086
-4.86034
-4.85987
-4.85962
-4.85958
-4.85961
-4.85956
-4.85958
-4.85936
-4.85937
-4.85991
-4.86007
-4.86045
-4.86106
-4.86175
-4.86267
-4.86336
-4.86428
-4.86528
-4.86605
-4.8672
-4.86827
-4.86927
-4.87049
-4.87193
-4.87314
-4.87473
-4.87592
-4.87734
-4.87911
-4.8808
-4.88255
-4.8842
-4.88621
-4.88812
-4.88993
-4.89194
-4.89384
-4.89578
-4.89806
-4.89992
-4.90196
-4.90419
-4.90644
-4.90871
-4.91101
-4.91317
-4.91519
-4.91738
-4.91988
-4.92223
-4.92489
-4.9274
-4.9296
-4.93211
-4.9346
-4.93693
-4.93925
-4.94155
-4.94369
-4.9458
-4.94819
-4.95026
-4.9526
-4.95475
-4.95687
-4.95896
-4.96086
-4.96271
-4.96453
-4.9666
-4.96803
-4.9694
-4.97148
-4.97336
-4.97488
-4.97665
-4.9782
-4.9797
-4.98129
-4.98236
-4.98322
-4.98446
-4.98564
-4.98644
-4.98748
-4.98845
-4.98934
-4.99016
-4.99121
-4.99219
-4.99263
-4.993
-4.99389
-4.99441
-4.99469
-4.99505
-4.99488
-4.99477
-4.9949
-4.99479
-4.99445
-4.99433
-4.99398
-4.99325
-4.99305
-4.99232
-4.99166
-4.99092
-4.99011
-4.98908
-4.98797
-4.98694
-4.98583
-4.98496
-4.98387
-4.98226
-4.98104
-4.97961
-4.97765
-4.97609
-4.97463
-4.9728
-4.97092
-4.96944
-4.9676
-4.96572
-4.96394
-4.96197
-4.96025
-4.9585
-4.95625
-4.95382
-4.95165
-4.94915
-4.94693
-4.94483
-4.9427
-4.9404
-4.93838
-4.93634
-4.93398
-4.93222
-4.92984
-4.92685
-4.92445
-4.92159
-4.91889
-4.91663
-4.91423
-4.91183
-4.90943
-4.90674
-4.90437
-4.902
-4.8995
-4.89716
-4.89484
-4.89254
-4.89011
-4.88831
-4.88609
-4.88404
-4.88187
-4.87973
-4.87763
-4.87602
-4.87399
-4.8717
-4.86975
-4.86769
-4.86598
-4.86417
-4.8624
-4.86038
-4.85887
-4.85711
-4.85555
-4.85404
-4.8526
-4.85121
-4.85033
-4.84891
-4.84725
-4.8464
-4.84516
-4.84399
-4.84303
-4.84198
-4.841
-4.84023
-4.83923
-4.83829
-4.83756
-4.83705
-4.83645
-4.83607
-4.8356
-4.8355
-4.83546
-4.83517
-4.8351
-4.83524
-4.83529
-4.8357
-4.83571
-4.83608
-4.8362
-4.83653
-4.83691
-4.83719
-4.83752
-4.83805
-4.83862
-4.83939
-4.8402
-4.8406
-4.84134
-4.84227
-4.84309
-4.84409
-4.84528
-4.84604
-4.84714
-4.84795
-4.8485
-4.84982
-4.85071
-4.85146
-4.85254
-4.85379
-4.85504
-4.85631
-4.85759
-4.85872
-4.86016
-4.86131
-4.86261
-4.86375
-4.8649
-4.86619
-4.86732
-4.86845
-4.87002
-4.87128
-4.87238
-4.87361
-4.87452
-4.87602
-4.8772
-4.87806
-4.8789
-4.88031
-4.88126
-4.88217
-4.88336
-4.88423
-4.88506
-4.88571
-4.88649
-4.88724
-4.8878
-4.88879
-4.88944
-4.88977
-4.89036
-4.89078
-4.89132
-4.89183
-4.89261
-4.89322
-4.89365
-4.89451
-4.89489
-4.89495
-4.89514
-4.89561
-4.89561
-4.89574
-4.89602
-4.89643
-4.89683
-4.89707
-4.89716
-4.8974
-4.89763
-4.89771
-4.8978
-4.89835
-4.89905
-4.89917
-4.89899
-4.89973
-4.90019
-4.90066
-4.901
-4.90137
-4.9022
-4.90276
-4.90319
-4.90365
-4.90412
-4.90493
-4.90561
-4.90647
-4.90644
-4.9066
-4.90707
-4.90773
-4.90855
-4.90925
-4.90951
-4.91009
-4.9107
-4.91161
-4.9124
-4.91319
-4.91384
-4.91481
-4.91564
-4.91677
-4.91746
-4.91845
-4.9193
-4.92015
-4.92115
-4.92185
-4.92256
-4.92326
-4.92396
-4.9248
-4.92595
-4.92649
-4.92733
-4.92787
-4.92825
-4.92893
-4.92991
-4.93074
-4.93171
-4.93223
-4.93276
-4.93403
-4.9347
-4.93522
-4.9362
-4.93686
-4.93768
-4.93866
-4.93963
-4.94045
-4.94096
-4.94163
-4.94259
-4.9437
-4.94451
-4.94531
-4.94596
-4.9469
-4.94752
-4.94799
-4.9486
-4.94904
-4.94962
-4.95034
-4.95088
-4.9514
-4.95205
-4.95268
-4.95313
-4.9537
-4.95424
-4.95459
-4.95521
-4.95565
-4.95619
-4.95594
-4.9567
-4.95712
-4.95719
-4.95737
-4.9575
-4.95727
-4.95746
-4.95759
-4.95767
-4.9577
-4.95693
-4.95687
-4.9566
-4.95599
-4.95594
-4.9557
-4.95541
-4.95493
-4.95442
-4.95386
-4.95358
-4.95297
-4.95234
-4.95183
-4.951
-4.95045
-4.94975
-4.94919
-4.94877
-4.94805
-4.94779
-4.94708
-4.94623
-4.94554
-4.94471
-4.94421
-4.94357
-4.94296
-4.94238
-4.94213
-4.9413
-4.94095
-4.94049
-4.93976
-4.93967
-4.93946
-4.93928
-4.93884
-4.93859
-4.93882
-4.93864
-4.93818
-4.93806
-4.93781
-4.93774
-4.9377
-4.93768
-4.93768
-4.93771
-4.93759
-4.9381
-4.93817
-4.9381
-4.93789
-4.93844
-4.93854
-4.93879
-4.93905
-4.93915
-4.9394
-4.93949
-4.93973
-4.93996
-4.94018
-4.9404
-4.94029
-4.94033
-4.94035
