1.09913
1.09608
1.09061
1.08241
1.07102
1.05586
1.03623
1.01134
0.980428
0.942851
0.898313
0.847141
0.790579
0.730919
0.671424
0.615894
0.567903
0.530132
0.503949
0.489338
0.485177
0.489614
0.500464
0.515512
0.532758
0.550542
0.567583
0.582991
0.59625
0.607147
0.615672
0.621943
0.626074
0.628122
0.628072
0.6259
0.621649
0.615506
0.607858
0.599299
0.590549
0.582407
0.575714
0.57123
0.569529
0.570807
0.574765
0.580663
0.587544
0.594463
0.600641
0.605529
0.608778
0.610256
0.610019
0.608351
0.605712
0.6027
0.59994
0.597955
0.597093
0.597453
0.598906
0.601163
0.603861
0.606635
0.609162
0.611179
0.612471
0.612868
0.612218
0.610421
0.607417
0.603251
0.598139
0.592486
0.586888
0.581963
0.578153
0.575577
0.574003
0.573027
0.572287
0.571545
0.57065
0.569456
0.567768
0.565416
0.562417
0.559039
0.555768
0.553178
0.551763
0.551818
0.55339
0.55629
0.560161
0.56457
0.569046
0.573127
0.576388
0.578433
0.578968
0.577838
0.575111
0.571083
0.566249
0.561204
0.556542
0.552721
0.550018
0.548499
0.548091
0.548661
0.55006
0.552164
0.554867
0.558067
0.561619
0.565251
0.568554
0.571023
0.572218
0.571994
0.570671
0.569046
0.568236
0.569305
0.572896
0.579021
0.587044
0.595918
0.604477
0.611748
0.61714
0.620506
0.622078
0.622349
0.621886
0.621192
0.620584
0.620135
0.619713
0.619081
0.617954
0.616073
0.613293
0.609631
0.605282
0.600614
0.596079
0.592157
0.589172
0.58722
0.586135
0.585556
0.585106
0.584541
0.583834
0.583166
0.582844
0.583232
0.584627
0.587186
0.590867
0.595388
0.60026
0.604849
0.608469
0.610493
0.610452
0.60814
0.603731
0.597795
0.591206
0.584883
0.579505
0.575299
0.572063
0.569374
0.566897
0.5646
0.562796
0.562023
0.562815
0.565477
0.569878
0.575451
0.581336
0.586644
0.590668
0.593015
0.593634
0.592735
0.590703
0.587944
0.584813
0.581515
0.57815
0.574819
0.571657
0.568923
0.567007
0.566345
0.567348
0.570295
0.575229
0.581909
0.589818
0.598258
0.606453
0.613658
0.619269
0.62287
0.624227
0.623278
0.620144
0.615102
0.608589
0.601205
0.593614
0.586477
0.58036
0.575604
0.572301
0.570308
0.569311
0.568961
0.568966
0.569171
0.569548
0.570165
0.571135
0.572536
0.57436
0.576462
0.578603
0.580476
0.581791
0.582349
0.582073
0.581029
0.579423
0.577584
0.575875
0.574638
0.574123
0.574439
0.575525
0.577174
0.579058
0.58079
0.582034
0.582557
0.582279
0.581272
0.579726
0.577863
0.575879
0.573877
0.571897
0.569931
0.567975
0.566052
0.564205
0.56248
0.560903
0.55948
0.558231
0.557194
0.556472
0.556216
0.556612
0.557839
0.559964
0.562926
0.566514
0.57039
0.574197
0.577637
0.580535
0.58286
0.584663
0.58603
0.587045
0.587755
0.588203
0.588519
0.588954
0.589891
0.591696
0.594519
0.598172
0.60216
0.605872
0.608718
0.610231
0.610099
0.608076
0.603985
0.597756
0.589488
0.579582
0.568834
0.558423
0.549728
0.543998
0.541948
0.543531
0.547938
0.55388
0.55995
0.56493
0.567927
0.568469
0.566505
0.562357
0.556642
0.550175
0.543826
0.538357
0.534336
0.532056
0.531549
0.532635
0.535017
0.538316
0.54211
0.545993
0.549604
0.552694
0.555133
0.556922
0.558153
0.558966
0.559492
0.559798
0.559779
0.559141
0.557475
0.554414
0.549832
0.543941
0.537289
0.530651
0.524875
0.520695
0.518613
0.518824
0.521195
0.525307
0.530552
0.536238
0.541675
0.546296
0.54968
0.551607
0.552074
0.551312
0.549765
0.547997
0.54658
0.545995
0.546573
0.548481
0.551805
0.556543
0.562581
0.569717
0.577637
0.585926
0.59411
0.601701
0.608267
0.613479
0.617116
0.619072
0.619326
0.617948
0.615112
0.611118
0.606351
0.601259
0.596275
0.591693
0.58762
0.583957
0.580449
0.57682
0.572907
0.568729
0.564462
0.560335
0.556536
0.553097
0.549899
0.546735
0.543436
0.539999
0.5366
0.533624
0.531553
0.530812
0.531621
0.533927
0.53748
0.541971
0.547161
0.552939
0.559344
0.566474
0.574405
0.583118
0.592447
0.602088
0.611566
0.620328
0.627825
0.633591
0.637343
0.639044
0.638867
0.637132
0.634166
0.630192
0.625243
0.619165
0.611708
0.60263
0.591818
0.579438
0.566026
0.552508
0.540117
0.530168
0.523783
0.521576
0.523487
0.528836
0.536557
0.545497
0.554641
0.563228
0.570738
0.576813
0.581224
0.583897
0.584933
0.58462
0.583415
0.581844
0.580375
0.579269
0.578576
0.578126
0.577625
0.576772
0.575368
0.573329
0.570702
0.567606
0.564138
0.560332
0.556138
0.55148
0.54635
0.540874
0.535332
0.530161
0.525874
0.522967
0.521763
0.522345
0.524553
0.528041
0.532424
0.53738
0.542691
0.548208
0.553853
0.559529
0.565107
0.570415
0.575257
0.579413
0.582694
0.584924
0.585977
0.585778
0.584239
0.581292
0.576888
0.571031
0.563829
0.555486
0.546359
0.536943
0.527795
0.519453
0.512368
0.506852
0.503092
0.501158
0.50106
0.502774
0.506204
0.511157
0.517309
0.524204
0.531318
0.538124
0.544175
0.549178
0.552981
0.555527
0.55683
0.556896
0.555709
0.553264
0.549629
0.544981
0.539651
0.534086
0.528818
0.524347
0.521054
0.519152
0.518702
0.519641
0.521799
0.524971
0.528878
0.53312
0.53719
0.540536
0.542682
0.543336
0.542462
0.540258
0.537089
0.533419
0.529737
0.526519
0.52418
0.523021
0.523194
0.52466
0.527166
0.530317
0.533698
0.53702
0.540215
0.543414
0.54684
0.55065
0.554785
0.558999
0.562929
0.566206
0.568542
0.569786
0.569954
0.569205
0.567785
0.565925
0.563812
0.561544
0.559172
0.556694
0.554061
0.551167
0.547898
0.544151
0.53989
0.535143
0.529978
0.524524
0.518938
0.513389
0.508026
0.502949
0.498196
0.49379
0.489785
0.486269
0.483341
0.481075
0.479491
0.478551
0.47815
0.478152
0.478467
0.47908
0.480064
0.481521
0.4835
0.485964
0.488791
0.491795
0.494804
0.497719
0.500618
0.503725
0.507405
0.512035
0.517843
0.524787
0.532505
0.540371
0.547657
0.55368
0.557942
0.560156
0.56026
0.558385
0.554753
0.54966
0.54346
0.536558
0.529394
0.52243
0.516129
0.510886
0.506988
0.50454
0.503479
0.503607
0.504672
0.506418
0.508621
0.511113
0.513755
0.516459
0.519216
0.522102
0.525217
0.528618
0.53226
0.535947
0.539343
0.54204
0.543631
0.543814
0.542453
0.539631
0.53564
0.530902
0.525889
0.521033
0.516681
0.513045
0.510195
0.50807
0.506512
0.505302
0.504177
0.502876
0.501191
0.498991
0.496262
0.493131
0.489847
0.486724
0.484094
0.482243
0.481324
0.481367
0.482296
0.484048
0.486583
0.489897
0.493989
0.498777
0.504087
0.509652
0.515158
0.520328
0.52498
0.529076
0.532716
0.536128
0.53959
0.543361
0.547603
0.552312
0.557293
0.562202
0.566601
0.570063
0.572284
0.573145
0.572733
0.571347
0.569462
0.56765
0.566472
0.566391
0.567677
0.57035
0.574188
0.578798
0.583745
0.588625
0.593134
0.597067
0.600233
0.602421
0.603381
0.602851
0.600613
0.596565
0.590804
0.583655
0.575691
0.567656
0.560348
0.554467
0.550422
0.548231
0.547617
0.548179
0.549565
0.551523
0.553888
0.556453
0.558878
0.560803
0.561981
0.562365
0.562143
0.56164
0.561258
0.56134
0.562117
0.563666
0.565896
0.568585
0.571457
0.57429
0.576961
0.579455
0.581844
0.584264
0.586846
0.589677
0.592783
0.596091
0.599412
0.602482
0.604972
0.606529
0.606792
0.605439
0.602284
0.597327
0.590789
0.583151
0.575102
0.567402
0.560777
0.55572
0.552438
0.55084
0.550605
0.551307
0.552519
0.553906
0.555255
0.556516
0.557767
0.559164
0.560934
0.563282
0.56633
0.570039
0.574133
0.578084
0.5812
0.582768
0.582223
0.579275
0.574049
0.567165
0.559688
0.552928
0.548076
0.545793
0.546022
0.548196
0.551644
0.555942
0.560967
0.566728
0.573149
0.579894
0.586415
0.592063
0.596272
0.598669
0.599127
0.597754
0.594826
0.590679
0.585614
0.579826
0.573379
0.566193
0.558242
0.549685
0.541034
0.533141
0.527057
0.523742
0.523784
0.527243
0.533662
0.542241
0.552007
0.561942
0.571116
0.578767
0.584388
0.587757
0.588954
0.588296
0.586281
0.583463
0.580361
0.577348
0.57462
0.572205
0.570003
0.567889
0.565817
0.56388
0.562309
0.561379
0.56132
0.562216
0.563999
0.566498
0.569545
0.57302
0.576877
0.581089
0.585601
0.590257
0.594816
0.598974
0.602381
0.604695
0.605609
0.604867
0.602303
0.597871
0.59164
0.583785
0.574572
0.56432
0.55342
0.542336
0.531645
0.522104
0.514614
0.510076
0.509166
0.512038
0.518201
0.52662
0.53599
0.545095
0.552991
0.559096
0.563169
0.565251
0.565615
0.564709
0.563066
0.561167
0.559312
0.557561
0.555756
0.553634
0.550951
0.547567
0.543455
0.538734
0.533669
0.528701
0.52444
0.521654
0.521117
0.523408
0.528673
0.536506
0.545992
0.55593
0.565124
0.572622
0.577829
0.580509
0.580721
0.578747
0.575038
0.57016
0.564788
0.559657
0.555518
0.552993
0.552493
0.55412
0.557649
0.562588
0.5683
0.574141
0.57953
0.584027
0.587348
0.589359
0.590077
0.589645
0.58834
0.58654
0.58466
0.583081
0.582029
0.58151
0.581306
0.581069
0.580515
0.579636
0.578802
0.578646
0.57971
0.582104
0.585405
0.588963
0.592248
0.595022
0.59724
0.598859
0.599733
0.599647
0.598432
0.596053
0.592588
0.588203
0.583065
0.577266
0.570791
0.563549
0.555437
0.546412
0.536591
0.526293
0.516036
0.506456
0.498224
0.491934
0.488017
0.486725
0.488109
0.492028
0.498183
0.506103
0.515186
0.524729
0.534014
0.542373
0.549248
0.554241
0.557172
0.558111
0.557493
0.556122
0.555128
0.5557
0.558636
0.563982
0.570991
0.578444
0.585143
0.590257
0.593451
0.594853
0.594893
0.594048
0.592697
0.590962
0.588718
0.585668
0.581461
0.57583
0.568698
0.560251
0.550945
0.541444
0.532496
0.524797
0.518815
1.09913
1.09608
1.09061
1.08241
1.07102
1.05586
1.03623
1.01134
0.980428
0.942851
0.898313
0.847141
0.790579
0.730919
0.671424
0.615894
0.567903
0.530132
0.503949
0.489338
0.485177
0.489614
0.500464
0.515512
0.532758
0.550542
0.567583
0.582991
0.59625
0.607147
0.615672
0.621943
0.626074
0.628122
0.628072
0.6259
0.621649
0.615506
0.607858
0.599299
0.590549
0.582407
0.575714
0.57123
0.569529
0.570807
0.574765
0.580663
0.587544
0.594463
0.600641
0.605529
0.608778
0.610256
0.610019
0.608351
0.605712
0.6027
0.59994
0.597955
0.597093
0.597453
0.598906
0.601163
0.603861
0.606635
0.609162
0.611179
0.612471
0.612868
0.612218
0.610421
0.607417
0.603251
0.598139
0.592486
0.586888
0.581963
0.578153
0.575577
0.574003
0.573027
0.572287
0.571545
0.57065
0.569456
0.567768
0.565416
0.562417
0.559039
0.555768
0.553178
0.551763
0.551818
0.55339
0.55629
0.560161
0.56457
0.569046
0.573127
0.576388
0.578433
0.578968
0.577838
0.575111
0.571083
0.566249
0.561204
0.556542
0.552721
0.550018
0.548499
0.548091
0.548661
0.55006
0.552164
0.554867
0.558067
0.561619
0.565251
0.568554
0.571023
0.572218
0.571994
0.570671
0.569046
0.568236
0.569305
0.572896
0.579021
0.587044
0.595918
0.604477
0.611748
0.61714
0.620506
0.622078
0.622349
0.621886
0.621192
0.620584
0.620135
0.619713
0.619081
0.617954
0.616073
0.613293
0.609631
0.605282
0.600614
0.596079
0.592157
0.589172
0.58722
0.586135
0.585556
0.585106
0.584541
0.583834
0.583166
0.582844
0.583232
0.584627
0.587186
0.590867
0.595388
0.60026
0.604849
0.608469
0.610493
0.610452
0.60814
0.603731
0.597795
0.591206
0.584883
0.579505
0.575299
0.572063
0.569374
0.566897
0.5646
0.562796
0.562023
0.562815
0.565477
0.569878
0.575451
0.581336
0.586644
0.590668
0.593015
0.593634
0.592735
0.590703
0.587944
0.584813
0.581515
0.57815
0.574819
0.571657
0.568923
0.567007
0.566345
0.567348
0.570295
0.575229
0.581909
0.589818
0.598258
0.606453
0.613658
0.619269
0.62287
0.624227
0.623278
0.620144
0.615102
0.608589
0.601205
0.593614
0.586477
0.58036
0.575604
0.572301
0.570308
0.569311
0.568961
0.568966
0.569171
0.569548
0.570165
0.571135
0.572536
0.57436
0.576462
0.578603
0.580476
0.581791
0.582349
0.582073
0.581029
0.579423
0.577584
0.575875
0.574638
0.574123
0.574439
0.575525
0.577174
0.579058
0.58079
0.582034
0.582557
0.582279
0.581272
0.579726
0.577863
0.575879
0.573877
0.571897
0.569931
0.567975
0.566052
0.564205
0.56248
0.560903
0.55948
0.558231
0.557194
0.556472
0.556216
0.556612
0.557839
0.559964
0.562926
0.566514
0.57039
0.574197
0.577637
0.580535
0.58286
0.584663
0.58603
0.587045
0.587755
0.588203
0.588519
0.588954
0.589891
0.591696
0.594519
0.598172
0.60216
0.605872
0.608718
0.610231
0.610099
0.608076
0.603985
0.597756
0.589488
0.579582
0.568834
0.558423
0.549728
0.543998
0.541948
0.543531
0.547938
0.55388
0.55995
0.56493
0.567927
0.568469
0.566505
0.562357
0.556642
0.550175
0.543826
0.538357
0.534336
0.532056
0.531549
0.532635
0.535017
0.538316
0.54211
0.545993
0.549604
0.552694
0.555133
0.556922
0.558153
0.558966
0.559492
0.559798
0.559779
0.559141
0.557475
0.554414
0.549832
0.543941
0.537289
0.530651
0.524875
0.520695
0.518613
0.518824
0.521195
0.525307
0.530552
0.536238
0.541675
0.546296
0.54968
0.551607
0.552074
0.551312
0.549765
0.547997
0.54658
0.545995
0.546573
0.548481
0.551805
0.556543
0.562581
0.569717
0.577637
0.585926
0.59411
0.601701
0.608267
0.613479
0.617116
0.619072
0.619326
0.617948
0.615112
0.611118
0.606351
0.601259
0.596275
0.591693
0.58762
0.583957
0.580449
0.57682
0.572907
0.568729
0.564462
0.560335
0.556536
0.553097
0.549899
0.546735
0.543436
0.539999
0.5366
0.533624
0.531553
0.530812
0.531621
0.533927
0.53748
0.541971
0.547161
0.552939
0.559344
0.566474
0.574405
0.583118
0.592447
0.602088
0.611566
0.620328
0.627825
0.633591
0.637343
0.639044
0.638867
0.637132
0.634166
0.630192
0.625243
0.619165
0.611708
0.60263
0.591818
0.579438
0.566026
0.552508
0.540117
0.530168
0.523783
0.521576
0.523487
0.528836
0.536557
0.545497
0.554641
0.563228
0.570738
0.576813
0.581224
0.583897
0.584933
0.58462
0.583415
0.581844
0.580375
0.579269
0.578576
0.578126
0.577625
0.576772
0.575368
0.573329
0.570702
0.567606
0.564138
0.560332
0.556138
0.55148
0.54635
0.540874
0.535332
0.530161
0.525874
0.522967
0.521763
0.522345
0.524553
0.528041
0.532424
0.53738
0.542691
0.548208
0.553853
0.559529
0.565107
0.570415
0.575257
0.579413
0.582694
0.584924
0.585977
0.585778
0.584239
0.581292
0.576888
0.571031
0.563829
0.555486
0.546359
0.536943
0.527795
0.519453
0.512368
0.506852
0.503092
0.501158
0.50106
0.502774
0.506204
0.511157
0.517309
0.524204
0.531318
0.538124
0.544175
0.549178
0.552981
0.555527
0.55683
0.556896
0.555709
0.553264
0.549629
0.544981
0.539651
0.534086
0.528818
0.524347
0.521054
0.519152
0.518702
0.519641
0.521799
0.524971
0.528878
0.53312
0.53719
0.540536
0.542682
0.543336
0.542462
0.540258
0.537089
0.533419
0.529737
0.526519
0.52418
0.523021
0.523194
0.52466
0.527166
0.530317
0.533698
0.53702
0.540215
0.543414
0.54684
0.55065
0.554785
0.558999
0.562929
0.566206
0.568542
0.569786
0.569954
0.569205
0.567785
0.565925
0.563812
0.561544
0.559172
0.556694
0.554061
0.551167
0.547898
0.544151
0.53989
0.535143
0.529978
0.524524
0.518938
0.513389
0.508026
0.502949
0.498196
0.49379
0.489785
0.486269
0.483341
0.481075
0.479491
0.478551
0.47815
0.478152
0.478467
0.47908
0.480064
0.481521
0.4835
0.485964
0.488791
0.491795
0.494804
0.497719
0.500618
0.503725
0.507405
0.512035
0.517843
0.524787
0.532505
0.540371
0.547657
0.55368
0.557942
0.560156
0.56026
0.558385
0.554753
0.54966
0.54346
0.536558
0.529394
0.52243
0.516129
0.510886
0.506988
0.50454
0.503479
0.503607
0.504672
0.506418
0.508621
0.511113
0.513755
0.516459
0.519216
0.522102
0.525217
0.528618
0.53226
0.535947
0.539343
0.54204
0.543631
0.543814
0.542453
0.539631
0.53564
0.530902
0.525889
0.521033
0.516681
0.513045
0.510195
0.50807
0.506512
0.505302
0.504177
0.502876
0.501191
0.498991
0.496262
0.493131
0.489847
0.486724
0.484094
0.482243
0.481324
0.481367
0.482296
0.484048
0.486583
0.489897
0.493989
0.498777
0.504087
0.509652
0.515158
0.520328
0.52498
0.529076
0.532716
0.536128
0.53959
0.543361
0.547603
0.552312
0.557293
0.562202
0.566601
0.570063
0.572284
0.573145
0.572733
0.571347
0.569462
0.56765
0.566472
0.566391
0.567677
0.57035
0.574188
0.578798
0.583745
0.588625
0.593134
0.597067
0.600233
0.602421
0.603381
0.602851
0.600613
0.596565
0.590804
0.583655
0.575691
0.567656
0.560348
0.554467
0.550422
0.548231
0.547617
0.548179
0.549565
0.551523
0.553888
0.556453
0.558878
0.560803
0.561981
0.562365
0.562143
0.56164
0.561258
0.56134
0.562117
0.563666
0.565896
0.568585
0.571457
0.57429
0.576961
0.579455
0.581844
0.584264
0.586846
0.589677
0.592783
0.596091
0.599412
0.602482
0.604972
0.606529
0.606792
0.605439
0.602284
0.597327
0.590789
0.583151
0.575102
0.567402
0.560777
0.55572
0.552438
0.55084
0.550605
0.551307
0.552519
0.553906
0.555255
0.556516
0.557767
0.559164
0.560934
0.563282
0.56633
0.570039
0.574133
0.578084
0.5812
0.582768
0.582223
0.579275
0.574049
0.567165
0.559688
0.552928
0.548076
0.545793
0.546022
0.548196
0.551644
0.555942
0.560967
0.566728
0.573149
0.579894
0.586415
0.592063
0.596272
0.598669
0.599127
0.597754
0.594826
0.590679
0.585614
0.579826
0.573379
0.566193
0.558242
0.549685
0.541034
0.533141
0.527057
0.523742
0.523784
0.527243
0.533662
0.542241
0.552007
0.561942
0.571116
0.578767
0.584388
0.587757
0.588954
0.588296
0.586281
0.583463
0.580361
0.577348
0.57462
0.572205
0.570003
0.567889
0.565817
0.56388
0.562309
0.561379
0.56132
0.562216
0.563999
0.566498
0.569545
0.57302
0.576877
0.581089
0.585601
0.590257
0.594816
0.598974
0.602381
0.604695
0.605609
0.604867
0.602303
0.597871
0.59164
0.583785
0.574572
0.56432
0.55342
0.542336
0.531645
0.522104
0.514614
0.510076
0.509166
0.512038
0.518201
0.52662
0.53599
0.545095
0.552991
0.559096
0.563169
0.565251
0.565615
0.564709
0.563066
0.561167
0.559312
0.557561
0.555756
0.553634
0.550951
0.547567
0.543455
0.538734
0.533669
0.528701
0.52444
0.521654
0.521117
0.523408
0.528673
0.536506
0.545992
0.55593
0.565124
0.572622
0.577829
0.580509
0.580721
0.578747
0.575038
0.57016
0.564788
0.559657
0.555518
0.552993
0.552493
0.55412
0.557649
0.562588
0.5683
0.574141
0.57953
0.584027
0.587348
0.589359
0.590077
0.589645
0.58834
0.58654
0.58466
0.583081
0.582029
0.58151
0.581306
0.581069
0.580515
0.579636
0.578802
0.578646
0.57971
0.582104
0.585405
0.588963
0.592248
0.595022
0.59724
0.598859
0.599733
0.599647
0.598432
0.596053
0.592588
0.588203
0.583065
0.577266
0.570791
0.563549
0.555437
0.546412
0.536591
0.526293
0.516036
0.506456
0.498224
0.491934
0.488017
0.486725
0.488109
0.492028
0.498183
0.506103
0.515186
0.524729
0.534014
0.542373
0.549248
0.554241
0.557172
0.558111
0.557493
0.556122
0.555128
0.5557
0.558636
0.563982
0.570991
0.578444
0.585143
0.590257
0.593451
0.594853
0.594893
0.594048
0.592697
0.590962
0.588718
0.585668
0.581461
0.57583
0.568698
0.560251
0.550945
0.541444
0.532496
0.524797
0.518815
